# Created by Octave 3.8.1, Tue Feb 17 14:38:52 2015 GMT <seb@PSY0001622>
# name: cort_blur_fov_lim_cos_bump_exp_radius
# type: matrix
# rows: 50
# columns: 50
 -0 -0 -0 -0 -0 -0 -0 -0 -0 -0 -0 -0 0 0 0 0 0 0 0 0 0 0 0 0 0 0 0 0 0 0 0 0 0 0 0 0 0 0 0 0 0 0 0 0 0 0 0 0 0 0
 -0 -0 -0 -0 -0 -0 -0 -0 -0 -0 -0 -0 0 0 0 0 0 0 0 0 0 0 0 0 0 0 0 0 0 0 0 0 0 0 0 0 0 0 0 0 0 0 0 0 0 0 0 0 0 0
 -0 -0 -0 -0 -0 -0 -0 -0 -0 -0 -0 -0 0 0 0 0 0 0 0 0 0 0 0 0 0 0 0 0 0 0 0 0 0 0 0 0 0 0 0 0 0 0 0 0 0 0 0 0 0 0
 -0 -0 -0 -0 -0 -0 -0 -0 -0 -0 -0 -0 0 0 0 0 0 0 0 0 0 0 0 0 0 0 0 0 0 0 0 0 0 0 0 0 0 0 0 0 0 0 0 0 0 0 0 0 0 0
 -0 -0 -0 -0 -0 -0 -0 -0 -0 -0 -0 -0 0 0 0 0 0 0 0 0 0 0 0 0 0 0 0 0 0 0 0 0 0 0 0 0 0 0 0 0 0 0 0 0 0 0 0 0 0 0
 -0 -0 -0 -0 -0 -0 -0 -0 -0 -0 -0 -0 0 0 0 0 0 0 0 0 0 0 0 0 0 0 0 0 0 0 0 0 0 0 0 0 0 0 0 0 0 0 0 0 0 0 0 0 0 0
 -0 -0 -0 -0 -0 -0 -0 -0 -0 -0 -0 -0 0 0 0 0 0 0 0 0 0 0 0 0 0 0 0 0 0 0 0 0 0 0 0 0 0 0 0 0 0 0 0 0 0 0 0 0 0 0
 -0 -0 -0 -0 -0 -0 -0 -0 -0 -0 -0 -0 0 0 0 0 0 0 0 0 0 0 0 0 0 0 0 0 0 0 0 0 0 0 0 0 0 0 0 0 0 0 0 0 0 0 0 0 0 0
 -0 -0 -0 -0 -0 -0 -0 -0 -0 -0 -0 -0 0 0 0 0 0 0 0 0 0 0 0 0 0 0 0 0 0 0 0 0 0 0 0 0 0 0 0 0 0 0 0 0 0 0 0 0 0 0
 -0 -0 -0 -0 -0 -0 -0 -0 -0 -0 -0 -0 0 0 0 0 0 0 0 0 0 0 0 0 0 0 0 0 0 0 0 0 0 0 0 0 0 0 0 0 0 0 0 0 0 0 0 0 0 0
 -0 -0 -0 -0 -0 -0 -0 -0 -0 -0 -0 -0 0 0 0 0 0 0 0 0 0 0 0 0 0 0 0 0 0 0 0 0 0 0 0 0 0 0 0 0 0 0 0 0 0 0 0 0 0 0
 -0 -0 -0 -0 -0 -0 -0 -0 -0 -0 -0 -0 0 0 0 0 0 0 0 0 0 0 0 0 0 0 0 0 0 0 0 0 0 0 0 0 0 0 0 0 0 0 0 0 0 0 0 0 0 0
 -0 -0 -0 -0 -0 -0 -0 -0 -0 -0 -0 -0 0 0 0 0 0 0 0 0 0 0 0 0 0 0 0 0 0 0 0 0 0 0 0 0 0 0 0 0 0 0 0 0 0 0 0 0 0 0
 -0 -0 -0 -0 -0 -0 -0 -0 -0 -0 -0 -0 0 0 0 0 0 0 0 0 0 0 0 0 0 0 0 0 0 0 0 0 0 0 0 0 0 0 0 0 0 0 0 0 0 0 0 0 0 0
 -0 -0 -0 -0 -0 -0 -0 -0 -0 -0 -0 -0 0 0 0 0 0 0 0 0 0 0 0 0 0 0 0 0 0 0 0 0 0 0 0 0 0 0 0 0 0 0 0 0 0 0 0 0 0 0
 -0 -0 -0 -0 -0 -0 -0 -0 -0 -0 -0 -0 0 0 0 0 0 0 0 0 0 0 0 0 0 0 0 0 0 0 0 0 0 0 0 0 0 0 0 0 0 0 0 0 0 0 0 0 0 0
 -0 -0 -0 -0 -0 -0 -0 -0 -0 -0 -0 -0 0 0 0 0 0 0 0 0 0 0 0 0 0 0 0 0 0 0 0 0 0 0 0 0 0 0 0 0 0 0 0 0 0 0 0 0 0 0
 -0 -0 -0 -0 -0 -0 -0 -0 -0 -0 -0 -0 0 0 0 0 0 0 0 0 0 0 0 0 0 0 0 0 0 0 0 0 0 0 0 0 0 0 0 0 0 0 0 0 0 0 0 0 0 0
 -0 -0 -0 -0 -0 -0 -0 -0 -0 -0 -0 -0 0 0 0 0 0 0 0 0 0 0 0 0 0 0 0 0 0 0 0 0 0 0 0 0 0 0 0 0 0 0 0 0 0 0 0 0 0 0
 -0 -0 -0 -0 -0 -0 -0 -0 -0 -0 -0 -0 0 0 0 0 0 0 0 0 0 0 0 0 0 0 0 0 0 0 0 0 0 0 0 0 0 0 0 0 0 0 0 0 0 0 0 0 0 0
 -0 -0 -0 -0 -0 -0 -0 -0 -0 -0 -0 -0 0 0 0 0 0 0 0 0 0 0 0 0 0 0 0 0 0 0 0 0 0 0 0 0 0 0 0 0 0 0 0 0 0 0 0 0 0 0
 -0 -0 -0 -0 -0 -0 -0 -0 -0 -0 -0 -0 0 0 0 0 0 0 0 0 0 0 0 0 0 0 0 0 0 0 0 0 0 0 0 0 0 0 0 0 0 0 0 0 0 0 0 0 0 0
 -0 -0 -0 -0 -0 -0 -0 -0 -0 -0 -0 -0 0 0 0 0 0 0 0 0 0 0 0 0 0 0 0 0 0 0 0 0 0 0 0 0 0 0 0 0 0 0 0 0 0 0 0 0 0 0
 -0 -0 -0 -0 -0 -0 -0 -0 -0 -0 -0 -0 0 0 0 0 0 0 0 0 0 0 0 0 0 0 0 0 0 0 0 0 0 0 0 0 0 0 0 0 0 0 0 0 0 0 0 0 0 0
 -1.116497611647445e-24 -5.661259448082124e-23 -2.86076130170486e-21 -1.420190759878508e-19 -6.947045792914858e-18 -3.333541441469822e-16 -1.557084684334934e-14 -7.013558882966814e-13 -2.982193233601677e-11 -1.145947905939357e-09 -3.510329535392483e-08 -3.534435544095957e-07 6.84306181855127e-05 0.004243558846611268 0.01329804982269964 0.01880593532127069 0.02430809460672537 0.03003947363456492 0.0360158782696296 0.04224793565085561 0.04874658528465232 0.05552323141474685 0.06258976605977348 0.06995858994860456 0.07764263428323873 0.07733319057343849 0.08487689209131863 0.0927432948965882 0.1009462033690514 0.1095000124064597 0.1184197326854399 0.09937729766537304 0.1101907877836148 0.1207558889092707 0.1372270181802946 0.01834895114817035 0 0 0 0 0 0 0 0 0 0 0 0 0 0
 -2.986673667377623e-24 -1.514408480715925e-22 -7.65264552232004e-21 -3.79906441440874e-19 -1.858361228838621e-17 -8.917350416593473e-16 -4.165260880153705e-14 -1.876153733947608e-12 -7.977480568621544e-11 -3.06545432713057e-09 -9.390265306259557e-08 -9.454749798361608e-07 0.0001830545119352928 0.01186514129825438 0.03718174266437444 0.05258218216397342 0.06796675073024336 0.08399199730049242 0.100702139975604 0.1181272742467132 0.1362978133677 0.1552456441563599 0.1750040172727528 0.1956076057554021 0.2170925658713848 0.2394966005653454 0.2628590256226204 0.2872208386626587 0.312624791083812 0.3391154630857513 0.36674010224271 0.395867187983284 0.4310223133255853 0.4654063094153406 0.5036349126134277 0.4860224118679487 0.1021570318256547 0 0 0 0 0 0 0 0 0 0 0 0 0
 -4.809748095220888e-24 -2.438807890218971e-22 -1.232384295157939e-20 -6.118024553672669e-19 -2.992710411675782e-17 -1.436052744868051e-15 -6.707748423686211e-14 -3.021363514454265e-12 -1.284695826955835e-10 -4.936616702369281e-09 -1.512211098377432e-07 -1.522595700031334e-06 0.0002947915266803883 0.0194876028490044 0.06106834451417785 0.08636228584282128 0.1116302890080419 0.1379505542383469 0.1653960528442595 0.1940155879347837 0.223859397106977 0.2549798521754044 0.2874315649678754 0.321271483466958 0.3565589917518936 0.3968639591568565 0.4355772623179417 0.4759466268620984 0.5180428950859162 0.561939939747921 0.6077147937044006 0.6584192054344173 0.7095522226882701 0.762193005159203 0.817021267462069 0.8453988911364897 0 0 0 0 0 0 0 0 0 0 0 0 0 0
 -6.556969922398277e-24 -3.324745842420048e-22 -1.680068601558539e-20 -8.340499790994464e-19 -4.079862763562272e-17 -1.957723038433859e-15 -9.152696354569447e-14 -4.118924587462901e-12 -1.786017303326487e-10 -6.863011979430351e-09 -2.102517850442664e-07 -2.11695618538842e-06 0.0004098706342991803 0.02656680208835272 0.08325244696037049 0.1177348375611624 0.1521821768833966 0.1897405590296787 0.2274897676289911 0.2668537746619986 0.3079016781457596 0.350705511552179 0.395340389322046 0.4436688660550436 0.4924001403584334 0.5432160205965302 0.5962056811643218 0.6526570034785398 0.7103828549205887 0.7705780785311739 0.8340443897436141 0.8995922593372869 0.9682504196460023 1.039831500529811 1.114165593215833 1.164189855290765 0.2775190085857013 0 0 0 0 0 0 0 0 0 0 0 0 0
 -8.200784416955474e-24 -4.158250566579265e-22 -2.101257222488226e-20 -1.04314403642392e-18 -5.102673242475507e-17 -2.448518870196508e-15 -1.166652243801074e-13 -5.253400763684149e-12 -2.233766975123702e-10 -8.583550383849472e-09 -2.629613347070895e-07 -2.647671333249157e-06 0.0005126261697312245 0.03322702698852942 0.1050519664322723 0.1485638176103572 0.1920312257474935 0.2373080002151175 0.2845208325595449 0.3351009067258529 0.386646700649983 0.4403974988315013 0.4973581954424272 0.5559132146189174 0.6169730757521815 0.6812134610522013 0.7476645020869017 0.816958157776946 0.8895559474412766 0.9649336382166819 1.043717437464218 1.125730055938954 1.211358837579983 1.300506621522145 1.392427611027104 1.459787079343727 0.2058473850635046 0 0 0 0 0 0 0 0 0 0 0 0 0
 -9.715267642346121e-24 -4.926177195285038e-22 -2.48930776178905e-20 -1.235787089149946e-18 -6.04501151616565e-17 -2.956262481257069e-15 -1.382104225375909e-13 -6.223574704167731e-12 -2.646288807335503e-10 -1.016872107115082e-08 -3.115421917884357e-07 -3.164590587329796e-06 0.0006127089609568617 0.03971420137051133 0.1244524814155747 0.1759999015544357 0.228412781239638 0.282268101669614 0.3384258230621788 0.3977139436134957 0.4588909818332873 0.5226850256215178 0.5897001795981525 0.6591268134430683 0.7318029888257063 0.8073253333379936 0.8862325678904288 0.9683687322385998 1.054100708289851 1.143421315345713 1.236607361012959 1.333779434102281 1.435041196488874 1.540684377946916 1.650581755043353 1.765676158711818 0.5440208698974731 0.001079134694299957 0 0 0 0 0 0 0 0 0 0 0 0
