# Created by Octave 3.8.1, Tue Feb 17 13:33:29 2015 GMT <seb@PSY0001622>
# name: cort_blur_fov_lim
# type: matrix
# rows: 50
# columns: 50
 2.505565114508915e-23 1.3679922003977e-21 7.469964762810856e-20 4.078462568622479e-18 2.226765112262129e-16 1.215772556878575e-14 6.648306333220121e-13 3.62985226634003e-11 1.981832182347772e-09 1.082043588785667e-07 5.917405405996177e-06 0.0003229730278512213 0.01735082910897071 0.482337 0.9488885008723498 0.9659439619001345 0.9662600630929837 0.9662658912610991 0.9662659980083772 0.9662659999635221 0.9662659999993318 0.9662659999999877 0.9662659999999997 0.966266 0.966266 0.966266 0.966266 0.966266 0.966266 0.966266 0.966268 0.967044 0.978522 0.984046 0.986452 0.724012 0.01171046 0 0 0 0 0 0 0 0 0 0 0 0 0
 2.505565114508915e-23 1.3679922003977e-21 7.469964762810856e-20 4.078462568622479e-18 2.226765112262129e-16 1.215772556878575e-14 6.648306333220121e-13 3.62985226634003e-11 1.981832182347772e-09 1.082043588785667e-07 5.917405405996177e-06 0.0003229730278512213 0.01735082910897071 0.461463 0.9063260591845267 0.9252116260765505 0.9255143134435222 0.9255198958464568 0.9255199980923611 0.9255199999650604 0.9255199999993601 0.9255199999999882 0.9255199999999998 0.92552 0.92552 0.836776 0.836776 0.836776 0.836776 0.836776 0.836776 0.650672 0.671844 0.686826 0.68401 0.0349178 0 0 0 0 0 0 0 0 0 0 0 0 0 0
 2.505565114508915e-23 1.3679922003977e-21 7.469964762810856e-20 4.078462568622479e-18 2.226765112262129e-16 1.215772556878575e-14 6.637893246659075e-13 3.62985226634003e-11 1.891842215377588e-09 1.032910737032413e-07 5.654950843687973e-06 0.0003086482116782152 0.01659994081547331 0.461463 0.9063260591845267 0.9252116260765505 0.9255163134312338 0.8367759058332772 0.836775998275276 0.8367759999684106 0.8367759999994214 0.8367759999999894 0.8367759999999997 0.65062 0.65062 0.65062 0.65062 0.309182 0.309182 0.309182 0.01916912 0.01916912 0.0136447 0 0 0 0 0 0 0 0 0 0 0 0 0 0 0 0 0
 2.505565114508915e-23 1.3679922003977e-21 7.469964762810856e-20 4.078462568622479e-18 2.226765112262129e-16 1.215772556878575e-14 6.329524830689969e-13 3.465029892143026e-11 1.891842215377588e-09 1.032910737032413e-07 5.654950843687973e-06 0.0003086482116782152 0.01655407598006998 0.461463 0.8182728106869877 0.8364953870592289 0.8367708587021531 0.8367759058332772 0.836775998275276 0.6506199999754382 0.6506199999995501 0.6506199999999918 0.309182 0.309182 0.309182 0.01916912 0.01916912 0.01916912 0 0 0 0 0 0 0 0 0 0 0 0 0 0 0 0 0 0 0 0 0 0
 2.505565114508915e-23 1.3679922003977e-21 7.469964762810856e-20 4.078462568622479e-18 2.226765112262129e-16 1.159292911362725e-14 6.329524830689969e-13 3.465029892143026e-11 1.891842215377588e-09 1.032910737032413e-07 5.639467523690392e-06 0.0002782909764678678 0.01492589230946161 0.41663 0.8182728106869877 0.8329805661502876 0.6506160024771203 0.6506199267823728 0.6506199986589721 0.309181999988328 0.3091819999997862 0.3091819999999961 0.01916912 0.01916912 0 0 0 0 0 0 0 0 0 0 0 0 0 0 0 0 0 0 0 0 0 0 0 0 0 0
 2.505565114508915e-23 1.3679922003977e-21 7.468984340148473e-20 4.078462568622479e-18 2.123319033078926e-16 1.159292911362725e-14 6.329524830689969e-13 3.455803463317156e-11 1.891842215377588e-09 1.032910737032413e-07 5.0782586155241e-06 0.0002782909764678678 0.01492589230946161 0.414926 0.6366356120264158 0.6480785938518192 0.6482920167561821 0.3091819652061535 0.3091819993627284 0.309181999988328 0.01916911999998675 0.01916911999999976 0 0 0 0 0 0 0 0 0 0 0 0 0 0 0 0 0 0 0 0 0 0 0 0 0 0 0 0
 2.505565114508915e-23 1.3679922003977e-21 7.468984340148473e-20 3.888994465544984e-18 2.123319033078926e-16 1.159292911362725e-14 6.329524830689969e-13 3.455803463317156e-11 1.891842215377588e-09 9.301211200112889e-08 5.0782586155241e-06 0.0002771722484326316 0.01492589230946161 0.323048 0.6344751816883325 0.6480785938518192 0.3155500611934159 0.3155519644893046 0.0191691199604895 0.01916911999927634 0 0 0 0 0 0 0 0 0 0 0 0 0 0 0 0 0 0 0 0 0 0 0 0 0 0 0 0 0 0
 2.505565114508915e-23 1.3679922003977e-21 7.468984340148473e-20 3.888994465544984e-18 2.123319033078926e-16 1.159292911362725e-14 6.329524830689969e-13 3.455803463317156e-11 1.696716924650757e-09 9.301211200112889e-08 5.0782586155241e-06 0.0002771722484326316 0.01158214796024901 0.323048 0.6344751816883325 0.3213881862744556 0.3155500611934159 0.02515319716938056 0.02515319994815539 0 0 0 0 0 0 0 0 0 0 0 0 0 0 0 0 0 0 0 0 0 0 0 0 0 0 0 0 0 0 0
 2.505565114508915e-23 1.3679922003977e-21 7.468984340148473e-20 3.888314728864137e-18 2.123319033078926e-16 1.159292911362725e-14 6.329524830689969e-13 3.107645455118704e-11 1.696716924650757e-09 9.263759498180954e-08 5.0782586155241e-06 0.0002159473751133667 0.01158214796024901 0.321973 0.3211204733699762 0.3213881862744556 0.03145660672392837 0.03145679646000391 0 0 0 0 0 0 0 0 0 0 0 0 0 0 0 0 0 0 0 0 0 0 0 0 0 0 0 0 0 0 0 0
 2.505565114508915e-23 1.3679922003977e-21 7.121696845962189e-20 3.888314728864137e-18 2.122947909426087e-16 1.159292911362725e-14 6.329524830689969e-13 3.107645455118704e-11 1.696716924650757e-09 9.263759498180954e-08 3.941635467511195e-06 0.0002151351570973769 0.01158214796024901 0.163501 0.3211204733699762 0.03795006917006713 0.03796256674992841 0 0 0 0 0 0 0 0 0 0 0 0 0 0 0 0 0 0 0 0 0 0 0 0 0 0 0 0 0 0 0 0 0
 2.505565114508915e-23 1.3679922003977e-21 7.121696845962189e-20 3.888314728864137e-18 2.122947909426087e-16 1.15909028471394e-14 6.328418526672859e-13 3.107645455118704e-11 1.696716924650757e-09 9.263759498180954e-08 3.941635467511195e-06 0.0002151351570973769 0.01153858535972082 0.165866 0.3257653985968555 0.03795006917006713 0.03796256674992841 0 0 0 0 0 0 0 0 0 0 0 0 0 0 0 0 0 0 0 0 0 0 0 0 0 0 0 0 0 0 0 0 0
 2.505565114508915e-23 1.3679922003977e-21 7.121696845962189e-20 3.888314728864137e-18 2.122947909426087e-16 1.15909028471394e-14 5.691699078425604e-13 3.107562402158733e-11 1.696671579271157e-09 9.263511920824432e-08 3.941635467511195e-06 0.0002151351570973769 0.005966601403144558 0.165866 0.3257653985968555 0.04453446035289781 0.04454912628070798 0 0 0 0 0 0 0 0 0 0 0 0 0 0 0 0 0 0 0 0 0 0 0 0 0 0 0 0 0 0 0 0 0
 2.505565114508915e-23 1.3679922003977e-21 7.121696845962189e-20 3.888314728864137e-18 2.122947909426087e-16 1.15909028471394e-14 5.691699078425604e-13 3.107562402158733e-11 1.696671579271157e-09 9.263511920824432e-08 3.947804218811818e-06 0.0002154718486283652 0.006065741392455606 0.168622 0.04971346610687908 0.05060702323499527 0 0 0 0 0 0 0 0 0 0 0 0 0 0 0 0 0 0 0 0 0 0 0 0 0 0 0 0 0 0 0 0 0 0
 2.505565114508915e-23 1.3679922003977e-21 7.121696845962189e-20 3.888314728864137e-18 2.122947909426087e-16 1.15909028471394e-14 5.691699078425604e-13 3.107562402158733e-11 1.696671579271157e-09 9.263511920824432e-08 3.947804218811818e-06 0.0002154718486283652 0.006065741392455606 0.168622 0.04971346610687908 0.05060702323499527 0 0 0 0 0 0 0 0 0 0 0 0 0 0 0 0 0 0 0 0 0 0 0 0 0 0 0 0 0 0 0 0 0 0
 2.505565114508915e-23 1.3679922003977e-21 7.121696845962189e-20 3.888314728864137e-18 2.122947909426087e-16 1.15909028471394e-14 5.691699078425604e-13 3.107562402158733e-11 1.696671579271157e-09 9.263511920824432e-08 4.093224543297036e-06 0.0002234089155162458 0.006334419396869329 0.176091 0.3458475806031306 0.04906274128387682 0.04907889844882587 0 0 0 0 0 0 0 0 0 0 0 0 0 0 0 0 0 0 0 0 0 0 0 0 0 0 0 0 0 0 0 0 0
 2.505565114508915e-23 1.3679922003977e-21 7.121696845962189e-20 3.888314728864137e-18 2.122947909426087e-16 1.15909028471394e-14 6.328418526672859e-13 3.173430949684828e-11 1.73263458760134e-09 9.459863271578162e-08 4.093224543297036e-06 0.0002234089155162458 0.01198234113190555 0.176091 0.3458475806031306 0.02734462689960125 0.02735363193347677 0 0 0 0 0 0 0 0 0 0 0 0 0 0 0 0 0 0 0 0 0 0 0 0 0 0 0 0 0 0 0 0 0
