# Created by Octave 3.8.2, Fri Feb 06 23:51:05 2015 GMT <seb@sebpad>
# name: best_weights
# type: matrix
# rows: 11
# columns: 2
 5 0.296682
 6 0.208747
 7 0.203354
 8 0.193633
 9 0.190071
 10 0.203886
 11 0.260928
 12 0.3228
 13 0.390243
 14 0.48974
 15 0.710785


