# Created by Octave 3.8.2, Fri May 26 13:10:30 2017 BST <co1ssj@node117>
# name: result
# type: scalar struct
# ndims: 2
 1 1
# length: 1
# name: r_0_m10_G0_L1p8_D0p7
# type: matrix
# rows: 1
# columns: 14
 0 -10 0.5 0 1.8 0.2303346666666667 -6.203601666666667 -0.02576991666666667 0.01533775942785213 0.102950783662227 0.0009448101680584662 127.1666666666667 0.408248290463863 0.7




