# Created by Octave 3.8.2, Wed May 24 11:31:43 2017 BST <co1ssj@node117>
# name: result
# type: scalar struct
# ndims: 2
 1 1
# length: 1
# name: r_0_m10_1
# type: matrix
# rows: 1
# columns: 12
 0 -10 0.5 1 0.233998 -6.249163333333333 -0.02579888333333333 0.02694718059463735 0.2220404243075272 0.001713231716279694 137.1666666666667 0.408248290463863




