# Created by Octave 3.8.2, Fri May 26 12:42:05 2017 BST <co1ssj@node007>
# name: result
# type: scalar struct
# ndims: 2
 1 1
# length: 1
# name: r_0_m10_G0_L4p4_Dm1
# type: matrix
# rows: 1
# columns: 14
 0 -10 0.5 0 4.4 0.2629498333333333 -6.88942 -0.02626715 0.01942700887338724 0.1373237594882983 0.0007802693425990792 120.6666666666667 0.5163977794943223 0.7




