# Created by Octave 3.8.2, Fri May 26 13:10:33 2017 BST <co1ssj@node117>
# name: result
# type: scalar struct
# ndims: 2
 1 1
# length: 1
# name: r_0_m10_G0_L3p4_D0p7
# type: matrix
# rows: 1
# columns: 14
 0 -10 0.5 0 3.4 0.2308956666666666 -6.418846666666667 -0.02560466666666667 0.01735892326921997 0.3223712119694727 0.0007031392228191133 122 0 0.7




