# Created by Octave 3.8.2, Wed May 24 11:31:44 2017 BST <co1ssj@node117>
# name: result
# type: scalar struct
# ndims: 2
 1 1
# length: 1
# name: r_0_m10_2p6
# type: matrix
# rows: 1
# columns: 12
 0 -10 0.5 2.6 0.2304525 -6.278576666666667 -0.02589731666666667 0.01572375403966877 0.1823723661815754 0.001044523436628718 123.6666666666667 0.5163977794943223




