# Created by Octave 3.8.2, Fri May 26 13:10:33 2017 BST <co1ssj@node200>
# name: result
# type: scalar struct
# ndims: 2
 1 1
# length: 1
# name: r_0_m10_G0_L3p8_D0p7
# type: matrix
# rows: 1
# columns: 14
 0 -10 0.5 0 3.8 0.2467056666666667 -6.601836666666666 -0.02615635 0.02012181457688811 0.2618343159837279 0.0008574480386589027 121.6666666666667 0.5163977794943223 0.7




