# Created by Octave 3.8.2, Wed May 24 11:46:57 2017 BST <co1ssj@node117>
# name: result
# type: scalar struct
# ndims: 2
 1 1
# length: 1
# name: r_0_m10_2p1
# type: matrix
# rows: 1
# columns: 12
 0 -10 0.5 2.1 0.2228185 -6.143793333333334 -0.02535295 0.0190866661389568 0.1199514304486056 0.001294292799562758 125.5 0.5477225575051661




