# Created by Octave 3.8.2, Wed May 24 11:47:24 2017 BST <co1ssj@node117>
# name: result
# type: scalar struct
# ndims: 2
 1 1
# length: 1
# name: r_0_m10_0p9
# type: matrix
# rows: 1
# columns: 12
 0 -10 0.5 0.9 0.2239276666666667 -6.049673333333334 -0.02560551666666667 0.03681149147571539 0.2590143173391514 0.002078845062448539 140 0.8944271909999159




