# Created by Octave 3.8.2, Fri May 26 13:10:29 2017 BST <co1ssj@node117>
# name: result
# type: scalar struct
# ndims: 2
 1 1
# length: 1
# name: r_0_m10_G0_L2p2_D0p7
# type: matrix
# rows: 1
# columns: 14
 0 -10 0.5 0 2.2 0.2167538333333333 -6.106381666666667 -0.02531456666666666 0.01069050414932181 0.09494400548042367 0.001054254477185971 125.3333333333333 0.5163977794943223 0.7




