# Created by Octave 3.8.2, Wed May 24 11:31:49 2017 BST <co1ssj@node117>
# name: result
# type: scalar struct
# ndims: 2
 1 1
# length: 1
# name: r_0_m10_3p4
# type: matrix
# rows: 1
# columns: 12
 0 -10 0.5 3.4 0.262351 -6.688261666666667 -0.02727373333333333 0.01074578730479997 0.1116874401921122 0.0005367240023202495 121.8333333333333 0.408248290463863




