# Created by Octave 3.8.2, Fri May 26 12:42:55 2017 BST <co1ssj@node040>
# name: result
# type: scalar struct
# ndims: 2
 1 1
# length: 1
# name: r_0_m10_G0_L4p2_Dm1
# type: matrix
# rows: 1
# columns: 14
 0 -10 0.5 0 4.2 0.2584296 -6.899620000000001 -0.02614532 0.008029820751424038 0.152952228489813 0.0003676613346545976 121 0 0.7




