# Created by Octave 3.8.2, Fri May 26 13:10:33 2017 BST <co1ssj@node117>
# name: result
# type: scalar struct
# ndims: 2
 1 1
# length: 1
# name: r_0_m10_G0_L1p4_D0p7
# type: matrix
# rows: 1
# columns: 14
 0 -10 0.5 0 1.4 0.2210111666666667 -6.264785 -0.02478348333333334 0.01464438317467372 0.1691292235836256 0.0009060990970454982 130.8333333333333 0.408248290463863 0.7




