# Created by Octave 3.8.2, Fri May 26 13:10:33 2017 BST <co1ssj@node117>
# name: result
# type: scalar struct
# ndims: 2
 1 1
# length: 1
# name: r_0_m10_G0_L3_D0p7
# type: matrix
# rows: 1
# columns: 14
 0 -10 0.5 0 3 0.2441573333333333 -6.412846666666667 -0.02667505 0.01927222309612118 0.2696299524657204 0.00105107736870318 122.8333333333333 0.408248290463863 0.7




