# Created by Octave 3.8.2, Wed May 24 11:47:35 2017 BST <co1ssj@node117>
# name: result
# type: scalar struct
# ndims: 2
 1 1
# length: 1
# name: r_0_m10_1p7
# type: matrix
# rows: 1
# columns: 12
 0 -10 0.5 1.7 0.2326886666666667 -6.225808333333333 -0.02560295 0.01010317210912823 0.08460102160533702 0.000795417467120254 128.3333333333333 0.5163977794943223




