# Created by Octave 3.8.2, Wed May 24 11:30:58 2017 BST <co1ssj@node117>
# name: result
# type: scalar struct
# ndims: 2
 1 1
# length: 1
# name: r_0_m10_2p4
# type: matrix
# rows: 1
# columns: 12
 0 -10 0.5 2.4 0.2232068333333334 -6.175543333333334 -0.02564006666666667 0.01696123644569189 0.152779561678474 0.001294824124994073 124.5 0.5477225575051661




