# Created by Octave 3.8.2, Fri May 26 13:10:31 2017 BST <co1ssj@node117>
# name: result
# type: scalar struct
# ndims: 2
 1 1
# length: 1
# name: r_0_m10_G0_L2p8_D0p7
# type: matrix
# rows: 1
# columns: 14
 0 -10 0.5 0 2.8 0.2417996666666667 -6.453628333333334 -0.02667801666666667 0.01387669396746454 0.1423529908947005 0.0007078221568068255 123.3333333333333 0.5163977794943223 0.7




