# Created by Octave 3.8.2, Wed May 24 11:31:09 2017 BST <co1ssj@node117>
# name: result
# type: scalar struct
# ndims: 2
 1 1
# length: 1
# name: r_0_m10_1p2
# type: matrix
# rows: 1
# columns: 12
 0 -10 0.5 1.2 0.2459483333333333 -6.499485 -0.02590938333333333 0.008410077518469535 0.1063652455927218 0.0003838592003152545 133.5 0.5477225575051661




