# Created by Octave 3.8.2, Fri May 26 13:10:32 2017 BST <co1ssj@node117>
# name: result
# type: scalar struct
# ndims: 2
 1 1
# length: 1
# name: r_0_m10_G0_L2_D0p7
# type: matrix
# rows: 1
# columns: 14
 0 -10 0.5 0 2 0.2350436666666667 -6.266861666666666 -0.0260812 0.01100265354660714 0.1335650354571385 0.0007100615860613777 126.1666666666667 0.408248290463863 0.7




