# Created by Octave 3.8.2, Fri May 26 13:10:35 2017 BST <co1ssj@node117>
# name: result
# type: scalar struct
# ndims: 2
 1 1
# length: 1
# name: r_0_m10_G0_L2p4_D0p7
# type: matrix
# rows: 1
# columns: 14
 0 -10 0.5 0 2.4 0.2392673333333334 -6.272283333333333 -0.02662145 0.006860494608019645 0.1576720359057583 0.0005445005151512714 124 0 0.7




