# Created by Octave 3.8.2, Wed May 24 11:31:52 2017 BST <co1ssj@node117>
# name: result
# type: scalar struct
# ndims: 2
 1 1
# length: 1
# name: r_0_m10_3p2
# type: matrix
# rows: 1
# columns: 12
 0 -10 0.5 3.2 0.25321 -6.632210000000001 -0.02671686666666667 0.01640270797155152 0.1386201383638035 0.0006549858217294984 122.3333333333333 0.5163977794943223




