# Created by Octave 3.8.2, Tue May 23 16:57:46 2017 BST <co1ssj@node117>
# name: result
# type: scalar struct
# ndims: 2
 1 1
# length: 1
# name: r_0_m10_0p6
# type: matrix
# rows: 1
# columns: 9
 0 -10 0.6 0.2026128333333334 -5.674659999999999 -0.0275615 0.04451736672992538 0.1842360581428078 0.004911393008505835




