# Created by Octave 3.8.2, Fri May 26 13:10:39 2017 BST <co1ssj@node003>
# name: result
# type: scalar struct
# ndims: 2
 1 1
# length: 1
# name: r_0_m10_G0_L4p2_D0p7
# type: matrix
# rows: 1
# columns: 14
 0 -10 0.5 0 4.2 0.2450113333333333 -6.714590000000001 -0.02553166666666667 0.0238559443214195 0.3045059192199717 0.001262897661200886 121 0.6324555320336759 0.7




