# Created by Octave 3.8.2, Fri May 26 13:10:32 2017 BST <co1ssj@node117>
# name: result
# type: scalar struct
# ndims: 2
 1 1
# length: 1
# name: r_0_m10_G0_L1p2_D0p7
# type: matrix
# rows: 1
# columns: 14
 0 -10 0.5 0 1.2 0.235041 -6.396861666666666 -0.02531961666666667 0.02933520115492648 0.2076872243944404 0.001662842571522231 133.5 0.5477225575051661 0.7




