# Created by Octave 3.8.2, Wed May 24 11:31:52 2017 BST <co1ssj@node117>
# name: result
# type: scalar struct
# ndims: 2
 1 1
# length: 1
# name: r_0_m10_2p8
# type: matrix
# rows: 1
# columns: 12
 0 -10 0.5 2.8 0.2364381666666667 -6.334256666666668 -0.02610363333333333 0.0247256862021394 0.1939606042129861 0.001492787542373886 123.3333333333333 0.5163977794943223




