# Created by Octave 3.8.2, Tue May 23 15:47:50 2017 BST <co1ssj@node117>
# name: result
# type: scalar struct
# ndims: 2
 1 1
# length: 1
# name: r_0_m10_0p5
# type: matrix
# rows: 1
# columns: 9
 0 -10 0.5 0.2429721666666667 -5.988568333333333 -0.03358488333333334 0.02896502784681324 0.1095651385097772 0.0037570433925717




