# Created by Octave 3.8.2, Fri May 26 12:42:05 2017 BST <co1ssj@node117>
# name: result
# type: scalar struct
# ndims: 2
 1 1
# length: 1
# name: r_0_m10_G0_L0p6_Dm1
# type: matrix
# rows: 1
# columns: 14
 0 -10 0.5 0 0.6 0.189109 -5.601786666666666 -0.02623183333333333 0.01765321359979536 0.1640489439974141 0.002108855019831061 152.3333333333333 0.816496580927726 0.7




