# Created by Octave 3.8.2, Fri May 26 12:42:10 2017 BST <co1ssj@node117>
# name: result
# type: scalar struct
# ndims: 2
 1 1
# length: 1
# name: r_0_m10_G0_L2_Dm1
# type: matrix
# rows: 1
# columns: 14
 0 -10 0.5 0 2 0.2165521666666667 -6.135976666666665 -0.02491315 0.01641669213229835 0.1338869858749038 0.001138534930074613 126.1666666666667 0.408248290463863 0.7




