# Created by Octave 3.8.2, Tue May 23 16:56:13 2017 BST <co1ssj@node117>
# name: result
# type: scalar struct
# ndims: 2
 1 1
# length: 1
# name: r_0_m10_4p2
# type: matrix
# rows: 1
# columns: 9
 0 -10 4.2 0.2577948333333333 -6.853521666666667 -0.02634698333333333 0.009000610721871404 0.1362734799462707 0.0003274060745720314




