# Created by Octave 3.8.2, Tue May 23 15:48:19 2017 BST <co1ssj@node117>
# name: result
# type: scalar struct
# ndims: 2
 1 1
# length: 1
# name: r_0_m10_1p3
# type: matrix
# rows: 1
# columns: 9
 0 -10 1.3 0.2469013333333333 -6.43203 -0.02610433333333333 0.01136304152358278 0.1161233902364206 0.0005760667901091563




