# Created by Octave 3.8.2, Fri May 26 12:42:04 2017 BST <co1ssj@node117>
# name: result
# type: scalar struct
# ndims: 2
 1 1
# length: 1
# name: r_0_m10_G0_L2p4_Dm1
# type: matrix
# rows: 1
# columns: 14
 0 -10 0.5 0 2.4 0.2217726666666666 -6.111136666666666 -0.02537186666666666 0.01755860192232476 0.1728276174303941 0.001044098515786067 124 0 0.7




