# Created by Octave 3.8.2, Fri May 26 13:10:35 2017 BST <co1ssj@node117>
# name: result
# type: scalar struct
# ndims: 2
 1 1
# length: 1
# name: r_0_m10_G0_L0p6_D0p7
# type: matrix
# rows: 1
# columns: 14
 0 -10 0.5 0 0.6 0.2011875 -5.631343333333334 -0.02769868333333333 0.01079181817396865 0.2139776732901513 0.001169523840572165 152.3333333333333 1.032795558988644 0.7




