# Created by Octave 3.8.2, Fri May 26 12:44:10 2017 BST <co1ssj@node175>
# name: result
# type: scalar struct
# ndims: 2
 1 1
# length: 1
# name: r_0_m10_G0_L4_Dm1
# type: matrix
# rows: 1
# columns: 14
 0 -10 0.5 0 4 0.2599528333333333 -6.907025 -0.02634843333333333 0.01516078590860865 0.1696407125368201 0.0005719443352868072 121.1666666666667 0.408248290463863 0.7




