# Created by Octave 3.8.2, Fri May 26 13:10:38 2017 BST <co1ssj@node003>
# name: result
# type: scalar struct
# ndims: 2
 1 1
# length: 1
# name: r_0_m10_G0_L4p4_D0p7
# type: matrix
# rows: 1
# columns: 14
 0 -10 0.5 0 4.4 0.2613126666666667 -6.859175 -0.0264315 0.009158438069161494 0.05786342393948012 0.0006269671985040366 120.3333333333333 0.5163977794943223 0.7




