# Created by Octave 3.8.2, Wed May 24 11:47:13 2017 BST <co1ssj@node117>
# name: result
# type: scalar struct
# ndims: 2
 1 1
# length: 1
# name: r_0_m10_1p3
# type: matrix
# rows: 1
# columns: 12
 0 -10 0.5 1.3 0.2451901666666667 -6.535131666666666 -0.0258078 0.01548469898211349 0.1675808824916097 0.000768823730122842 132.3333333333333 0.5163977794943223




