# Created by Octave 3.8.2, Tue May 23 15:47:10 2017 BST <co1ssj@node117>
# name: result
# type: scalar struct
# ndims: 2
 1 1
# length: 1
# name: r_0_m10_1p9
# type: matrix
# rows: 1
# columns: 9
 0 -10 1.9 0.2322783333333333 -6.160969999999999 -0.02614463333333333 0.006874648577685022 0.1436479723490728 0.0001715821979887965




