# Created by Octave 3.8.2, Fri May 26 12:42:03 2017 BST <co1ssj@node117>
# name: result
# type: scalar struct
# ndims: 2
 1 1
# length: 1
# name: r_0_m10_G0_L1p6_Dm1
# type: matrix
# rows: 1
# columns: 14
 0 -10 0.5 0 1.6 0.2343565 -6.272998333333334 -0.02537008333333333 0.02740679090845917 0.3373263466387804 0.001764276517348306 129.5 0.5477225575051661 0.7




