# Created by Octave 3.8.2, Tue May 23 16:56:22 2017 BST <co1ssj@node117>
# name: result
# type: scalar struct
# ndims: 2
 1 1
# length: 1
# name: r_0_m10_3p4
# type: matrix
# rows: 1
# columns: 9
 0 -10 3.4 0.2370013333333333 -6.446498333333333 -0.02585656666666666 0.03132886655253692 0.3106602160185089 0.00171488159552392




