# Created by Octave 3.8.2, Wed May 24 11:31:24 2017 BST <co1ssj@node056>
# name: result
# type: scalar struct
# ndims: 2
 1 1
# length: 1
# name: r_0_m10_3p8
# type: matrix
# rows: 1
# columns: 12
 0 -10 0.5 3.8 0.2508188333333334 -6.704635 -0.02624723333333333 0.01056519626730459 0.1012449530100144 0.0004849667438770065 121.3333333333333 0.5163977794943223




