# Created by Octave 3.8.2, Wed May 24 11:31:50 2017 BST <co1ssj@node117>
# name: result
# type: scalar struct
# ndims: 2
 1 1
# length: 1
# name: r_0_m10_1p4
# type: matrix
# rows: 1
# columns: 12
 0 -10 0.5 1.4 0.2320253333333333 -6.349176666666668 -0.02521876666666667 0.02214121409197486 0.3055019607574829 0.001164801707874206 131.1666666666667 0.408248290463863




