# Created by Octave 3.8.2, Fri May 26 12:42:11 2017 BST <co1ssj@node117>
# name: result
# type: scalar struct
# ndims: 2
 1 1
# length: 1
# name: r_0_m10_G0_L3p4_Dm1
# type: matrix
# rows: 1
# columns: 14
 0 -10 0.5 0 3.4 0.244872 -6.538044999999999 -0.02641451666666667 0.01910909846120429 0.3150869441122562 0.0008754431938547844 122 0 0.7




