# Created by Octave 3.8.2, Tue May 23 16:57:34 2017 BST <co1ssj@node117>
# name: result
# type: scalar struct
# ndims: 2
 1 1
# length: 1
# name: r_0_m10_3p8
# type: matrix
# rows: 1
# columns: 9
 0 -10 3.8 0.2503335 -6.70352 -0.02625035 0.02333151931400954 0.2130080917711813 0.001033908270109105




