# Created by Octave 3.8.2, Fri May 26 12:42:10 2017 BST <co1ssj@node003>
# name: result
# type: scalar struct
# ndims: 2
 1 1
# length: 1
# name: r_0_m10_G0_L3p6_Dm1
# type: matrix
# rows: 1
# columns: 14
 0 -10 0.5 0 3.6 0.2580411666666667 -6.750968333333333 -0.02679086666666666 0.01683901415661459 0.08398208223583557 0.0008300479688949711 121.1666666666667 0.408248290463863 0.7




