# Created by Octave 3.8.2, Fri May 26 12:42:08 2017 BST <co1ssj@node117>
# name: result
# type: scalar struct
# ndims: 2
 1 1
# length: 1
# name: r_0_m10_G0_L3p2_Dm1
# type: matrix
# rows: 1
# columns: 14
 0 -10 0.5 0 3.2 0.2518061666666667 -6.662366666666667 -0.02700266666666666 0.0098191569580421 0.1488345923052389 0.0002756987607274769 122 0 0.7




