# Created by Octave 3.8.2, Fri May 26 12:42:11 2017 BST <co1ssj@node117>
# name: result
# type: scalar struct
# ndims: 2
 1 1
# length: 1
# name: r_0_m10_G0_L1p2_Dm1
# type: matrix
# rows: 1
# columns: 14
 0 -10 0.5 0 1.2 0.2427206666666667 -6.456003333333332 -0.0256148 0.02302727735245023 0.2009237657089539 0.001212800593667402 133.6666666666667 0.5163977794943223 0.7




