# Created by Octave 3.8.2, Wed May 24 11:31:46 2017 BST <co1ssj@node093>
# name: result
# type: scalar struct
# ndims: 2
 1 1
# length: 1
# name: r_0_m10_4
# type: matrix
# rows: 1
# columns: 12
 0 -10 0.5 4 0.2639426666666667 -6.920225000000001 -0.02639066666666667 0.01081070100718111 0.1274479022581386 0.0004809462534074534 121.1666666666667 0.408248290463863




