# Created by Octave 3.8.2, Wed May 24 11:31:59 2017 BST <co1ssj@node117>
# name: result
# type: scalar struct
# ndims: 2
 1 1
# length: 1
# name: r_0_m10_1p8
# type: matrix
# rows: 1
# columns: 12
 0 -10 0.5 1.8 0.2325046666666667 -6.212251666666666 -0.02578591666666667 0.01864491448804919 0.1963979703985421 0.0009141549199488378 127.1666666666667 0.408248290463863




