# Created by Octave 3.8.2, Fri May 26 12:42:06 2017 BST <co1ssj@node117>
# name: result
# type: scalar struct
# ndims: 2
 1 1
# length: 1
# name: r_0_m10_G0_L1_Dm1
# type: matrix
# rows: 1
# columns: 14
 0 -10 0.5 0 1 0.2306106666666667 -6.267084999999999 -0.02540968333333333 0.03247585595895305 0.170463484506213 0.002021121187278651 137.5 0.5477225575051661 0.7




