# Created by Octave 3.8.2, Fri May 26 12:42:11 2017 BST <co1ssj@node117>
# name: result
# type: scalar struct
# ndims: 2
 1 1
# length: 1
# name: r_0_m10_G0_L0p8_Dm1
# type: matrix
# rows: 1
# columns: 14
 0 -10 0.5 0 0.8 0.1852006666666667 -5.692618333333333 -0.02315231666666667 0.01209021162207952 0.1465928330330876 0.0009108999866432467 143.8333333333333 0.752772652709081 0.7




