# Created by Octave 3.8.2, Tue May 23 16:56:30 2017 BST <co1ssj@node117>
# name: result
# type: scalar struct
# ndims: 2
 1 1
# length: 1
# name: r_0_m10_1p8
# type: matrix
# rows: 1
# columns: 9
 0 -10 1.8 0.2178945 -6.098678333333333 -0.02489273333333333 0.02986454134755798 0.2376016012923033 0.002294383681659776




