# Created by Octave 3.8.2, Fri May 26 13:10:37 2017 BST <co1ssj@node200>
# name: result
# type: scalar struct
# ndims: 2
 1 1
# length: 1
# name: r_0_m10_G0_L4_D0p7
# type: matrix
# rows: 1
# columns: 14
 0 -10 0.5 0 4 0.2633865 -6.881085 -0.02656245 0.008218146159566645 0.09637299367561439 0.000531898410413117 120.8333333333333 0.408248290463863 0.7




