# Created by Octave 3.8.2, Wed May 24 11:47:46 2017 BST <co1ssj@node117>
# name: result
# type: scalar struct
# ndims: 2
 1 1
# length: 1
# name: r_0_m10_1p5
# type: matrix
# rows: 1
# columns: 12
 0 -10 0.5 1.5 0.2517911666666666 -6.53094 -0.02629623333333333 0.01705171923785594 0.1616260174600612 0.0006968061959158136 130 0




