# Created by Octave 3.8.2, Tue May 23 16:56:49 2017 BST <co1ssj@node117>
# name: result
# type: scalar struct
# ndims: 2
 1 1
# length: 1
# name: r_0_m10_1p4
# type: matrix
# rows: 1
# columns: 9
 0 -10 1.4 0.2366765 -6.340235 -0.02574666666666667 0.0140604748959628 0.1139239272058335 0.0008713472916505029




