# Created by Octave 3.8.2, Fri May 26 13:10:35 2017 BST <co1ssj@node117>
# name: result
# type: scalar struct
# ndims: 2
 1 1
# length: 1
# name: r_0_m10_G0_L0p8_D0p7
# type: matrix
# rows: 1
# columns: 14
 0 -10 0.5 0 0.8 0.1979831666666667 -5.735056666666666 -0.02427573333333334 0.01441548151698953 0.1581249207009023 0.000893309047679843 143.6666666666667 1.032795558988644 0.7




