# Created by Octave 3.8.2, Fri May 26 13:10:34 2017 BST <co1ssj@node117>
# name: result
# type: scalar struct
# ndims: 2
 1 1
# length: 1
# name: r_0_m10_G0_L2p6_D0p7
# type: matrix
# rows: 1
# columns: 14
 0 -10 0.5 0 2.6 0.2232588333333333 -6.275489999999999 -0.02536788333333333 0.01379004580727224 0.2125330267981896 0.0008836876969080584 123.6666666666667 0.5163977794943223 0.7




