# Created by Octave 3.8.2, Fri May 26 12:42:06 2017 BST <co1ssj@node117>
# name: result
# type: scalar struct
# ndims: 2
 1 1
# length: 1
# name: r_0_m10_G0_L1p4_Dm1
# type: matrix
# rows: 1
# columns: 14
 0 -10 0.5 0 1.4 0.2407196666666667 -6.432771666666667 -0.02587051666666667 0.01547639656595381 0.1111064027707975 0.001027805355924295 131 0 0.7




