# Created by Octave 3.8.2, Tue May 23 15:48:16 2017 BST <co1ssj@node117>
# name: result
# type: scalar struct
# ndims: 2
 1 1
# length: 1
# name: r_0_m10_2p1
# type: matrix
# rows: 1
# columns: 9
 0 -10 2.1 0.229213 -6.15882 -0.02600603333333333 0.00822736961610453 0.06102521282224252 0.0005113170197310731




