# Created by Octave 3.8.2, Wed May 24 11:31:51 2017 BST <co1ssj@node211>
# name: result
# type: scalar struct
# ndims: 2
 1 1
# length: 1
# name: r_0_m10_4p4
# type: matrix
# rows: 1
# columns: 12
 0 -10 0.5 4.4 0.2544248333333334 -6.802140000000001 -0.02600951666666667 0.007300339236409958 0.07441441580769156 0.0002643240240058907 120.5 0.5477225575051661




