# Created by Octave 3.8.2, Fri May 26 12:42:11 2017 BST <co1ssj@node117>
# name: result
# type: scalar struct
# ndims: 2
 1 1
# length: 1
# name: r_0_m10_G0_L1p8_Dm1
# type: matrix
# rows: 1
# columns: 14
 0 -10 0.5 0 1.8 0.2208635 -6.129968333333333 -0.02525445 0.01812623798530737 0.2174986861033111 0.0009987141708216625 127.8333333333333 0.408248290463863 0.7




