# Created by Octave 3.8.2, Fri May 26 12:42:11 2017 BST <co1ssj@node117>
# name: result
# type: scalar struct
# ndims: 2
 1 1
# length: 1
# name: r_0_m10_G0_L2p6_Dm1
# type: matrix
# rows: 1
# columns: 14
 0 -10 0.5 0 2.6 0.2403951666666667 -6.383081666666667 -0.02656093333333333 0.0092817351700351 0.2011080968451213 0.0006611910697118239 123.8333333333333 0.752772652709081 0.7




