# Created by Octave 3.8.2, Tue May 23 16:56:25 2017 BST <co1ssj@node117>
# name: result
# type: scalar struct
# ndims: 2
 1 1
# length: 1
# name: r_0_m10_3
# type: matrix
# rows: 1
# columns: 9
 0 -10 3 0.2328173333333333 -6.372816666666666 -0.02613665 0.01402890947531799 0.158114689724474 0.0008536775591521666




