# Created by Octave 3.8.2, Wed May 24 11:31:03 2017 BST <co1ssj@node211>
# name: result
# type: scalar struct
# ndims: 2
 1 1
# length: 1
# name: r_0_m10_4p2
# type: matrix
# rows: 1
# columns: 12
 0 -10 0.5 4.2 0.2426285 -6.681663333333333 -0.02526493333333333 0.03874274178604297 0.4080800526694078 0.001738925978489788 121 0




