# Created by Octave 3.8.2, Wed May 24 11:48:12 2017 BST <co1ssj@node117>
# name: result
# type: scalar struct
# ndims: 2
 1 1
# length: 1
# name: r_0_m10_0p5
# type: matrix
# rows: 1
# columns: 12
 0 -10 0.5 0.5 0.2280753333333333 -5.984638333333333 -0.03178273333333333 0.01975222987580559 0.04957634412365086 0.002536901328523967 159.1666666666667 0.752772652709081




