# Created by Octave 3.8.2, Wed May 24 11:48:12 2017 BST <co1ssj@node117>
# name: result
# type: scalar struct
# ndims: 2
 1 1
# length: 1
# name: r_0_m10_0p7
# type: matrix
# rows: 1
# columns: 12
 0 -10 0.5 0.7 0.1960175 -5.734191666666668 -0.0254457 0.02393291742140936 0.1647060179127245 0.002805424787799524 147.8333333333333 0.752772652709081




