# Created by Octave 3.8.2, Wed May 24 11:48:13 2017 BST <co1ssj@node117>
# name: result
# type: scalar struct
# ndims: 2
 1 1
# length: 1
# name: r_0_m10_1p9
# type: matrix
# rows: 1
# columns: 12
 0 -10 0.5 1.9 0.2241938333333333 -6.154711666666667 -0.02549338333333333 0.01057283873738112 0.1240907591106875 0.00075284929014157 126.8333333333333 0.408248290463863




