# Created by Octave 3.8.2, Fri May 26 13:10:33 2017 BST <co1ssj@node117>
# name: result
# type: scalar struct
# ndims: 2
 1 1
# length: 1
# name: r_0_m10_G0_L3p2_D0p7
# type: matrix
# rows: 1
# columns: 14
 0 -10 0.5 0 3.2 0.2345071666666667 -6.405024999999999 -0.02594638333333333 0.02251454773622306 0.269508244308036 0.001400580875803559 122.1666666666667 0.408248290463863 0.7




