# Created by Octave 3.8.2, Tue May 23 16:57:06 2017 BST <co1ssj@node117>
# name: result
# type: scalar struct
# ndims: 2
 1 1
# length: 1
# name: r_0_m10_2p6
# type: matrix
# rows: 1
# columns: 9
 0 -10 2.6 0.2332446666666667 -6.262295000000001 -0.02643816666666667 0.01131819849033699 0.1855364554743891 0.0008472981096796261




