# Created by Octave 3.8.2, Tue May 23 16:57:29 2017 BST <co1ssj@node117>
# name: result
# type: scalar struct
# ndims: 2
 1 1
# length: 1
# name: r_0_m10_1
# type: matrix
# rows: 1
# columns: 9
 0 -10 1 0.2386533333333333 -6.204075 -0.02617585 0.01726998883226815 0.1416135613209411 0.0007982006332996741




