# Created by Octave 3.8.2, Fri May 26 13:10:34 2017 BST <co1ssj@node200>
# name: result
# type: scalar struct
# ndims: 2
 1 1
# length: 1
# name: r_0_m10_G0_L3p6_D0p7
# type: matrix
# rows: 1
# columns: 14
 0 -10 0.5 0 3.6 0.246723 -6.709810000000001 -0.02609983333333334 0.02025215778133283 0.2972771229005016 0.0009071757881836725 121.5 0.5477225575051661 0.7




