# Created by Octave 3.8.2, Wed May 24 11:48:12 2017 BST <co1ssj@node117>
# name: result
# type: scalar struct
# ndims: 2
 1 1
# length: 1
# name: r_0_m10_1p1
# type: matrix
# rows: 1
# columns: 12
 0 -10 0.5 1.1 0.2451601666666667 -6.539061666666666 -0.02566126666666667 0.01412194035416759 0.1374142750105195 0.00085772340918659 134.6666666666667 0.5163977794943223




