# Created by Octave 3.8.2, Wed May 24 11:31:13 2017 BST <co1ssj@node117>
# name: result
# type: scalar struct
# ndims: 2
 1 1
# length: 1
# name: r_0_m10_0p8
# type: matrix
# rows: 1
# columns: 12
 0 -10 0.5 0.8 0.199871 -5.781569999999999 -0.02434586666666666 0.01811747274870312 0.1241609730954136 0.001404350122535924 143.5 0.5477225575051661




