# Created by Octave 3.8.2, Fri May 26 12:42:11 2017 BST <co1ssj@node117>
# name: result
# type: scalar struct
# ndims: 2
 1 1
# length: 1
# name: r_0_m10_G0_L3_Dm1
# type: matrix
# rows: 1
# columns: 14
 0 -10 0.5 0 3 0.2488033333333333 -6.593708333333333 -0.02676663333333333 0.01469419069791415 0.1012511087182095 0.0006453884959206095 122.5 0.5477225575051661 0.7




