# Created by Octave 3.8.2, Fri May 26 12:42:11 2017 BST <co1ssj@node117>
# name: result
# type: scalar struct
# ndims: 2
 1 1
# length: 1
# name: r_0_m10_G0_L2p2_Dm1
# type: matrix
# rows: 1
# columns: 14
 0 -10 0.5 0 2.2 0.2167811666666667 -6.049413333333334 -0.0251941 0.01583864912695103 0.1359080139898552 0.001018564827588308 125 0 0.7




