# Created by Octave 3.8.2, Fri May 26 13:10:30 2017 BST <co1ssj@node117>
# name: result
# type: scalar struct
# ndims: 2
 1 1
# length: 1
# name: r_0_m10_G0_L1p6_D0p7
# type: matrix
# rows: 1
# columns: 14
 0 -10 0.5 0 1.6 0.23697 -6.313535000000001 -0.02569136666666667 0.01675919836985051 0.1234884899494684 0.001006988740089315 129 0 0.7




