# Created by Octave 3.8.2, Wed May 24 11:31:47 2017 BST <co1ssj@node117>
# name: result
# type: scalar struct
# ndims: 2
 1 1
# length: 1
# name: r_0_m10_1p6
# type: matrix
# rows: 1
# columns: 12
 0 -10 0.5 1.6 0.2291963333333333 -6.341096666666666 -0.02522876666666667 0.01077031660939764 0.1822336914696805 0.0006110448777844932 129.3333333333333 0.5163977794943223




