# Created by Octave 3.8.2, Tue May 23 15:47:09 2017 BST <co1ssj@node117>
# name: result
# type: scalar struct
# ndims: 2
 1 1
# length: 1
# name: r_0_m10_1p7
# type: matrix
# rows: 1
# columns: 9
 0 -10 1.7 0.2299048333333333 -6.177391666666666 -0.0255517 0.01962498855456142 0.1549340260132247 0.001198183959164869




