# Created by Octave 3.8.2, Tue May 23 16:55:00 2017 BST <co1ssj@node117>
# name: result
# type: scalar struct
# ndims: 2
 1 1
# length: 1
# name: r_0_m10_2p2
# type: matrix
# rows: 1
# columns: 9
 0 -10 2.2 0.2248706666666667 -6.171143333333333 -0.02566063333333334 0.01270445623655994 0.1267622911857727 0.0008602323329581766




