# Created by Octave 3.8.2, Wed May 24 11:31:50 2017 BST <co1ssj@node117>
# name: result
# type: scalar struct
# ndims: 2
 1 1
# length: 1
# name: r_0_m10_2p2
# type: matrix
# rows: 1
# columns: 12
 0 -10 0.5 2.2 0.2209448333333334 -6.154488333333333 -0.02540768333333333 0.01266515434436812 0.1119233240065119 0.0009277179989989777 124.8333333333333 0.408248290463863




