# Created by Octave 3.8.2, Wed May 24 11:31:53 2017 BST <co1ssj@node117>
# name: result
# type: scalar struct
# ndims: 2
 1 1
# length: 1
# name: r_0_m10_0p6
# type: matrix
# rows: 1
# columns: 12
 0 -10 0.5 0.6 0.1955571666666667 -5.652558333333332 -0.02712838333333334 0.02181628559050936 0.1727003256993647 0.002712967883640842 152.3333333333333 0.5163977794943223




