# Created by Octave 3.8.2, Tue May 23 15:48:03 2017 BST <co1ssj@node117>
# name: result
# type: scalar struct
# ndims: 2
 1 1
# length: 1
# name: r_0_m10_1p1
# type: matrix
# rows: 1
# columns: 9
 0 -10 1.1 0.2492418333333334 -6.446095 -0.02622945 0.02683719460313739 0.1656373045844443 0.001112113216808433




