# Created by Octave 3.8.2, Wed May 24 11:31:50 2017 BST <co1ssj@node117>
# name: result
# type: scalar struct
# ndims: 2
 1 1
# length: 1
# name: r_0_m10_3
# type: matrix
# rows: 1
# columns: 12
 0 -10 0.5 3 0.2293795 -6.331893333333333 -0.02578556666666667 0.01965570377015283 0.2704757577800028 0.001227868332789256 122.8333333333333 0.408248290463863




