# Created by Octave 3.8.2, Fri May 26 13:10:32 2017 BST <co1ssj@node117>
# name: result
# type: scalar struct
# ndims: 2
 1 1
# length: 1
# name: r_0_m10_G0_L1_D0p7
# type: matrix
# rows: 1
# columns: 14
 0 -10 0.5 0 1 0.2099191666666667 -6.167406666666667 -0.0242809 0.01435525916751999 0.124644914804683 0.0009453696800722984 137.3333333333333 0.816496580927726 0.7




