# Created by Octave 3.8.2, Fri May 26 12:42:11 2017 BST <co1ssj@node003>
# name: result
# type: scalar struct
# ndims: 2
 1 1
# length: 1
# name: r_0_m10_G0_L3p8_Dm1
# type: matrix
# rows: 1
# columns: 14
 0 -10 0.5 0 3.8 0.238074 -6.519636666666666 -0.0256221 0.02487654507362307 0.3307928647759301 0.001114535899825573 121.5 0.5477225575051661 0.7




