# Created by Octave 3.8.2, Tue May 23 15:47:41 2017 BST <co1ssj@node117>
# name: result
# type: scalar struct
# ndims: 2
 1 1
# length: 1
# name: r_0_m10_0p7
# type: matrix
# rows: 1
# columns: 9
 0 -10 0.7 0.1933801666666667 -5.664881666666666 -0.02496186666666667 0.02616754410651994 0.1844250653698315 0.002980351184452374




