# Created by Octave 3.8.2, Wed May 24 11:31:52 2017 BST <co1ssj@node180>
# name: result
# type: scalar struct
# ndims: 2
 1 1
# length: 1
# name: r_0_m10_3p6
# type: matrix
# rows: 1
# columns: 12
 0 -10 0.5 3.6 0.2323635 -6.483391666666666 -0.0255037 0.01734584647401215 0.2582077395754563 0.001061636020489131 121.8333333333333 0.408248290463863




