# Created by Octave 3.8.2, Wed May 24 11:31:47 2017 BST <co1ssj@node117>
# name: result
# type: scalar struct
# ndims: 2
 1 1
# length: 1
# name: r_0_m10_2
# type: matrix
# rows: 1
# columns: 12
 0 -10 0.5 2 0.2222313333333333 -6.046238333333332 -0.0252682 0.03149972199665683 0.3568665177018806 0.002022742039905238 126.1666666666667 0.752772652709081




