# Created by Octave 3.8.2, Fri May 26 12:42:11 2017 BST <co1ssj@node117>
# name: result
# type: scalar struct
# ndims: 2
 1 1
# length: 1
# name: r_0_m10_G0_L2p8_Dm1
# type: matrix
# rows: 1
# columns: 14
 0 -10 0.5 0 2.8 0.2383886666666667 -6.384740000000001 -0.02647065 0.01177389150054758 0.1694259867906927 0.000455880277046507 123.3333333333333 0.5163977794943223 0.7




