# Created by Octave 3.8.2, Mon Jun 27 16:57:54 2016 BST <pc1ssj@node117>
# name: da
# type: matrix
# rows: 1
# columns: 11
 0.05 0.1 0.15 0.2 0.3 0.4 0.5 0.6 0.7 0.8 0.9


# name: lat_mean
# type: matrix
# rows: 1
# columns: 11
 155 131.625 121.25 115.625 108 102.25 98 94.75 89.125 86.25 83


# name: lat_sd
# type: matrix
# rows: 1
# columns: 11
 3.023715784073818 1.995530720671285 0.4629100498862757 0.7440238091428449 0 0.4629100498862757 0.7559289460184544 0.4629100498862757 1.552647508520297 1.832250762625809 0.7559289460184544


# name: params
# type: scalar struct
# ndims: 2
 1 1
# length: 18
# name: targetThetaY
# type: scalar
-8


# name: targetThetaX
# type: scalar
0


# name: num_par_runs
# type: scalar
8


# name: dopamine
# type: scalar
0.9


# name: targetCross
# type: scalar
0


# name: targetLuminance
# type: scalar
1.8


# name: targetWidthX
# type: scalar
4


# name: targetWidthY
# type: scalar
4


# name: fixCross
# type: scalar
0


# name: fixLuminance
# type: scalar
0.5


# name: fixWidthX
# type: scalar
2


# name: fixWidthY
# type: scalar
2


# name: fixOn
# type: scalar
0


# name: fixOff
# type: scalar
0.45


# name: targetOn
# type: scalar
0.55


# name: targetOff
# type: scalar
1


# name: use_insigneo
# type: scalar
1


# name: cleanup
# type: scalar
1




# name: fa_mean
# type: matrix
# rows: 11
# columns: 3
 -0.6405010000000001 -9.14759875 0.06180843750000001
 -0.1146021 -9.65314375 0.01175908375
 -0.09138487499999999 -9.675996250000001 0.0098370625
 -0.062076825 -9.708547500000002 0.0070865175
 -0.045838275 -9.724005 0.005513542499999999
 -0.034262375 -9.725037499999999 0.00453897125
 -0.0348748 -9.721554999999999 0.004841197499999999
 -0.03528294999999999 -9.715025000000001 0.00502809875
 -0.0435487375 -9.720527500000001 0.0059051775
 -0.046083925 -9.719553749999999 0.005612977500000001
 -0.03841745 -9.72093125 0.00487185625


# name: fa_sd
# type: matrix
# rows: 11
# columns: 3
 0.1322761569973969 0.2050693015569892 0.01549472349155742
 0.04290712714300171 0.04344792874810018 0.003698875375948508
 0.02817955416836571 0.04009133142410131 0.00296033300576979
 0.01449761432381697 0.02257826688907467 0.001735148947486724
 0.01590429588900433 0.01160039408197558 0.001279485324236161
 0.007372966589362598 0.01089909924194297 0.0007196222122839872
 0.01299896619339949 0.01351613321711726 0.001348109638851487
 0.0171528727949577 0.02945937347796596 0.002218857329511473
 0.008334644574980388 0.01750977094571564 0.001200345855787882
 0.02040324706404421 0.02020503044682559 0.002009342480853945
 0.01547315056015234 0.01815974467842834 0.001439348494323908


