# Created by Octave 3.8.2, Wed Jul 05 16:11:33 2017 BST <co1ssj@node117>
# name: result
# type: scalar struct
# ndims: 2
 1 1
# length: 3
# name: params
# type: scalar struct
# ndims: 2
 1 1
# length: 18
# name: cleanup
# type: scalar
0


# name: num_runs
# type: scalar
6


# name: dopamine
# type: scalar
0.7


# name: targetCross
# type: scalar
1


# name: targetLuminance
# type: scalar
0.3


# name: targetWidthX
# type: scalar
6


# name: targetWidthY
# type: scalar
2


# name: fixCross
# type: scalar
1


# name: fixLuminance
# type: scalar
0.2


# name: fixWidthX
# type: scalar
6


# name: fixWidthY
# type: scalar
2


# name: fixOn
# type: scalar
0


# name: targetOff
# type: scalar
1


# name: targetOn
# type: scalar
0.2


# name: fixOff
# type: scalar
0.2


# name: targetThetaX
# type: scalar
0


# name: targetThetaY
# type: scalar
-13


# name: exptnum
# type: scalar
0




# name: r_0_m13_G0_L0p3_D0p7_scsum
# type: matrix
# rows: 6
# columns: 600
 2.263073935799184 46.59854322357569 43.50942239660071 40.32810712180071 37.37158967609867 34.69076824341028 32.49613994581159 30.84314784999879 29.48291589714063 28.42002622637665 27.69427360146074 27.20027547481004 26.76463960550609 26.64544540547286 26.77515719189978 27.02803681057412 27.48202319706616 28.31874915561639 29.3760931519646 30.69266286766288 32.19078707341396 33.66869400469659 34.7768329167302 35.39113764364447 35.14025311284786 33.56864753409172 30.38281449044007 27.47347623182577 24.71848490447155 22.35971881049045 20.14184214781926 18.1528514019119 16.40862394376018 14.84091615255966 13.43141531380752 12.2008838352267 11.07270627204707 10.05026119531249 9.197069179679602 8.386265933339018 7.724272981951799 7.110897284030216 6.575907857753919 6.090961809877626 5.687287234526593 5.277247448524577 5.021333731179766 4.732899722491311 4.493814734853004 4.208046428826492 3.955757064584759 3.734784729364037 3.56656332838611 3.405452220875304 3.265095462178579 3.169575500862265 3.044990917496762 2.986678503963049 2.879863636102527 2.795057900380925 2.709832414409902 2.612138566546491 2.577326193935733 2.52990906049672 2.458445352091076 2.495448613430199 2.429613077791146 2.389211966445146 2.353988087220387 2.312281829770654 2.292631224489014 2.2774855207972 2.251226217031217 2.274843129842338 2.278673002154392 2.331979923226754 2.300417758326148 2.21946788940113 2.243749797972669 2.204678541325848 2.179937563605563 2.207168016273499 2.165303076842974 2.184465470821124 2.233585402540484 2.2372589414299 2.210915916464728 2.231725107838429 2.193255514543125 2.214421950302494 2.209475404473778 2.195307306170434 2.256502250242193 2.233688717758923 2.186860318091931 2.167107275648959 2.195628054912959 2.221658903901698 2.20843174782749 2.218605919602851 2.19233505932425 2.136357808063622 2.189383716191514 2.234763559717976 2.248194787833199 2.29901929953121 2.335160659360554 2.315346893628885 2.35374012109969 2.348447979564298 2.391799728873593 2.382438359218213 2.374431469706906 2.347176340537771 2.311082274325599 2.353736752549594 2.260032009042334 2.299420334515162 2.266239946537098 2.263180168614781 2.20949986272899 2.204065777110372 2.217090463738714 2.217805846441479 2.265807947100257 2.237523254414555 2.257092119101799 2.318463447922113 2.33918835896111 2.269005721012945 2.246834400508305 2.251239594526851 2.270241813581379 2.24314895702264 2.259292897557316 2.300621006324945 2.324895442501656 2.30977048096247 2.293039521202445 2.316692121001324 2.295109131839126 2.264556571863068 2.209865161241396 2.249992962695615 2.315705537177564 2.29762858797767 2.324299051317212 2.236772681739239 2.236345405108295 2.215898847307471 2.230932278047476 2.202844148443546 2.140081021319929 2.233585894224234 2.194338938330475 2.207478012660431 2.212608268215263 2.213141021256888 2.242360967262357 2.264612861286878 2.255736783537941 2.219438220148731 2.2070308269831 2.269597391696152 2.304093506390927 2.308660000604505 2.270119160370086 2.289052317568348 2.323785081687674 2.336139454811928 2.30798846806465 2.361628890052089 2.382699146066443 2.369201856134168 2.334729445061384 2.392643795421463 2.413639060479909 2.431438240033458 2.36893457163751 2.309686276816137 2.214033934076724 2.210543115652399 2.290580585362477 2.306617877715325 2.354777076801838 2.346354758086818 2.352740470119898 2.3736814305812 2.350864221007214 2.382193198183813 2.414828756347561 2.387305415715673 2.354515811188321 2.327976781645702 2.29148526766221 2.278125575729064 2.261150053738675 2.246969736492247 2.223174864167959 2.226110837786109 2.210711088573589 2.132659048373171 2.100063017320281 2.144100318855635 2.160667921289132 2.203341488664591 2.224150895806815 2.186360017170955 2.213418522391294 2.261623881477135 2.220347475861672 2.228297494257276 2.249736585145001 2.286691243294626 2.272120137837192 2.239697845667251 2.218477122329205 2.185740118364265 2.180904853950778 2.17170418024034 2.210355092207465 2.203477659255441 2.208201303532405 2.21953224898607 2.219984969178768 2.229086687642848 2.262769843558999 2.22392708814732 2.226057535423024 2.219264688883413 2.154770242384984 2.210371674285852 2.220407343203988 2.240711844038742 2.215193734235072 2.251263817313884 2.246201496632239 2.248385322760441 2.302217610297021 2.311068477691151 2.297839899503742 2.326948793128395 2.312841075025062 2.344686302712944 2.280094232111878 2.268402325415082 2.245157022231069 2.211396733448055 2.214238975591797 2.184944392261968 2.170378612318018 2.253600364176236 2.271618177868731 2.229066050153051 2.273081724044459 2.228456069276945 2.277120206033032 2.317779830713334 2.382314537677303 2.352712221651018 2.324843766655249 2.318274471097538 2.359865090500534 2.328044399488135 2.321397200867068 2.328659589817107 2.306736238777376 2.331337062591047 2.274181752309232 2.265256745946317 2.289339301704786 2.249264524700266 2.243488224710745 2.157400231288193 2.161496088985587 2.148557092034025 2.169649958279479 2.196250213004532 2.225495334467269 2.230237028408737 2.248298599895861 2.276950631578075 2.437915722890466 2.833127809193684 3.529911022593296 4.539946053024323 5.973569697358471 7.488250132528265 9.362158574731438 10.95069630756007 12.79212233466933 14.53185083231801 16.21305140676122 18.31123422433666 20.5191807898882 22.38926705014092 23.71819191875329 24.71433249019174 25.95231887405316 27.436015609077 29.24463100711728 31.21995553114903 33.32176071289359 35.46923667769988 37.32603194152034 38.95545804708081 40.3519829922825 41.70624212028315 43.07247666433977 44.23840952062892 45.55807848242694 46.79567399186635 48.17238129034013 49.68253559513687 51.09501545776584 52.50252444612488 53.81877744687154 55.12857165357855 56.48416097338668 57.75487777948001 59.18592158332831 58.59198361741437 57.9562139175614 57.26453821820905 56.54874631002167 55.92328958840517 55.20352185694901 54.40347800798372 53.51509204076501 52.57494044863415 51.60251481784508 50.58483203400647 49.63348457716347 48.61922257804872 47.44006480592725 46.26940648236268 44.85934538167203 43.41074209992075 41.87516533233429 40.11204851296498 38.4065245484162 36.74719961706433 34.60935439280001 32.32113682638555 30.01004894005018 27.42546748107634 24.93623504054267 22.6581371817465 20.61777591835062 18.7690618183251 17.08457528542931 15.60746702481265 14.22720021717987 13.0178641051898 11.91955181149387 10.92763733962056 10.06981286053633 9.282532100929529 8.609717783745282 7.951456683371362 7.327939249706105 6.77888357019765 6.334910941048292 5.938914980499248 5.545227784270537 5.172453039253014 4.951697681841324 4.621676595103054 4.406085013557458 4.203974084986839 3.948787803135929 3.833255482088134 3.631783419627027 3.513244458074041 3.34534553038975 3.182940792721638 3.074208353489666 3.028359413467115 2.979655793995335 2.843355973520374 2.780960766456701 2.704713908195117 2.647449205862358 2.626844814956712 2.581563500047196 2.545771600649459 2.530135014148982 2.460913153336151 2.423124033062777 2.402338562373188 2.384968578830012 2.366430612190015 