# Created by Octave 3.8.2, Wed Jul 05 16:11:13 2017 BST <co1ssj@node117>
# name: result
# type: scalar struct
# ndims: 2
 1 1
# length: 3
# name: params
# type: scalar struct
# ndims: 2
 1 1
# length: 18
# name: cleanup
# type: scalar
0


# name: num_runs
# type: scalar
6


# name: dopamine
# type: scalar
0.7


# name: targetCross
# type: scalar
1


# name: targetLuminance
# type: scalar
0.3


# name: targetWidthX
# type: scalar
6


# name: targetWidthY
# type: scalar
2


# name: fixCross
# type: scalar
1


# name: fixLuminance
# type: scalar
0.2


# name: fixWidthX
# type: scalar
6


# name: fixWidthY
# type: scalar
2


# name: fixOn
# type: scalar
0


# name: targetOff
# type: scalar
1


# name: targetOn
# type: scalar
0.2


# name: fixOff
# type: scalar
0.2


# name: targetThetaX
# type: scalar
0


# name: targetThetaY
# type: scalar
-14


# name: exptnum
# type: scalar
0




# name: r_0_m14_G0_L0p3_D0p7_scsum
# type: matrix
# rows: 6
# columns: 600
 2.280233568919357 46.72393804710009 43.62647913035471 40.42461362777976 37.44874616038578 34.92462796643667 32.78131685034896 30.94403646542924 29.51765839772997 28.49100809168885 27.66796368670475 27.07317130532101 26.73940207067062 26.59059510071529 26.57691612839699 26.83282983570825 27.4183963650139 28.22459606451957 29.28616286267788 30.69290034905134 32.13735143742815 33.57389605587377 34.64686266452918 35.16918235533376 34.81666891617351 33.15405684309371 29.93091471611842 26.96451829827492 24.29829070447886 21.93537244120671 19.9252547922224 18.03768479752853 16.39363851123926 14.81401143342373 13.40534856545128 12.05275459319819 11.00199812491792 10.02737207389146 9.254201317780826 8.435816743389296 7.807110281581117 7.176898090881878 6.580542666542897 6.128601104868721 5.754406999738421 5.306628541158716 4.977778740096255 4.696164203691296 4.358754385575594 4.180025229341481 3.993102233871468 3.814559714628558 3.59383227230137 3.427101035722444 3.240071344320313 3.101028472316102 3.030960911204602 2.926630623176607 2.825585617858451 2.849664319743169 2.778908288244565 2.737999669312558 2.656305548603996 2.57687547714886 2.550801366800442 2.543994737641697 2.522452114342741 2.500605483503023 2.487694487670524 2.441324494528089 2.415991053807375 2.410591352771007 2.453301564310095 2.404756916315819 2.338791705595213 2.343104412138928 2.360001568822554 2.412253645670717 2.41596488916548 2.333735343607259 2.326302186245812 2.320891108814976 2.334553009393858 2.370080703076383 2.338093848702556 2.38651295409727 2.295336815979681 2.268980767898029 2.289846709589256 2.255063748532848 2.247790146648185 2.266870135790668 2.291213471620722 2.326761386175349 2.278177037002024 2.285049364725637 2.273713413986115 2.315695428722393 2.383438753931841 2.328533771729781 2.284039666377794 2.266536424682272 2.170430776968715 2.222653626235115 2.224763874528435 2.304088200613478 2.313045595774383 2.331589144843747 2.373342317812785 2.322418166801071 2.289736651622661 2.275282145645178 2.268846424018193 2.230935441708425 2.218475963956735 2.190384736910346 2.183029582778545 2.176427813854389 2.113441402343597 2.089266832572321 2.116800132534991 2.113415325187816 2.145639292115447 2.152423239887867 2.194252726569175 2.194781917509317 2.259803221735638 2.237934271895938 2.20950249426096 2.313030672587047 2.353371572366086 2.334200706955016 2.317341199348448 2.332863501716929 2.292066560623425 2.309865457958949 2.300696577236522 2.311714818395558 2.337700098134519 2.344777884791256 2.312585072490037 2.276465386807104 2.275093147454754 2.278366479335091 2.236034100111283 2.180764721601008 2.164810436547668 2.190748735664783 2.219337515063671 2.211133322832211 2.255375850254495 2.17300353229075 2.167829256562982 2.19922257080907 2.253580469943699 2.272598392512009 2.300785119121429 2.325115679223018 2.333343581387453 2.327928313947268 2.309210605853877 2.311653194905375 2.301969259646285 2.271712982805184 2.275406280607058 2.265092430010554 2.255710054871997 2.30926504882882 2.185396674878575 2.195820385106344 2.177256152015616 2.222333606041502 2.291350675463036 2.280871164704877 2.385429986981762 2.335143422100373 2.327911889868119 2.296425224525592 2.266941617777775 2.306854860726162 2.32697878954059 2.305774105905584 2.30113597476884 2.326128228361995 2.356090880231932 2.427551265023794 2.363310246408219 2.317133967088012 2.307110018227831 2.327153215132057 2.310139310106024 2.327147360618255 2.383847370267176 2.379860986566428 2.355385991897492 2.337971625900536 2.341430738320923 2.321143903787743 2.288446614271379 2.277623154343019 2.324216718247044 2.394288770114144 2.402162034100911 2.293964991866233 2.282315319416739 2.329778008628637 2.288611428404693 2.302791434180108 2.277172068538675 2.30259347291576 2.336868914797378 2.326253696875938 2.295844280302845 2.303187340032309 2.335226996816345 2.395842601883487 2.414594226667759 2.3823216851506 2.355822926012479 2.294961168532609 2.246776304920786 2.21489601952635 2.246965622418429 2.234915432061825 2.269646125904728 2.256379897196894 2.227411912383104 2.227153120858929 2.24580278317444 2.268613508807903 2.195584841152595 2.28238844524094 2.247372473146243 2.294402410490875 2.303360281151981 2.305104626248067 2.257392690196866 2.2941312451876 2.199027024600582 2.142141348944278 2.222566564956651 2.270291947625083 2.284991248394363 2.309872382382309 2.275662801239378 2.306246841479151 2.300752338487655 2.277726134903787 2.302393060774193 2.337483370385598 2.351431773196964 2.343118669761679 2.349695375496594 2.312181258355849 2.361582121448919 2.368477441934374 2.345835155625537 2.28799857021113 2.297698038426461 2.3149501931548 2.383037209598115 2.349990585255 2.328747689571173 2.316238926294318 2.334119723422191 2.333803572670149 2.257744399390504 2.277784812526079 2.22287968767705 2.244599198340438 2.188181061941577 2.210887024742988 2.233472571857419 2.312540246355638 2.301870491028239 2.257407595898258 2.260751971622085 2.27619817321829 2.304784258838481 2.296074812758889 2.292528204467089 2.248594199569197 2.26432141733676 2.345855230310008 2.528886098101793 2.879620470514055 3.538566382267163 4.616388125512458 6.078567158692749 7.771695149142033 9.601870195272568 11.36309356522179 13.29154067279887 15.05255776096601 16.7863980059883 18.39690423250067 19.88448824557418 21.75609231216004 23.65592243550236 25.30949302418594 26.75343834220257 28.50096162197588 30.16240486636889 31.86848194629692 33.29376775221317 34.73109515978649 36.14609720045337 37.52374473790951 38.98640691170294 40.51703219853152 42.07754527517682 43.659237591899 45.25127222752417 46.96850566377907 48.48547650036926 50.06534631936665 51.42290556507396 52.71347719600089 54.20975323370658 55.50658471400675 56.76627475207351 58.09930868615629 57.55701155943098 56.99182743439815 56.37421315855318 55.59146447843523 54.81696296759401 54.03591566489922 53.2829854204374 52.51834430441522 51.4931453166646 50.49460609034395 49.34731926220411 48.28467836249183 47.15001979973749 45.91678845582283 44.61003967725264 43.2426003548826 41.85736424267816 40.28261664315505 38.65808996204578 36.94635717641722 34.94727512067038 32.96212939716861 30.68939489878176 28.29595138524019 25.68576238319656 23.33354321872685 21.20439980635274 19.28079395455279 17.56711458091195 16.01583482180286 14.63089833171398 13.39064523871639 12.24330516567716 11.22193773262552 10.32027109976116 9.487634521985456 8.778587269747732 8.18443309605027 7.532664030768501 7.01793680175615 6.55700214351964 6.099777234227076 5.688785766444198 5.381681946460958 5.067540061012551 4.791432377649471 4.525620283540775 4.3119063042177 4.117821320294752 3.867465271116089 3.726456467222306 3.559170708307647 3.466703101781604 3.347422574475786 3.218338535098155 3.12642382143531 3.081450946134282 2.970789867264102 2.899794413908239 2.847330487500585 2.850890709976738 2.817532005348767 2.804701894610844 2.738412251699629 2.688910018678143 2.705166366951744 2.635121721828909 2.612380461428984 2.558016873645101 2.537588538500131 