# Created by Octave 3.8.2, Wed Jul 05 16:11:33 2017 BST <co1ssj@node117>
# name: result
# type: scalar struct
# ndims: 2
 1 1
# length: 3
# name: params
# type: scalar struct
# ndims: 2
 1 1
# length: 18
# name: cleanup
# type: scalar
0


# name: num_runs
# type: scalar
6


# name: dopamine
# type: scalar
0.7


# name: targetCross
# type: scalar
1


# name: targetLuminance
# type: scalar
0.3


# name: targetWidthX
# type: scalar
6


# name: targetWidthY
# type: scalar
2


# name: fixCross
# type: scalar
1


# name: fixLuminance
# type: scalar
0.2


# name: fixWidthX
# type: scalar
6


# name: fixWidthY
# type: scalar
2


# name: fixOn
# type: scalar
0


# name: targetOff
# type: scalar
1


# name: targetOn
# type: scalar
0.2


# name: fixOff
# type: scalar
0.2


# name: targetThetaX
# type: scalar
0


# name: targetThetaY
# type: scalar
-7


# name: exptnum
# type: scalar
0




# name: r_0_m7_G0_L0p3_D0p7_scsum
# type: matrix
# rows: 6
# columns: 600
 2.298547947309999 46.52430878198356 43.34614333676291 40.16055059256905 37.19774555282493 34.66298132910742 32.58332974163932 30.88527774179238 29.44967893980356 28.38009857213183 27.63632093049819 27.08232321504329 26.68053641679671 26.50803166233527 26.48986629235151 26.78810771068675 27.3190234599133 28.10491191627807 29.21836998130311 30.5063779398115 31.94583339097153 33.33402213081717 34.39506093957971 34.92442674230551 34.67568116199982 33.18013967811567 30.0116711409355 27.08363568784625 24.39741146536107 22.06863069382962 19.95556337713788 18.0161703819831 16.38068612519419 14.87027564056189 13.47736239295773 12.20540058015467 11.07404862675321 10.08138614028576 9.251321310199273 8.513736042561504 7.815772089277743 7.170413768246362 6.622216774536355 6.091237956236 5.668666930898326 5.26674848638504 4.957231098691409 4.644676786505443 4.341561826731777 4.108452131322338 3.860923307882331 3.660403159956331 3.510260791241308 3.297515054538962 3.137323870425462 2.978657342080623 2.918480566357175 2.852665414196963 2.77525055204751 2.673331125537516 2.626170877081677 2.528439259574952 2.482469190988922 2.466791161121364 2.41374844008169 2.412596110381855 2.383739527568878 2.341334084590926 2.369267251193378 2.436883640817541 2.459561441336518 2.40683823285417 2.433283413796744 2.443832294917229 2.40598895189396 2.403223267649082 2.334878991605365 2.325598604751576 2.306355754368269 2.319646739415475 2.333398795331959 2.322295305200896 2.329504871850077 2.327367850357405 2.348014342132956 2.37355934633888 2.369170238664083 2.383353387745956 2.355675857223105 2.341011457681816 2.312065926533251 2.3340738320112 2.361727480369154 2.334696087367774 2.361842240869009 2.345162856363459 2.369512798974483 2.371097656134225 2.39510129957489 2.395095760388358 2.378145276124997 2.332380663986442 2.301524521360989 2.378453332872596 2.308908195679578 2.298573593518086 2.302326554113279 2.303145615031099 2.255402620525274 2.31531637770604 2.325691519778047 2.312457319203531 2.285027872429055 2.303732551183202 2.330758267919009 2.2725199776105 2.253133558431728 2.323684561068148 2.307090633783446 2.293992459075525 2.283096636172559 2.278123858617619 2.268782935920171 2.297616524461773 2.273518850532128 2.293187572082388 2.326802951116406 2.242619808159361 2.233104706001541 2.19870975617232 2.20034703224519 2.191721377779686 2.238318825886381 2.31998134854075 2.296450398673187 2.355653608239663 2.39053711546876 2.406577335375914 2.321514973032208 2.303577253551339 2.249915746109764 2.267473629674441 2.288547981606825 2.274785668145341 2.276809645592948 2.262276246190595 2.250700144979419 2.292050500109326 2.309328671370167 2.383931573625887 2.383628316641989 2.333587718629133 2.343778344140446 2.343550196681463 2.309547995712819 2.274087901849271 2.303735384568427 2.229493281523901 2.1897861915877 2.225905529377997 2.216865321363002 2.237255746920709 2.234665682553896 2.24096116918372 2.256185018092765 2.248664937786089 2.292843673229072 2.338559539872222 2.324928480457856 2.327812228639232 2.314654733228963 2.340371454993146 2.341376005608254 2.384172076544928 2.377337403431738 2.415515423541365 2.402528456073924 2.420413458175972 2.437627299048472 2.450157972656598 2.465408664153074 2.467034331102695 2.398125570878619 2.412283459281753 2.381462427474617 2.318034809664823 2.305930900976819 2.342920978873735 2.341829636454349 2.394503598930896 2.372105481055769 2.346065790727152 2.408693398689138 2.374484453295736 2.354049475259671 2.35942699629959 2.311242238109116 2.337037845527448 2.422267662914237 2.375244176300839 2.334251022839453 2.355923804127087 2.35861098337773 2.31303650341215 2.284690422879066 2.313315894600237 2.335829591553193 2.348692977382598 2.40837646989894 2.422489404743828 2.377434165926388 2.440095323756395 2.440055323826527 2.41731624199565 2.4252135016377 2.420188022590992 2.374702391422034 2.377153621091566 2.419223998796951 2.371909216737549 2.331051176650362 2.342931555966061 2.353395397236454 2.364609154912614 2.36343669060625 2.348488519088278 2.32001568056512 2.356464130418317 2.352885335203609 2.305036543053575 2.294655088626314 2.28695870365118 2.272313113351629 2.223344267378707 2.206677604954166 2.177310763983769 2.19324241087088 2.201795651177235 2.222453640602907 2.22028720236267 2.172237593724276 2.197295692800253 2.247293270243972 2.233235354928183 2.218344323970086 2.249490900339879 2.212866060253873 2.175338802895567 2.15889953639271 2.127714627420573 2.164518520236015 2.236931569830631 2.266391833814851 2.216936344302667 2.170372655615211 2.161761262628715 2.179984163547488 2.180787376826629 2.167432598271262 2.177627895067417 2.234069806167099 2.245670246567897 2.210602149050828 2.24176639009238 2.266376035753638 2.252396946423687 2.289642941919737 2.252505097230824 2.179435262456536 2.213895708784548 2.192192823116784 2.239510559764312 2.222396594883321 2.260070226624521 2.390343334160207 2.735984322152945 3.264819103880654 4.109987693300354 5.15905813137033 6.573275717648357 8.153212116390932 9.722668735665138 11.04821890123276 12.52274385626515 14.32373684084814 15.97286500262635 17.2341542372742 18.53241886163596 20.23181656797533 22.17240176539781 24.34848801202315 26.3948479500832 28.45588780168691 29.97645253643896 31.24316266527603 32.46968597728846 33.39598760160152 34.46498727285507 35.60436083950481 36.9430526955839 38.4314104852856 40.20724539655384 42.0234597507515 43.70731267205701 44.93509374595487 45.80548724617984 46.58076946139772 47.3778770685858 47.97217963286676 48.52521348641312 49.11407603687258 49.88813735522854 50.76456478231557 51.66478046554948 52.77921385090303 54.01323230563321 55.27846646074977 56.51510595962463 57.6272417723776 58.84522385969831 60.05436989828377 61.24761162052528 62.21133877296961 62.9818528235046 63.62868576513574 63.39157632912247 62.91640402028861 62.35256901954563 61.73746902469611 61.05148378591548 60.24583750071179 59.38239403370244 58.53815638668129 57.61729679114796 56.73807543890143 55.87103304047196 55.14035403924572 54.37446626630845 53.60494008510432 52.73752035098005 51.62717841324229 50.18206477780041 48.56531997607635 46.56723432255967 44.7252098486606 42.72100361476987 40.61559388629757 38.25852259054591 35.78391004995501 32.98444642747836 30.0608294296253 27.2373319108101 24.68967017926116 22.44279540799471 20.44000320209307 18.57630171022174 16.94444662352907 15.43984750902018 14.1630778419094 13.05162889380517 11.99970444498467 11.05466483749478 10.18354763337629 9.449436558687012 8.713578474387759 8.071129714320705 7.524098894878989 7.06485820839589 6.543965861208562 6.0695732522654 5.660311490521053 5.30394861987952 4.998205517542374 4.711668754400307 4.51495815540693 4.263130109371559 4.051950912831671 3.873582443455234 3.701802110495919 3.571726499259967 3.41325912470711 3.320026057303039 3.209299948404805 3.127899654997236 3.045784032863594 2.968931715229701 2.893807599029969 2.816167511275125 2.720617139137175 2.67556236605742 2.597674936507246 2.505951171651759 2.495856772729894 2.512818031893403 