# Created by Octave 3.8.2, Wed Jul 05 16:11:33 2017 BST <co1ssj@node117>
# name: result
# type: scalar struct
# ndims: 2
 1 1
# length: 3
# name: params
# type: scalar struct
# ndims: 2
 1 1
# length: 18
# name: cleanup
# type: scalar
0


# name: num_runs
# type: scalar
6


# name: dopamine
# type: scalar
0.7


# name: targetCross
# type: scalar
1


# name: targetLuminance
# type: scalar
0.3


# name: targetWidthX
# type: scalar
6


# name: targetWidthY
# type: scalar
2


# name: fixCross
# type: scalar
1


# name: fixLuminance
# type: scalar
0.2


# name: fixWidthX
# type: scalar
6


# name: fixWidthY
# type: scalar
2


# name: fixOn
# type: scalar
0


# name: targetOff
# type: scalar
1


# name: targetOn
# type: scalar
0.2


# name: fixOff
# type: scalar
0.2


# name: targetThetaX
# type: scalar
0


# name: targetThetaY
# type: scalar
-17


# name: exptnum
# type: scalar
0




# name: r_0_m17_G0_L0p3_D0p7_scsum
# type: matrix
# rows: 6
# columns: 600
 2.360565262621094 46.91068799683126 43.78168468410149 40.59173076019943 37.55887412012089 34.91612278975663 32.71283894096268 30.94263005293033 29.59003371626022 28.43113228371658 27.66785696524312 27.07447083768784 26.80376409308519 26.63017677376047 26.6565307296114 26.87092006864259 27.34974854506436 28.24964765546611 29.29183141546673 30.49650255365123 31.81129224321921 33.20039433219063 34.30786807880213 35.05943505920004 34.85477765015094 33.32385936689388 30.2291854917712 27.33587578810693 24.65261837987055 22.17626406155614 20.03882144123054 18.13557726381987 16.35944228629523 14.82415270334423 13.41743936950115 12.18466197850648 11.09426388399879 10.07519409132601 9.191860351589639 8.372355435829377 7.665337171893043 7.083189097349532 6.547760223755176 6.095802168951195 5.608086359032313 5.261690924766299 4.965197715057002 4.547643387835706 4.25823346715697 4.02919030112389 3.890944587794365 3.740264582113014 3.569482693950704 3.388647193994984 3.234455766156316 3.191612348739 3.107969209082512 3.01581986920246 2.897703655989972 2.834535800870071 2.761790882927016 2.663968380304141 2.636623852791672 2.568391897402762 2.604285219890698 2.517133274472144 2.485925583707285 2.445051290982519 2.389995580771938 2.364056824359068 2.38463160007359 2.35356189407139 2.387714517536551 2.373288687849708 2.295141607952246 2.338253558707947 2.367657283082735 2.36903185047413 2.373783181799809 2.358603080325338 2.381588085685507 2.429411545988842 2.453219626313512 2.465340993605878 2.449410464490938 2.417873385224084 2.380822585007991 2.349906220639241 2.366016623167525 2.402682365795044 2.390676008031733 2.375796567717771 2.382613713502906 2.381161661840451 2.365548108638905 2.341516147489529 2.29716930072027 2.294862770369946 2.272789786933572 2.244794326208648 2.298801838733198 2.255759476112871 2.260839521637536 2.285834477846038 2.307534573228622 2.243626789053451 2.211881471128436 2.212831577213365 2.20542515467605 2.241052058619971 2.234196278239324 2.216876797261648 2.169565230829903 2.210015489501529 2.240269297884879 2.234526993219333 2.248712417629577 2.292194526091407 2.325953420953738 2.272307257153443 2.295899197499239 2.296190150216717 2.263837519163644 2.256115261090599 2.307434864098468 2.341952259688696 2.34755909645537 2.337500472116517 2.325208755137282 2.317422111982523 2.323150648398951 2.309861597415875 2.314349003299867 2.260495195347175 2.208028330969682 2.227786169587489 2.26847938013816 2.278304399729677 2.28866008503428 2.295894941908045 2.345960240247223 2.304015961788537 2.240977760389796 2.232057714183611 2.273589845237439 2.266001164360205 2.345216401197831 2.315821972777485 2.346211178490194 2.344877938672653 2.297191574234603 2.282735343942477 2.322033090225887 2.302758738740522 2.253496588422422 2.294833474528787 2.24927853556801 2.223761202203605 2.220923252876673 2.254814411480766 2.214808547923894 2.267904319629451 2.308805751463296 2.265848746683332 2.271778767682008 2.307178285864211 2.339942593664091 2.341685152219725 2.35372056050619 2.311432889648131 2.303825762646738 2.278910759552673 2.303779712245159 2.293305592014804 2.320911941649683 2.226135825063466 2.233847442421393 2.255305136372044 2.208132688894693 2.226213633255611 2.231229610122682 2.256855841689685 2.255076019420812 2.281735059863422 2.313661087166111 2.332825794743258 2.324689990349725 2.32417913867539 2.338433492324839 2.359479668244603 2.419413289797376 2.382540985709056 2.419633832814725 2.417578624023008 2.455172947564279 2.477461682348803 2.53427699038366 2.519674306378874 2.467171068965399 2.402577531387578 2.38378742174973 2.380272829301248 2.412962328980939 2.416717222731677 2.313907272066444 2.346118930478042 2.308545267380396 2.309316504266462 2.322267648494744 2.298777125673951 2.31985360661929 2.315405359498982 2.312970297629363 2.309742751956946 2.34557788211896 2.36074156856921 2.336696879410738 2.361020527539949 2.347955548448226 2.350598956669273 2.412049908576591 2.402257613000984 2.350194337017456 2.350230990283308 2.366877099419071 2.32768255162955 2.319998132064939 2.302414936972127 2.294856508171506 2.318870674069331 2.372709208597371 2.322332636213105 2.297397972461113 2.322104775776097 2.330201726741507 2.381599008847843 2.337554722817003 2.325727379589807 2.33893628801161 2.312718478569877 2.303305331233787 2.334424161366769 2.331138834568264 2.253941380226024 2.221956143032003 2.269195545955881 2.276972122943334 2.280271711082605 2.293686688732123 2.257803824593793 2.261900239331226 2.27308584887578 2.262464802566683 2.224917085644847 2.223888884334883 2.234024026322004 2.19773138752862 2.240268504712731 2.251977371528483 2.273971771754987 2.239469145028124 2.281748121582496 2.291415109204536 2.2181396136275 2.291081505169132 2.339986755730934 2.398830173086026 2.382015014867648 2.319330411919509 2.303658509030356 2.336081612062117 2.324167408805806 2.310532221241374 2.2545906767009 2.26830742306629 2.309943422987999 2.301138765205906 2.304115323357109 2.274891435219615 2.225249550456283 2.272296345770883 2.278202045970829 2.237316638282209 2.20460506141535 2.171482156554703 2.135064961359603 2.154387331236649 2.178062024795508 2.206562225092057 2.26397688905854 2.514586033485102 2.925151232415374 3.637405137760652 4.723481896049634 6.179417407664005 8.090456841640844 10.11842936134417 11.98158021086965 13.77154527504899 15.69342403369956 17.62020098155699 19.58285250760673 21.17360371256291 22.64409568376732 24.3556852877955 26.31731920119637 28.13927689249977 29.95499844980077 31.75152147784593 33.71415186950617 35.6068268856252 37.14464429310465 38.46227308713424 39.59020035588765 41.12370871178427 42.46782900520338 44.02775572553219 45.47611681892886 46.85683514325865 48.28254262952032 49.87840210711147 51.52590239337223 53.36702156781394 55.1854613751002 56.89835960490382 58.13156720262486 58.88208945916267 58.38137713959259 57.80978460632105 56.98644660839636 55.966754473724 54.94520035348978 53.95455774388756 52.98174029939037 52.01547134792781 51.08141682895803 50.2833278975304 49.17868898136658 48.04938301444417 46.81866865897609 45.60448327051563 44.38043996349006 42.79082221486169 41.12586436547645 39.5052762807718 37.7510629918761 35.92541013451591 34.05322437449649 31.8858108171662 29.67381805562763 27.28081087048849 24.76380502696338 22.48193162809912 20.44866946506227 18.66958627096756 17.04088586450598 15.50995202483136 14.14797713212829 13.00091369030997 11.85941136212659 10.89279711291601 10.03507966448524 9.238190803051111 8.522741687236703 7.959726320481423 7.391624585348836 6.848540758022864 6.395250658941222 6.000045532793592 5.609103036527813 5.292721653924673 4.965420130087296 4.692581618751319 4.463373350467009 4.258342275859832 4.044352428965794 3.853201184065256 3.683982842943806 3.557546209623979 3.415772977341476 3.250198927260499 3.176053999901342 3.010841558694665 2.952559063778608 2.90839727846469 2.833580134021759 2.763899079873227 2.687000111576708 2.657003350068408 2.664562356745591 2.691074436480449 2.636036580210202 2.606073176371865 