# Created by Octave 3.8.2, Wed Jul 05 16:11:39 2017 BST <co1ssj@node117>
# name: result
# type: scalar struct
# ndims: 2
 1 1
# length: 3
# name: params
# type: scalar struct
# ndims: 2
 1 1
# length: 18
# name: cleanup
# type: scalar
0


# name: num_runs
# type: scalar
6


# name: dopamine
# type: scalar
0.7


# name: targetCross
# type: scalar
1


# name: targetLuminance
# type: scalar
0.3


# name: targetWidthX
# type: scalar
6


# name: targetWidthY
# type: scalar
2


# name: fixCross
# type: scalar
1


# name: fixLuminance
# type: scalar
0.2


# name: fixWidthX
# type: scalar
6


# name: fixWidthY
# type: scalar
2


# name: fixOn
# type: scalar
0


# name: targetOff
# type: scalar
1


# name: targetOn
# type: scalar
0.2


# name: fixOff
# type: scalar
0.2


# name: targetThetaX
# type: scalar
0


# name: targetThetaY
# type: scalar
-16


# name: exptnum
# type: scalar
0




# name: r_0_m16_G0_L0p3_D0p7_scsum
# type: matrix
# rows: 6
# columns: 600
 2.212447652971605 46.64620981802 43.57360540743684 40.32180326699745 37.32822757634858 34.79916243883781 32.63086229522014 30.88909556952422 29.47870243276702 28.39217487594578 27.66942958068103 27.14926556230057 26.81415748581639 26.5783555500675 26.65285644450341 26.88434679963393 27.40247726703819 28.20080360691645 29.33041768096155 30.6124811515765 31.94596898070085 33.31988677143818 34.45352240416833 35.07934651403775 34.749338884998 33.24007004701707 30.00555919550243 27.08254494773428 24.4454381843243 22.01914351742744 19.89776266393892 18.05938009610691 16.26671959921077 14.75795263073815 13.25014745754743 12.01317214868686 10.95213502696424 10.06767756274348 9.241218435710834 8.487110236863373 7.765534604277491 7.167051258253196 6.705714306586742 6.188157859003695 5.675511086443294 5.261737365166482 4.945919420744758 4.679955226383754 4.385551969648077 4.125159517949214 3.97667256949353 3.74193754463704 3.616785778600388 3.453362452230067 3.371590822964208 3.240088798789657 3.126303642224229 2.98245482800121 2.91602353817143 2.854357019507006 2.765943749876897 2.643315852426895 2.562716146730963 2.519315182587889 2.484414014539652 2.510948570605251 2.499913704286882 2.446667665310088 2.370801452863816 2.28627535555097 2.291085494478466 2.323801018959784 2.351095067451752 2.344698786782828 2.30452047885592 2.355364567178185 2.35585568172246 2.342189412916923 2.360525896943727 2.316984384495299 2.326628969196463 2.314517453352892 2.297484382532275 2.326455837501271 2.288609704890405 2.305953535864319 2.299293709027552 2.289721299661323 2.298385320653324 2.297903709492857 2.298883968353039 2.302704286361404 2.282753904997662 2.343981532238104 2.403702097682981 2.356920499061744 2.351368300689501 2.385879472141823 2.337792318166066 2.291639106275397 2.328966265702547 2.331817282894917 2.316284771111896 2.33573429912758 2.346948929458449 2.325943751351588 2.269286961136459 2.288450454048871 2.298060905848615 2.273291315024835 2.216211132206809 2.240456607791202 2.301798615615553 2.329725532417797 2.323134940717864 2.305425851533073 2.278737157179421 2.352378072479041 2.317328933360841 2.302868873102852 2.352487129912333 2.343421051040423 2.339487304237991 2.327837268225267 2.355639891859028 2.352703259588452 2.382050669581076 2.402851389120769 2.413767177831687 2.42774055233167 2.388362220222916 2.3332319997171 2.342775462464488 2.330343217436166 2.345895581725927 2.361550424804591 2.364021963129744 2.385721348415245 2.371967557461176 2.392630272734095 2.406205763192702 2.366211205106083 2.301523378067941 2.287301490134269 2.280062790305237 2.28988574406867 2.25840886986407 2.349060288648616 2.37761806241906 2.329581075387978 2.289728800486046 2.256367934627633 2.259159437222479 2.275389134410943 2.274874045986508 2.253087836865234 2.257530438750109 2.293046627164586 2.374290132655005 2.41182855313491 2.416241961673222 2.476035036481335 2.447226424297696 2.363658853133529 2.322679832806898 2.39682446918232 2.357119249083553 2.367341643181135 2.342124865521328 2.313835668395768 2.305171767788124 2.31989003016497 2.294136041136881 2.31054842343292 2.199428754982364 2.243596156928106 2.270631968603993 2.250874912097061 2.304062576299657 2.271819985668117 2.285978877494927 2.238436164931045 2.242392736421607 2.279190417757491 2.220318527863128 2.199232393661077 2.172154370906355 2.196961144823263 2.197523720267782 2.216981099078112 2.220321765660628 2.2262625375879 2.195418128943857 2.238076686261593 2.223717974397005 2.218347355985316 2.302525433733535 2.286715613849083 2.271280090222717 2.233156349509954 2.213624302603421 2.162896763678873 2.18403235790538 2.185911195021617 2.209227130828367 2.238204900328128 2.298685582256439 2.298633603671078 2.333379891679215 2.281751335836816 2.26743704877299 2.251244221941306 2.266309269447447 2.308415965919266 2.304238267592154 2.255468641578773 2.300144653347161 2.316742566712492 2.326389998881496 2.28421429482114 2.311644236579014 2.348894067101355 2.327853978902567 2.2878285721672 2.288792216655565 2.235448619310773 2.218578917341802 2.223171097604791 2.281495508905209 2.280927177589547 2.321897673456988 2.314419881491631 2.393121009070455 2.326818178770736 2.363467200491868 2.322163497789006 2.316376585935359 2.309994080191245 2.299326579699482 2.279307763288671 2.347893391022808 2.324905290766765 2.352706178186054 2.33183373817883 2.299485910290969 2.298976992307871 2.348820575291029 2.30435034113907 2.243029897312226 2.229668989128186 2.192323660712646 2.232086645773961 2.213364074254059 2.220400048903684 2.230128359908122 2.268894232613093 2.282137922335096 2.324144079804682 2.293370446095651 2.288793646583144 2.307088324116194 2.286098775832215 2.277274038027826 2.286798729335715 2.279424502790789 2.26631771929533 2.188473753809376 2.155515033882693 2.126153687298938 2.120738596891897 2.073258962231193 2.126249666165677 2.069206019506964 2.036733699562319 2.077220785737154 2.099021944586639 2.064476852998268 2.05731131855282 2.109717704963259 2.055279218810028 2.078359212111536 2.081234209548711 2.066448228870286 2.147156659470056 2.243285369891964 2.339981984074257 2.554693473914085 3.060264819585427 3.889164643420372 5.063223375811504 6.607180919114398 8.246054531329719 10.05438512644832 11.80076841948176 13.41067493368246 14.97081087173137 16.63824197780559 18.43555544820993 20.33274370765139 21.9502648999478 23.32702017878182 24.44430447147897 25.35757526015368 26.59973825580346 28.18518681773276 29.93974151173461 31.9500777425128 33.88176170029328 35.84069693329184 37.68154666593546 39.22598950255542 40.65879372171366 41.8223388391998 42.7875218588797 43.87472620677727 45.12912174745725 46.32078329672004 47.35016478918988 48.38159087461827 49.56231324661348 50.83090575859387 52.30053068436246 53.73911842940288 53.13060121902527 52.47783885365425 51.86170624039369 51.24424488922705 50.63805720645905 49.97316105070786 49.32139981058572 48.59720063073655 47.73558467772818 46.87673193978662 45.90474752931914 44.78491274208318 43.53499781642677 42.23467708113822 40.79997931028629 39.35061675745601 37.7491991637653 36.31249788007699 34.89298793677881 33.30952031517154 31.21867163408751 29.18664368033933 27.12563842588133 24.84329067960425 22.6232884195706 20.6345647340604 18.77224320064852 17.13311474510556 15.65072876146587 14.31186465877909 13.10295568214497 12.03888445593839 11.03296188845707 10.20671009463331 9.440500424043421 8.670594134797284 8.041270903828263 7.457810786845585 6.94561413649717 6.448562458292145 5.925645054811412 5.564241212294291 5.169100505496317 4.933212654574163 4.671380285100895 4.420481397115509 4.19401686592937 3.954547421111783 3.780668525861984 3.586087836280967 3.469983453156601 3.338919957910548 3.268677518462937 3.166360503066244 3.060768952898798 3.019986062006865 2.906379159550852 2.823172664666345 2.718324493973341 2.663965361865849 2.641021516599722 2.576644628912618 2.49522708706354 2.493011807055154 2.473645005587514 2.450199656228506 2.415121862364686 2.388798524800222 2.394485975884891 2.392086575776375 