# Created by Octave 3.8.2, Wed Jul 05 16:11:33 2017 BST <co1ssj@node117>
# name: result
# type: scalar struct
# ndims: 2
 1 1
# length: 3
# name: params
# type: scalar struct
# ndims: 2
 1 1
# length: 18
# name: cleanup
# type: scalar
0


# name: num_runs
# type: scalar
6


# name: dopamine
# type: scalar
0.7


# name: targetCross
# type: scalar
1


# name: targetLuminance
# type: scalar
0.3


# name: targetWidthX
# type: scalar
6


# name: targetWidthY
# type: scalar
2


# name: fixCross
# type: scalar
1


# name: fixLuminance
# type: scalar
0.2


# name: fixWidthX
# type: scalar
6


# name: fixWidthY
# type: scalar
2


# name: fixOn
# type: scalar
0


# name: targetOff
# type: scalar
1


# name: targetOn
# type: scalar
0.2


# name: fixOff
# type: scalar
0.2


# name: targetThetaX
# type: scalar
0


# name: targetThetaY
# type: scalar
-11


# name: exptnum
# type: scalar
0




# name: r_0_m11_G0_L0p3_D0p7_scsum
# type: matrix
# rows: 6
# columns: 600
 2.250756099092541 46.67588946729666 43.48611062762211 40.31052852908033 37.32318354962445 34.78214942816703 32.68550353546743 30.91544583177892 29.66141497062927 28.51732511588489 27.72666334642417 27.2545373319299 26.96656134267687 26.83210948304622 26.81269987966516 27.012806798768 27.51008751179324 28.21882631642802 29.3963222495222 30.61405369355271 31.99507167826232 33.31712762845564 34.38269979797769 34.95101234037429 34.66300869343104 33.03400673893339 29.85103755594901 27.00112233462278 24.33954290436668 21.92042463264079 19.86365040623059 17.91321805666485 16.17935091407708 14.73688220653275 13.40039625560894 12.11286479889532 11.05032615365053 10.13907263358851 9.269778354479058 8.474930762691656 7.807742946864892 7.202875873885205 6.720580251298088 6.210317079407105 5.77743955499318 5.411107020721829 5.091795322063263 4.716901894506009 4.397465126974566 4.163267077152341 3.943285556681076 3.757751686889605 3.54886352820904 3.449465362518822 3.297152351831755 3.187161733088942 3.091404539994983 3.008287810429465 2.962144963450555 2.812510095725884 2.726717774286953 2.681100842110027 2.649048335799307 2.611016028098675 2.612211549585481 2.581885351057281 2.537849765511965 2.583975231085788 2.574990881688791 2.573390712874243 2.476962560212996 2.463948385677213 2.428227245007292 2.366190182314313 2.345672438961628 2.331575145995885 2.285061403656073 2.290128439371983 2.252555670582296 2.271546719068283 2.298739335281425 2.272548951110366 2.289327485061222 2.280788906178714 2.26320603278873 2.253550398016159 2.253729438061782 2.255856024567038 2.264982486365625 2.268985545004398 2.27318619088328 2.342531791398869 2.356487583449052 2.383400277634792 2.318386394024856 2.338775381163941 2.34345135287731 2.379096580309124 2.406640347542634 2.399447422723824 2.402670775147271 2.385461524178936 2.392980006621656 2.398819580314012 2.328715109048062 2.315438261288364 2.283444093314756 2.230796374409692 2.198213155272242 2.223789147841671 2.205132254261116 2.220555644249544 2.217483495704073 2.233015165078541 2.180178693539347 2.182906710462703 2.157704357894545 2.104244146627025 2.212026697375222 2.236265482009912 2.243036514424603 2.240331909662928 2.245590488135349 2.234041373063519 2.266376076444431 2.245058520929888 2.270593227625795 2.257041467386443 2.228188051165489 2.258303835584229 2.269751072559302 2.248880486886264 2.303829730404686 2.308421720159458 2.329744702452444 2.275226301437215 2.314746793228551 2.319025800748932 2.302277143789979 2.389249576156544 2.365049236890627 2.331030671357439 2.304582382090302 2.354498152808446 2.391529952772544 2.363142260168388 2.371569948503748 2.368276080254873 2.429013476357795 2.43199189596271 2.417773634722835 2.360277451549337 2.269032390177017 2.280409706254432 2.338922461538459 2.38658450524963 2.443886215880411 2.411787998980799 2.445057369935967 2.449766650941456 2.414623991702683 2.341799105837708 2.385943628352834 2.343900320622197 2.339874904275348 2.294258771740715 2.270645394546591 2.306639455566255 2.312210339041485 2.330243921456713 2.352372124282738 2.403567824334459 2.373730400835484 2.340819528952125 2.376636420409341 2.391831809520227 2.402230547497311 2.314388801176392 2.338146345340647 2.330029665106849 2.310495013527543 2.217556129930017 2.219628306249433 2.215508419703838 2.216953025530529 2.225584536419774 2.272720847595338 2.20207202367601 2.205573437895509 2.278567321642186 2.282986477772283 2.310717526081135 2.29993882726194 2.253584573496482 2.259771948080015 2.29996889555332 2.231642494276457 2.250737857153581 2.250967007865256 2.273249071142345 2.274384984193603 2.256025064525602 2.234522100770846 2.241444705887261 2.288559119959245 2.296444579347735 2.311262348455784 2.326230898841459 2.374243954756821 2.328528004363761 2.342767345024185 2.333120028259145 2.278308727778494 2.278283224499319 2.209515895905497 2.231776610768065 2.274961371997051 2.303850061005505 2.290933691001555 2.271338790746086 2.244030066547566 2.191523740859338 2.151884220984357 2.181477377353076 2.155575095552194 2.117264048381912 2.120951731605601 2.107324854993749 2.126836491075665 2.213668784497713 2.197968413689523 2.175288739130337 2.178990810368305 2.171009064222744 2.162759369302876 2.176678756444744 2.197938765660183 2.27456514511141 2.250115713030027 2.265078583899594 2.207698381924274 2.250162115582498 2.255847406571775 2.237101551978412 2.237777572889172 2.235554603910714 2.215634517939179 2.236839920591592 2.181984001861565 2.190476173949719 2.183942822142853 2.170171825047873 2.179260125602013 2.176149602441001 2.239778431634477 2.261697679254212 2.276738901262434 2.303128215353354 2.246095903778041 2.228806745501061 2.219170059564931 2.217262217971438 2.216457266964426 2.238900210208158 2.226567538986274 2.233739245784818 2.253293037807452 2.297968099021091 2.311538212125015 2.255566032737988 2.285602369396656 2.300025129006826 2.302571468164388 2.306321729782212 2.3012511082743 2.286413217199879 2.322272687903023 2.574064795820959 2.989208428749407 3.749593906963128 4.975843339962012 6.722510456471355 8.781270454237529 10.71354676132614 12.56575645902922 14.32650246474077 16.00938699916878 17.90279821948207 19.55757215616904 21.35976945147559 23.509584832158 25.49839967161097 27.41203622704415 29.14224459791149 30.852742183808 32.93756515069254 34.65654459774669 36.54351155116456 38.48222237094888 40.36555705696082 42.05313672402553 43.78418427625002 45.61041589069737 47.23949684386753 49.03309347740651 50.49427551940244 51.97384358186537 53.3976979527979 55.01798033152954 56.66832698744975 58.33415137810152 59.73136981319112 60.90013752690629 62.33870019776077 63.87757679929746 65.41570272864192 66.83601462706429 66.90450448569027 66.38742430857747 65.66229388885404 64.9502243436873 64.26497477197699 63.44668597547934 62.74915317199338 62.01737992350536 61.00054038088638 59.96038443391444 58.86550735731726 57.7687966082085 56.69103670926415 55.41458723696269 53.97482858811418 52.60269649874317 51.04218460937773 49.46532431356536 47.6587409886306 45.79430893408062 43.85264152280797 41.71713505643129 39.41547053909017 36.90561083424109 34.303895477693 31.40778763927665 28.50449752305212 25.84128340247116 23.46563815699119 21.3385652170582 19.41767355490447 17.6503216337187 16.12603084906368 14.75491163458355 13.51125314462843 12.42251347038837 11.3878935717803 10.50080634802725 9.696569420348169 8.947673891161685 8.271162940580325 7.729417983315216 7.166536551791069 6.649307849063916 6.21875566995368 5.853397123188188 5.403948151739314 5.111296267736179 4.819088296957489 4.587800985107606 4.403199552871229 4.241441434820445 4.005636901874823 3.820877625079447 3.625204325078812 3.502630102660987 3.37330275484419 3.196057092471165 3.086065888412122 3.028488530042523 2.958814059704309 2.90228786132684 2.861032182348936 2.745253253495321 2.662236439173284 2.597539185742789 2.607117353662034 2.569406418473591 2.550656166971748 2.46584057770815 2.473910504621017 2.465481331753836 2.410135922102199 2.355390739732684 2.362117382130236 