# Created by Octave 3.8.2, Wed Jul 05 16:11:44 2017 BST <co1ssj@node117>
# name: result
# type: scalar struct
# ndims: 2
 1 1
# length: 3
# name: params
# type: scalar struct
# ndims: 2
 1 1
# length: 18
# name: cleanup
# type: scalar
0


# name: num_runs
# type: scalar
6


# name: dopamine
# type: scalar
0.7


# name: targetCross
# type: scalar
1


# name: targetLuminance
# type: scalar
0.3


# name: targetWidthX
# type: scalar
6


# name: targetWidthY
# type: scalar
2


# name: fixCross
# type: scalar
1


# name: fixLuminance
# type: scalar
0.2


# name: fixWidthX
# type: scalar
6


# name: fixWidthY
# type: scalar
2


# name: fixOn
# type: scalar
0


# name: targetOff
# type: scalar
1


# name: targetOn
# type: scalar
0.2


# name: fixOff
# type: scalar
0.2


# name: targetThetaX
# type: scalar
0


# name: targetThetaY
# type: scalar
-15


# name: exptnum
# type: scalar
0




# name: r_0_m15_G0_L0p3_D0p7_scsum
# type: matrix
# rows: 6
# columns: 600
 2.279570588430943 46.7077594868606 43.58247990044765 40.27140409481945 37.26112086085777 34.63685319488286 32.43672122681164 30.74704978047521 29.33579853738775 28.31869902039762 27.49092946639576 27.09630072950677 26.76849903792026 26.65078464359976 26.65191889056587 26.85667808356811 27.27718114292657 28.02724109351402 29.10989618455642 30.5008715854492 31.87111747327435 33.22195798261964 34.36168698149413 35.00832474694471 34.81552695843857 33.26642470897423 30.20253904024139 27.25954282938619 24.65958166815835 22.34451482880104 20.16216698244534 18.23335858892642 16.48248619947117 14.87790422114631 13.52760499873693 12.26484371149854 11.260918292719 10.28257403124735 9.425406054753694 8.578467891995388 7.906512992529315 7.288116840758448 6.633971424191259 6.085680888943898 5.73276570548478 5.325550659414148 4.990254218209884 4.718241759323064 4.429431115975603 4.212124143778055 3.881817339766712 3.704977720382885 3.586889519281613 3.433991902162234 3.258573676852393 3.112867492647638 3.03419809020852 2.951328647581249 2.890336332127845 2.846700622460048 2.791079198383159 2.784166196091974 2.743066926166648 2.648043093275191 2.578540930007875 2.584968427821877 2.52489161106223 2.50221950418927 2.476614181487093 2.470674996038724 2.500142052092997 2.464492331242582 2.523339721941738 2.477798706626345 2.493035903415148 2.455721339725642 2.410130138952809 2.365210454876433 2.363180725431448 2.325066252909892 2.312114519638271 2.307860107255692 2.338561143755214 2.303826713807211 2.32100180766065 2.343604026345929 2.367926504608477 2.342190466692045 2.351793661549891 2.348790992327849 2.311423967817973 2.269343704349012 2.314798403946043 2.362808072703046 2.351446025604673 2.337625405580184 2.376628054407774 2.401645640064089 2.37765017538004 2.447514262221375 2.409661338380829 2.396844632326975 2.433250403650163 2.460590129227057 2.423713008854975 2.434112657872902 2.490966365450731 2.488973044622981 2.501624805725442 2.450416302548547 2.404601677695609 2.376127169547544 2.399652454078023 2.384024284685438 2.345441025325272 2.28021563915172 2.29627227841047 2.365158249387605 2.379885815207672 2.367428942408878 2.38761552168944 2.461459264806763 2.477736718024971 2.487546863325406 2.496220510263811 2.500204691954423 2.484386321248166 2.388406232095804 2.384319262055214 2.402581989277678 2.409132367887651 2.35495740033366 2.369608418419375 2.429131580483954 2.408452164374467 2.378021336608072 2.354963115918508 2.348921935423277 2.317489674162061 2.291000723420439 2.264091958828431 2.268246042805913 2.307459836889393 2.279208016570919 2.296845986937115 2.268342581264733 2.249306266123313 2.25035631818173 2.274869230850527 2.305972068028495 2.278472907511969 2.238239933194563 2.240884278253361 2.277021019443055 2.279437336259434 2.278370208627166 2.277339261825546 2.289862897789135 2.300274326637009 2.304912514826356 2.319124860045122 2.323480446179019 2.358561788336374 2.369003583824451 2.370995908251643 2.369202007055719 2.33342704405004 2.288652207917039 2.307007702598639 2.293273346378555 2.242265904969827 2.227154916618019 2.313406711429707 2.325046027061035 2.310925130448595 2.306850978573493 2.31490083108838 2.321759563907108 2.280886561697116 2.313878555683914 2.29204179833323 2.322742252103126 2.297101736792683 2.329822286188573 2.31228214782459 2.272776046213039 2.330453421265702 2.311539455746242 2.281660517033743 2.263521348198992 2.247761490012635 2.25392543682392 2.254446679286048 2.273136704428907 2.272198456825208 2.27547524233978 2.294751582128811 2.327797123864002 2.405773025546296 2.431810696991306 2.417346910926426 2.389763132809094 2.395832805887039 2.36702651426458 2.464298202688951 2.438150756421237 2.413030421907024 2.467137302242918 2.464842781224434 2.522726670616976 2.517426644772058 2.50863756860781 2.448538171818655 2.41747853274137 2.401989625963779 2.350205080219894 2.336790590888995 2.35720356767024 2.374387502597529 2.330738207965624 2.290602024702821 2.244573202093306 2.300134531014919 2.267879150555018 2.221305352992204 2.214034228656601 2.181714138325333 2.21462989000247 2.217295742695569 2.250396947529225 2.337087063751824 2.36225676547474 2.317573502296 2.287008439405326 2.318775309206103 2.323295165726449 2.301627326600283 2.259158689572359 2.288808117009467 2.302596306224586 2.268385347315416 2.308580919758242 2.284683263482293 2.258772487437454 2.227368285803095 2.228656472056173 2.25340790901646 2.201245579886745 2.254870770417256 2.296171467456588 2.32987340895852 2.354425916135369 2.3835891669587 2.362145291699562 2.331377364636865 2.33378128172626 2.310261515247475 2.290507876296033 2.334543780954846 2.364962124889189 2.377117951960827 2.344941383817059 2.349974413020391 2.344747141694825 2.380036921837018 2.391502376312928 2.376554490194394 2.374308784579625 2.334633689524708 2.362672020837636 2.362175225862302 2.359896317833773 2.342552121131121 2.283274553024967 2.242441888167377 2.255208643920923 2.210348263892229 2.241281731725394 2.246161137685704 2.252357464725719 2.213940867426572 2.209942889901868 2.241316219231521 2.220898621410015 2.260849627165953 2.273569618850161 2.280322448899824 2.335509082884528 2.488842552163987 2.6854629544614 3.16340127170406 3.895973031638277 4.991446226835251 6.447613318076037 8.053731916996185 9.747541273312891 11.44131634946461 13.0188891078069 14.59357602206001 16.13327303364349 17.81262506043277 19.44241080454231 21.06463074999556 22.65553822318543 24.16533543566038 25.69414464820693 27.10206919648408 28.35221706224183 29.29313072354853 30.07317614787462 31.14599805264515 32.47607050857732 34.17696386700845 36.03948436201608 37.99193527315219 39.92526739166715 41.70523995386611 43.20155173564126 44.453584484967 45.58199413797411 46.68295151766506 47.7925024491451 48.61995562688753 49.36512665402552 50.31838064493786 51.268941815566 51.31283715242898 50.79691857833677 50.33497328300655 49.88350637445183 49.57682571066289 49.22362668070855 48.5912966867636 47.90430155170907 47.20378796794103 46.24464686153806 45.13518399095847 43.79889782461032 42.51899185285583 41.16841112722614 39.85442630720354 38.71697652403236 37.62662702828311 36.26409973652335 34.73558743272406 33.00101652843296 31.29789646253994 29.54246779875393 27.61396172418608 25.47598520400425 23.23211285890648 21.10763203855822 19.17223613354145 17.43804094802181 15.89977543019631 14.54423476468583 13.3347661341395 12.25222260583541 11.2840313542838 10.42400462513251 9.629571764970024 8.859237907698116 8.233632644903992 7.600636265753565 7.027497935375322 6.538305264106384 6.043293519543113 5.69528243397508 5.309457135525008 4.977094765396032 4.669460605725362 4.448683875889401 4.221639381576097 4.023004410916656 3.858411472432635 3.755352394495276 3.58164188214505 3.433197390873829 3.294533556654642 3.18986705467978 3.066360332959448 3.017290885491548 2.968449049818446 2.903535800964164 2.800958923171493 2.726635501932833 2.682806381746559 2.6564105207799 2.599655542067921 2.621441303183929 2.593248501845665 2.486484711609592 2.43211339256959 