# Created by Octave 3.8.2, Wed Jul 05 16:11:43 2017 BST <co1ssj@node117>
# name: result
# type: scalar struct
# ndims: 2
 1 1
# length: 3
# name: params
# type: scalar struct
# ndims: 2
 1 1
# length: 18
# name: cleanup
# type: scalar
0


# name: num_runs
# type: scalar
6


# name: dopamine
# type: scalar
0.7


# name: targetCross
# type: scalar
1


# name: targetLuminance
# type: scalar
0.3


# name: targetWidthX
# type: scalar
6


# name: targetWidthY
# type: scalar
2


# name: fixCross
# type: scalar
1


# name: fixLuminance
# type: scalar
0.2


# name: fixWidthX
# type: scalar
6


# name: fixWidthY
# type: scalar
2


# name: fixOn
# type: scalar
0


# name: targetOff
# type: scalar
1


# name: targetOn
# type: scalar
0.2


# name: fixOff
# type: scalar
0.2


# name: targetThetaX
# type: scalar
0


# name: targetThetaY
# type: scalar
-8


# name: exptnum
# type: scalar
0




# name: r_0_m8_G0_L0p3_D0p7_scsum
# type: matrix
# rows: 6
# columns: 600
 2.322343199019087 46.74768290109932 43.59613689852995 40.36118025911856 37.46257939070347 34.80277028051205 32.60028440131282 30.88420096080517 29.47478332975879 28.42659472958621 27.64093156425224 27.04641675272433 26.68550403938571 26.50197721705263 26.65134814282646 26.86703317647334 27.24272317983559 28.03842992949649 29.11194236668234 30.44650753827591 31.87281821064926 33.19841424026527 34.35806527246677 34.97998151979118 34.74153807975381 33.11279801657656 29.91878211677249 26.93098509129049 24.20402379960433 21.76153018453988 19.60646560311579 17.71679199043865 16.06518552640046 14.57811742917693 13.2210706393671 12.01475230988581 10.88245532580913 9.907159543356101 9.090356357017299 8.341941155638779 7.618403317588673 6.951097838958958 6.426237668612885 5.981218573069782 5.609323693162878 5.240846626020357 4.849837415596994 4.588034122491081 4.291579328059015 4.099514017292677 3.911787407167139 3.701137850694067 3.485073136867868 3.352921574511129 3.241178122905694 3.132795805766364 2.995592220465369 2.916395478518098 2.82994997339847 2.739338964296621 2.748885210079607 2.716308096365537 2.675850804880611 2.629311975688324 2.606624722873676 2.545391475789074 2.501420296524884 2.559597498391668 2.552260829211264 2.605662194517208 2.572130123171519 2.522044309189369 2.495136865021777 2.50973396565314 2.438921482465958 2.356217990267396 2.36541622389268 2.371745747877867 2.362600518154068 2.369240585394436 2.382713027602222 2.346336245853308 2.287802498038218 2.263440418104437 2.254860480621574 2.264420542578591 2.287341900129832 2.246855800629419 2.324200905299222 2.276846425178519 2.294399415433872 2.300022463048663 2.246749944952171 2.276984859425284 2.319117774906772 2.312217052371125 2.320173846255784 2.337433276328738 2.318823037963739 2.305962877293496 2.253803179904935 2.241306875803275 2.273917628139316 2.323630587403386 2.382070058374666 2.351601345348172 2.375291300893878 2.378448300551099 2.328585644565464 2.25301039245096 2.189804200781509 2.238590585522616 2.240000034096738 2.245177349945152 2.19613502496577 2.242819168655842 2.219862819085392 2.220596199786087 2.2181036960028 2.270773026972165 2.308487481874181 2.213908833211462 2.231232381382142 2.301705714926356 2.2979372847185 2.267413354042219 2.256958106561797 2.309681044242097 2.272536920390849 2.194753854575538 2.23759590273221 2.243114940592932 2.255279755381707 2.302027313096914 2.247858755312336 2.271664365187462 2.288646491899271 2.244152764746104 2.262941229000717 2.254286240011425 2.250769333073549 2.228907546465052 2.148491336804 2.164276360290387 2.161594915771275 2.153704766268675 2.218791209186747 2.255969161407847 2.224875131578301 2.216399215656566 2.191599035893887 2.227489648044866 2.234996556562692 2.247717256199394 2.292519189760242 2.350245841706055 2.354861050589534 2.373575006924511 2.365040677876095 2.321523685026477 2.294521476440423 2.384710278667626 2.355621622205945 2.316902052421938 2.313616900930356 2.353567118640967 2.348239512284636 2.317280005496286 2.32533334238542 2.322854334463045 2.276771112947245 2.398182722190541 2.386109847528132 2.3877781852716 2.388979423722049 2.35930108210232 2.347632761251589 2.411927571229171 2.389875816428685 2.300536289172669 2.345547736647859 2.299056990126701 2.321586390593438 2.311085807050404 2.297992015250202 2.323812594117044 2.298189197630563 2.368197214633255 2.351422674160858 2.325884516067163 2.295705297136919 2.263257844078908 2.279817946700859 2.266191940419958 2.318814256235783 2.318378906767975 2.287899109596765 2.287310436971893 2.287814962968696 2.275399382851901 2.269249973796832 2.28641374821018 2.245947379709833 2.226888456028973 2.170943048084155 2.156345397648693 2.158603689091251 2.154261407549257 2.139123188856502 2.136365862595994 2.212135452098664 2.231963308302511 2.246791705510987 2.228774033712398 2.240480849752203 2.208336520438024 2.268641250397195 2.274495341975125 2.236610638101411 2.23232856875984 2.246407101269142 2.229930443552803 2.228255208035989 2.240470987946537 2.275982465929701 2.271340347458136 2.316522409380923 2.396982472346281 2.386593119405006 2.402675150799041 2.366621327473695 2.399036261209403 2.372768717021245 2.409149358933064 2.395072620300198 2.370419005208532 2.338174334679934 2.343222698742466 2.327143201531726 2.326871469209436 2.279742414255452 2.237538042429151 2.243198941556329 2.32820259033906 2.380764902296505 2.435883940459462 2.421031553138164 2.405980528415967 2.420328704967687 2.401016191121016 2.405011341776117 2.432919197104638 2.453785837078613 2.471457725207074 2.428820505738258 2.369379987940192 2.362433358153794 2.405160834408889 2.374973914194925 2.388729307840549 2.385365361098593 2.376944784169609 2.368232127799274 2.364998520592053 2.329056708600547 2.34775839771828 2.357673991198681 2.282896723583235 2.336602259098072 2.375363305000064 2.389302403127658 2.386103959601314 2.37725238591338 2.396671567134035 2.546537973888917 2.912703130528826 3.549267111753579 4.548725275075412 5.817653768997843 7.441094584250095 9.257342924458499 11.00175430224408 12.80350665363949 14.66146172017761 16.51171333666571 18.64402820956457 20.66395266850668 22.51119677565293 24.06483787762045 25.63966761809388 27.41796863205309 29.19446642186449 31.27179700078705 33.35227309410402 35.38290744311962 36.97413389942085 38.21337466993282 39.34609497434576 40.58068382083184 41.94101084473732 43.59234582642239 45.52041811724484 47.4822235102838 49.7793241719155 52.16796981490097 54.26506048623924 56.2090000788121 57.77381677028461 59.18390649931825 60.57829182237037 61.67929499787169 62.81681104946983 63.91513086349732 65.08918405378063 66.27616240436691 67.66278198570217 68.9758629043572 70.06141568565363 71.23098669406136 72.40106304071014 73.01834935857005 72.55916946140496 72.04069361710208 71.61888016308149 71.05405046167652 70.45548007517573 69.76920438473462 68.99113403210504 68.1446018598399 67.34905425887337 66.49409543350339 65.67551479762187 64.63831225158719 63.47507563674299 62.14855912861458 60.47627314828787 58.77073973281222 56.97700270532005 55.1501637582478 53.42916990773665 51.4710420315314 49.45702845475171 47.08146084251712 44.41313628331227 41.67575973818384 38.65009290778835 35.21626478840153 31.87644039975203 28.92252073994314 26.19560414294392 23.77569206649787 21.67466494169639 19.74089105029998 17.9558966940458 16.35252454014881 14.95190243286197 13.67386298761267 12.47013110050466 11.40958140756811 10.49862580554691 9.694477303022722 9.066889420533698 8.311708262554021 7.733359517638746 7.226913922240783 6.731940418918384 6.257723288792477 5.895158570689091 5.568099761456324 5.260263898933772 5.00860680837468 4.714190045553551 4.418806139139633 4.248848445131443 4.061566374482936 3.918266161919746 3.742696844770762 3.57702224872628 3.460201840029185 3.335069020213268 3.213259475069208 3.109067031158702 3.062782604014501 3.007575219275168 2.951167634033482 2.848148990869959 2.755922940791606 2.70941012930416 2.64026735623338 2.558510256363661 2.481313715990836 2.512769633991411 