# Created by Octave 3.8.2, Wed Jul 05 16:11:33 2017 BST <co1ssj@node117>
# name: result
# type: scalar struct
# ndims: 2
 1 1
# length: 3
# name: params
# type: scalar struct
# ndims: 2
 1 1
# length: 18
# name: cleanup
# type: scalar
0


# name: num_runs
# type: scalar
6


# name: dopamine
# type: scalar
0.7


# name: targetCross
# type: scalar
1


# name: targetLuminance
# type: scalar
0.3


# name: targetWidthX
# type: scalar
6


# name: targetWidthY
# type: scalar
2


# name: fixCross
# type: scalar
1


# name: fixLuminance
# type: scalar
0.2


# name: fixWidthX
# type: scalar
6


# name: fixWidthY
# type: scalar
2


# name: fixOn
# type: scalar
0


# name: targetOff
# type: scalar
1


# name: targetOn
# type: scalar
0.2


# name: fixOff
# type: scalar
0.2


# name: targetThetaX
# type: scalar
0


# name: targetThetaY
# type: scalar
-9


# name: exptnum
# type: scalar
0




# name: r_0_m9_G0_L0p3_D0p7_scsum
# type: matrix
# rows: 6
# columns: 600
 2.272126117095468 46.58530017844168 43.44006221958261 40.17546167569526 37.12060346138605 34.5264198295481 32.31495092095429 30.60603747773712 29.22931289096596 28.27834469883237 27.57333950720204 26.96885694592493 26.54693211990525 26.53786958134151 26.57882667399099 26.9089217899309 27.53054729916767 28.29636323393788 29.27925383426191 30.50344536139164 31.87808426485572 33.23458608293731 34.42976154094504 35.05683734631748 34.82172638601332 33.30369578217142 30.10637215655879 27.10723234217221 24.46585257500556 22.11574784010008 19.87617691727428 17.97144967962231 16.34228657070344 14.76616576569359 13.31710791849764 12.12494384274032 11.00752322739572 10.06656771679991 9.115314945600403 8.38611982016846 7.656093743418751 7.050772095826687 6.501812605827581 6.043187798357394 5.557573333524488 5.215478358957625 4.921614133680123 4.55814649205422 4.255119350360474 4.059353186952649 3.86421978872022 3.647285263046797 3.479301828519965 3.31767464850418 3.11469771641805 3.015626932454325 2.966619993738277 2.850870967165974 2.783923898925423 2.75070608205715 2.675184604493552 2.611160032465705 2.621831556632969 2.569315481814556 2.500565272694075 2.441703757984214 2.401282167083991 2.41699133770453 2.390773467624967 2.425939585649758 2.364390299151637 2.338504158909018 2.33387255926209 2.36598928368403 2.416143814287352 2.420165557829023 2.417924551613396 2.367782550571064 2.307398644759814 2.283676557170111 2.249357533433795 2.254902010135993 2.256148518252303 2.268166174475482 2.269102876794932 2.209886309654394 2.180908301532327 2.218657542558503 2.216969785127731 2.255022404293413 2.263614236217109 2.299306479464576 2.281366829165563 2.271707606330892 2.33635016705739 2.299750884485547 2.273837730743253 2.195489377823833 2.124638299625076 2.148949948856171 2.169264602765907 2.169862832703075 2.207757109514205 2.170949665951412 2.179531425710593 2.192467889421096 2.213853028140875 2.273921633939608 2.227517043031185 2.208324925915804 2.230419193925627 2.236882093853637 2.246164444388342 2.269042300064029 2.266526739836991 2.230319071553822 2.204587804812036 2.215675433212709 2.173550657422311 2.16169880905727 2.123415357382328 2.172235824589734 2.19580425975073 2.197263567788468 2.256026508865034 2.202688416804449 2.214460358243741 2.217559895514569 2.256021736488037 2.269566859926272 2.255150785762453 2.316595985077583 2.337709638257365 2.299426314784796 2.308972360946427 2.32911227101431 2.300333742954535 2.277914121339563 2.23655202032387 2.276041931185318 2.298782177313115 2.309864959755942 2.353248848834482 2.368454366303922 2.306237503195007 2.404315296327695 2.370358792177285 2.357455687557376 2.301038161291217 2.326438408228569 2.35371012937685 2.341138192259677 2.3024552866882 2.333790229982696 2.338827507213864 2.334753973429542 2.304488095825945 2.292612334575097 2.293624396661471 2.234408412597986 2.228478406261274 2.240479962052632 2.217790413527837 2.208096698137524 2.201441312237876 2.170632652305358 2.171996651704831 2.162362139289144 2.1599589443897 2.148571736248414 2.166501377985696 2.198265469118269 2.154142696879717 2.121775400752085 2.208554454129626 2.205837313638767 2.251587581871718 2.281183788181806 2.249405549319704 2.301035365773714 2.233479083595739 2.292949845843395 2.325869155301916 2.332496984497993 2.350900550281949 2.344000233002589 2.336437691883475 2.336290945109795 2.36153254652163 2.348073353859945 2.352346158739238 2.375416002287238 2.383585864077759 2.355625217809575 2.340185707973433 2.340413036195969 2.358030067414802 2.339078263357806 2.357728822265926 2.302177159384883 2.290647356203408 2.261740455200197 2.287645070722647 2.260247893798805 2.277045863294916 2.287810286497916 2.270471085601457 2.293589144457655 2.235218206697027 2.224071268577973 2.171378345305129 2.154573497988167 2.194560762345645 2.289773217751645 2.298358577503677 2.271776285779197 2.308356113207992 2.238008351661847 2.275722708694957 2.288723891388145 2.342890144846024 2.359655068888969 2.347701262920964 2.298748735132904 2.323822963942803 2.348555383883649 2.341911405532301 2.349551844112284 2.368234627778293 2.376115614926675 2.38786707905092 2.378516151215081 2.314471286768821 2.319714402656246 2.318814904698229 2.335699142116937 2.318736188781259 2.283378519496182 2.30254592514757 2.330377999693155 2.259728029308462 2.221577150568919 2.248139439208899 2.269317773407238 2.249712851327786 2.258739453965973 2.229944102453373 2.210380499313032 2.237453930982156 2.225970346797112 2.326464356146971 2.265432720349054 2.210412679378351 2.241949088893307 2.224451020319975 2.20588716880593 2.230127057166101 2.237376525707077 2.255981459522445 2.318767388409469 2.251437645878468 2.228102217290143 2.273396019265874 2.230349204361119 2.211729774913692 2.236975486957817 2.267789946949051 2.312043970487139 2.305071984872484 2.259407808029209 2.285325098819158 2.298110318872205 2.341853670584896 2.312791098429443 2.328427440166706 2.382813881844413 2.405297292571049 2.568914809453418 3.040018273244641 3.828748699052085 5.007196650407423 6.604014494416333 8.467659063750034 10.44737668151174 12.27372119238407 13.98564353726215 15.74305456852744 17.75347447026434 19.5417066054215 21.34307632190757 23.51208622052945 25.56249331992149 27.33733821829446 28.90569826833234 30.0341179980569 31.41046409966657 33.07593403560895 35.15976355713065 37.32646975589887 39.38075970666432 41.41771804594464 43.0390876923193 44.59523274558887 46.14036407138337 47.4477609087844 48.43444486654334 49.68613487229868 51.07443316042554 52.573409456425 54.01724469065448 55.57812386721707 57.20381279850699 58.75898974865413 60.2094411337057 61.74443427335791 63.3990695776447 64.93032905594009 66.52776261816325 67.82017909530987 69.0549502313479 70.25118328173994 69.88920662788587 69.29215658378234 68.7615483544505 68.18161552825768 67.58168622586527 66.73689844235196 65.80687749222488 64.80358079760299 63.81121619092119 62.79988545094602 61.64139514507769 60.47630668927013 59.34781195826508 58.20861148625045 56.91091663586758 55.64157680380958 54.19360219992086 52.61831361566146 50.5947764614757 48.54814580275706 46.49805733542235 44.34397796524718 41.87499262932397 39.14591262516478 36.25911852962599 33.01343464437832 29.87862628440234 27.15202520150342 24.68448111817816 22.42739591507416 20.4209879007758 18.64696763879329 17.06486009902073 15.63336209729459 14.30050866348029 13.0405498594273 11.94249223131919 11.00900714940508 10.12840999399668 9.294684670334391 8.634897733241814 8.007271476690221 7.436677149999014 6.923342107398639 6.475564518321335 6.035574746296334 5.629901980330033 5.297851952018391 4.961866236848437 4.70838030277082 4.455630521679268 4.203206008318375 3.979155975219328 3.856356072508788 3.718103129958763 3.555110463219535 3.433465633905143 3.317129391987692 3.158590829189052 3.074346782563225 2.971612877430744 2.853419164399384 2.838437500602595 2.811640911993891 2.764164185784466 2.678556623868644 2.606688361255692 2.578010178254772 2.569241364176378 2.460361958386784 2.460623813249185 