# Created by Octave 3.8.2, Wed Jul 05 16:11:34 2017 BST <co1ssj@node117>
# name: result
# type: scalar struct
# ndims: 2
 1 1
# length: 3
# name: params
# type: scalar struct
# ndims: 2
 1 1
# length: 18
# name: cleanup
# type: scalar
0


# name: num_runs
# type: scalar
6


# name: dopamine
# type: scalar
0.7


# name: targetCross
# type: scalar
1


# name: targetLuminance
# type: scalar
0.3


# name: targetWidthX
# type: scalar
6


# name: targetWidthY
# type: scalar
2


# name: fixCross
# type: scalar
1


# name: fixLuminance
# type: scalar
0.2


# name: fixWidthX
# type: scalar
6


# name: fixWidthY
# type: scalar
2


# name: fixOn
# type: scalar
0


# name: targetOff
# type: scalar
1


# name: targetOn
# type: scalar
0.2


# name: fixOff
# type: scalar
0.2


# name: targetThetaX
# type: scalar
0


# name: targetThetaY
# type: scalar
-10


# name: exptnum
# type: scalar
0




# name: r_0_m10_G0_L0p3_D0p7_scsum
# type: matrix
# rows: 6
# columns: 600
 2.269736630019906 46.48985924641602 43.35735246288823 40.15227651732857 37.28884355445916 34.68716787079757 32.59654087256058 30.89149710215861 29.50790196130401 28.37172488676151 27.58344312182453 27.01958824061148 26.53192129464878 26.34062447532779 26.26051512284903 26.52775619902241 27.12468728424574 27.97950700385263 29.092968068755 30.33623518035165 31.75638474544394 33.09705785638653 34.17609931931656 34.78296445304295 34.52507979125949 32.97061237187518 29.82825778477127 26.88909226455144 24.29591423575766 21.9203962744723 19.79012470743328 17.91605306872589 16.17819746043824 14.72932110365946 13.28471289295885 12.0973633244721 11.05675820674878 10.08514274691333 9.253783220243349 8.431308277125936 7.700496179917536 7.030152976505633 6.503906804548024 6.079158330307109 5.583474304956326 5.212628079636488 4.957926316266821 4.599864491898188 4.285521078258171 4.03452544690299 3.816032420550982 3.678115171343961 3.488081557752594 3.458401535494204 3.25083448042642 3.145861933717242 2.950902591199338 2.833283196720004 2.730820469885657 2.658207115975529 2.542348856055469 2.540267192482133 2.531872617812041 2.550275442772545 2.5411806090342 2.478909745004785 2.469292754038179 2.396709385724535 2.362612720353354 2.355098439380527 2.356192942077541 2.34890133368026 2.351841090690868 2.352029659594336 2.366166610911023 2.335128775812336 2.2973739890258 2.314476198247576 2.27825777221733 2.26688504039339 2.281589833328326 2.250758173096983 2.274643938311783 2.266880822224266 2.305425353944884 2.227013214498584 2.226363013947775 2.198572591762058 2.190858594924066 2.202755542155501 2.247261785967567 2.211283915923559 2.247128188600982 2.264639566434198 2.292419139299454 2.297218329142197 2.276218358398182 2.333664435731407 2.417622394077625 2.361801327922876 2.287250757690344 2.300739189931846 2.297848960322881 2.313341243872856 2.345684763266036 2.26727938298427 2.31031792561771 2.329466314513411 2.293955023502349 2.362310176100436 2.339578366760179 2.371963229821631 2.351957120707084 2.39807202107113 2.414171264361357 2.364786817225649 2.400663546008218 2.426349356224819 2.423830196581548 2.439569456968457 2.379072358573467 2.346636108191888 2.325331257026846 2.345622135071608 2.361468412404065 2.348753556754673 2.364096263272586 2.317396686037682 2.289477016180172 2.311542041989014 2.267507075433969 2.269067802677455 2.262177321041236 2.26179276952189 2.293052861619799 2.277023807143451 2.267961739682505 2.281003709584184 2.240472282588598 2.241182885984017 2.191236682167073 2.22165910586773 2.221392425359227 2.267364886716678 2.320386609186244 2.255605005906546 2.289627448146348 2.238422154903674 2.235522217633843 2.286655512431025 2.267139915573352 2.25749428254494 2.209617184729723 2.210270974850573 2.1757307490534 2.167398680117913 2.209635184277431 2.171570345828513 2.208166617849201 2.268387533502391 2.220638368547952 2.238516271409026 2.174379426736778 2.184803440717587 2.184474908886841 2.173269218561472 2.203439518067171 2.177662819471152 2.205759912489157 2.241075292065943 2.204877589421812 2.307743316025153 2.321300075123872 2.351453340497756 2.329007779178937 2.332484406812 2.327469834181102 2.237099445177591 2.217876938455447 2.28743127056805 2.313153955918096 2.350583629653556 2.281941264831403 2.233798901223054 2.179053529478551 2.16504118728335 2.169504050019896 2.194241849090758 2.184533074716455 2.220060840685619 2.254145396113017 2.256671924133116 2.283796778756368 2.28509552030846 2.277560616857954 2.245655736795015 2.239912294935493 2.201015446953534 2.246527205983512 2.21834928777389 2.16147981985705 2.129668713449064 2.18886781801848 2.196902735493495 2.267575647118065 2.284394223846903 2.315300745833156 2.334837253831211 2.260116960133928 2.259029318218381 2.302637827346189 2.368239878134773 2.361452425975585 2.352466401061974 2.390548362491245 2.384601524929167 2.360820799669455 2.341337326786743 2.411673616184999 2.429091385612992 2.410922326351283 2.380931678220804 2.337681661592796 2.328493565146346 2.289292559933529 2.274224273602158 2.243555038385239 2.28869422027492 2.28009805750844 2.296216068643844 2.270948787454472 2.259946122747351 2.256850152516563 2.23563175478921 2.26100763217255 2.278564645454026 2.239612220806521 2.213453008276701 2.21458804361464 2.214560094009357 2.304944018054812 2.294493089000753 2.365871372388938 2.333394366305583 2.290568030188297 2.296016995765967 2.269227598584621 2.194058750326803 2.248607340021408 2.250046934121201 2.236365083590499 2.240389313894411 2.190607594180619 2.201382116145396 2.193046350905206 2.19819096575884 2.209094821479084 2.179724331286707 2.189811451928108 2.159546572220279 2.16059572173981 2.162045454173494 2.147825051419204 2.174776975771238 2.248520521512546 2.226751598282135 2.26812941073149 2.258323343718075 2.263163867763069 2.244577794517681 2.201937645513681 2.159140362913604 2.192943563990411 2.185772464008551 2.158871056250064 2.157387059687608 2.187025960345636 2.533336239179334 3.100728222787438 3.923293011423084 5.055782017567253 6.536014120370965 8.16531484277948 9.754972771828761 11.31597083639645 13.05294765489089 14.66722503035089 16.62866510460663 18.84779692396114 20.84786694037666 22.71048859056737 24.10284471390696 25.14718706386338 26.51236680882357 28.33895828884852 30.3737371260213 32.670279710881 35.07332874454005 37.19700668915539 38.8836658463988 40.18001238584839 41.37189087711158 42.59421105757792 44.08794737012795 45.41042806469522 46.72662452120494 48.03031578006266 49.31356545170274 50.7958055461786 52.63990432719584 54.55941874269047 56.22764195486889 58.01357689634824 59.64752277817206 61.04661824613868 62.6607548978136 64.34659622381878 65.76141861273572 67.04874200263839 67.64578455622177 67.29355432623561 66.76538552907004 66.00961922946954 65.19143424149661 64.29240881853184 63.39016993999303 62.47799175403634 61.37524605241924 60.25000794517837 59.12859809579822 57.93173077225765 56.77584549901803 55.61645687061537 54.47226476451033 53.29571755861252 51.89683601015349 50.37693846610637 48.76908393425038 47.03000276485727 44.94455069784817 42.76565901948925 40.63023779325886 38.07524207066308 35.41718383720581 32.4895415807332 29.5007372069922 26.83086438804457 24.4208985273217 22.16794110111368 20.16757021358353 18.33516901361145 16.74469896870505 15.36913033982273 14.06957938719279 12.89389843456956 11.81259501402019 10.85022164035399 9.977266194458934 9.150001508267451 8.387172121194453 7.732369384273625 7.17484418780441 6.642658692533587 6.240546965223075 5.812378442220506 5.521582573514024 5.227805371614522 4.974053956089847 4.643279152085597 4.480120342090231 4.212414813198848 4.024097138099023 3.848993454264928 3.642851955832157 3.433896046499285 3.251816319818317 3.203408156419755 3.085259847197449 2.995007849014655 2.986247383088994 2.904642632813193 2.772396112672141 2.753814005773165 2.685151979779221 2.710087223123992 2.63149339818483 2.56111273937131 2.560473172357888 2.52052742304295 2.485826788295526 2.442724184315011 2.435958348312852 2.413766466888774 