# Created by Octave 3.8.2, Thu Jul 06 13:53:35 2017 BST <co1ssj@node117>
# name: result
# type: scalar struct
# ndims: 2
 1 1
# length: 3
# name: params
# type: scalar struct
# ndims: 2
 1 1
# length: 18
# name: cleanup
# type: scalar
0


# name: num_runs
# type: scalar
6


# name: dopamine
# type: scalar
0.7


# name: targetCross
# type: scalar
1


# name: targetLuminance
# type: scalar
0.3


# name: targetWidthX
# type: scalar
6


# name: targetWidthY
# type: scalar
2


# name: fixCross
# type: scalar
1


# name: fixLuminance
# type: scalar
0.2


# name: fixWidthX
# type: scalar
6


# name: fixWidthY
# type: scalar
2


# name: fixOn
# type: scalar
0


# name: targetOff
# type: scalar
1


# name: targetOn
# type: scalar
0.2


# name: fixOff
# type: scalar
0.2


# name: targetThetaX
# type: scalar
0


# name: targetThetaY
# type: scalar
-10


# name: exptnum
# type: scalar
0




# name: r_0_m10_G0_L0p3_D0p7_scsum
# type: matrix
# rows: 6
# columns: 600
 2.303854829504417 7.103618081906461 6.705902434507152 6.328842419527064 6.11071299368632 5.950800682789122 5.985970975685632 6.189453825805685 6.639677688406664 7.399438963171633 8.477747350716527 9.845308076502988 11.34160211446579 13.00690302635485 14.86295877761586 16.75391800503098 18.7580634702972 20.79279080843116 22.86541413975647 24.88644772309635 26.5755181770146 27.92144386987638 28.8674502796348 29.13696202995197 28.65210558145191 27.19598104296529 24.68924182133196 22.38481221288384 20.30347993668693 18.419376041953 16.68506795589201 15.1861819422993 13.81379146932886 12.53536887378141 11.40220591023535 10.41071767471294 9.575678201268602 8.81295874810894 8.110415747647494 7.474232415654114 6.846903122503136 6.403842693260231 5.929967282940197 5.599933971352584 5.253542617538187 4.879763806588016 4.621208113647299 4.38878997818756 4.099533081011032 3.823510401573003 3.641984767867143 3.486147929848812 3.325360750484833 3.184301413057256 3.113649220664229 3.019471844934742 2.952642306168855 2.874770658843772 2.80677885233672 2.714944226070656 2.696890062830789 2.624271709762979 2.515106785016542 2.431361566901614 2.36085887358422 2.35304196062134 2.372601255803602 2.358752066465968 2.33726213958289 2.281545734716929 2.30902448145207 2.304049054291681 2.306021946380497 2.324780210445169 2.330947235994245 2.30856724669502 2.397868507752719 2.386833683423902 2.368426376482603 2.390612844664247 2.427307282217953 2.388711232259084 2.312935597808973 2.342857562087374 2.360591112112161 2.286855345177173 2.281096081460419 2.330982271359971 2.276390043789434 2.308001107190648 2.38205636299972 2.34361189473384 2.335547131007843 2.299563996304641 2.330330508084444 2.350718826019147 2.367097228800048 2.317128438724467 2.289974184554012 2.301789659453789 2.277611742531008 2.239237814224907 2.275877172014589 2.321949698904064 2.27725166008895 2.277314524340909 2.294906528859428 2.314192028195976 2.362495190620393 2.353235085065535 2.383277920987894 2.354810033688409 2.283714149794832 2.268843845464289 2.235396257296088 2.264381667104317 2.280884382169461 2.281376336206449 2.28471961676405 2.22621205537871 2.200285682134563 2.158654902141279 2.229118448361987 2.214951993679279 2.196088975222665 2.263732777572841 2.264713337062858 2.295530060494457 2.329914903879398 2.325568143263808 2.339088958608045 2.377787908939354 2.360436085804395 2.327709748336929 2.33002053641394 2.333379126012915 2.308484262728598 2.284737254685751 2.248923206880136 2.24831835013174 2.256114691746916 2.293449515076645 2.260795212110679 2.223760394761484 2.197760516874951 2.175438660560758 2.209342717189429 2.210842513264652 2.157808021489473 2.204755566712265 2.24516765080989 2.30349755905263 2.239202990123886 2.209293341042212 2.218879390769871 2.261821967920696 2.283463801231846 2.219350502005909 2.232260850160969 2.289127741619268 2.256260103946261 2.247335006995854 2.215541997604305 2.204484820089419 2.202468572035286 2.278874409217678 2.295647262311832 2.277176702978977 2.291486040965538 2.26719570296973 2.328416825934255 2.31100227983552 2.240855954092694 2.226095751633693 2.239350412697604 2.236298921710841 2.264132007298031 2.263984174664074 2.249853206390981 2.271387516411778 2.278377081587678 2.232064667725354 2.201028191004298 2.196768711364712 2.212719728449883 2.131626635746215 2.147832479098724 2.155356087281689 2.153708059646306 2.186078284585165 2.157669817477654 2.163202619303775 2.158530217529915 2.239351272073691 2.273950581864483 2.290804343458149 2.279599028363009 2.313112037106293 2.322695101894624 2.331032897425757 2.340469885331913 2.313818112528679 2.335109201150772 2.320404913818493 2.332599408597616 2.257385696560959 2.338908112000354 2.397910290739674 2.402645712249068 2.398151650864747 2.434520214668737 2.43037910079147 2.472497734444914 2.397810163660324 2.367414318434385 2.347857046195713 2.349628543095605 2.285240110788436 2.314388303511805 2.358571569748165 2.346209253577399 2.290102850398398 2.334504168940839 2.271534089828492 2.275716125684994 2.268550452718046 2.231992812565295 2.184286627627444 2.198511149450724 2.234074471598433 2.302606357705372 2.31672308150155 2.283214288854651 2.266142896969541 2.233656999083905 2.260541954281507 2.367373810622666 2.37382308917222 2.327241885795956 2.332338892889311 2.325980842892022 2.30025348937852 2.310021815894288 2.306436393633703 2.294256634319026 2.25624628787773 2.27428847723786 2.297217648185324 2.256508352053061 2.261083648796557 2.256460166914621 2.274378324851568 2.227156763166931 2.255111448816024 2.198254820999864 2.208545844892797 2.190959219129581 2.155794674705248 2.162115136334251 2.145930570219207 2.207987285364652 2.161326782385004 2.192787911437335 2.180064563461201 2.218745815494913 2.236259982015326 2.280349279142683 2.316643068268604 2.280310325091705 2.302051437537557 2.249000753283326 2.227812641118362 2.247075438557658 2.219104381460056 2.194453605128729 2.288374660785848 2.30713917250614 2.42627374726726 2.609784019979998 2.893266391900397 3.142620511269342 3.485804547108273 3.904156305641663 4.457089645744418 5.038702921869117 5.74576769208943 6.530181355072273 7.372910788755689 8.365598590324225 9.35211288481878 10.44769988355984 11.59631148187327 12.77929858179323 14.17503734020647 15.56339775465221 17.02503720495588 18.6227851908825 20.20283202221435 21.80975614346244 23.34190771920839 24.76658312604559 26.15555453306752 27.5773332182689 29.09163850463665 30.62030164257885 32.01568329356633 33.37617601103557 34.69232586707221 36.00851534884714 37.20057339010964 38.54623293063923 39.83474636303072 41.1262260017611 42.39038438324133 43.67229536483865 44.95379287880132 46.19081178762281 47.35717699814268 48.57715128086056 49.67648492960507 50.83980943363895 51.96591838080349 53.10288971601403 54.18426431974603 55.22418465435112 56.34218119365687 57.36934527638005 58.4497909544807 58.10912375223597 56.20509607023268 53.83898830093131 51.46037408656412 48.82584316367866 46.14711404798072 43.09769472318658 39.72721224617271 35.99296254480214 32.623104381546 29.55110451035034 26.80310561639635 24.30714756181987 22.09776795346988 20.13547868392197 18.3537144563561 16.69678651490904 15.25128580862292 13.93376875372269 12.79587914989679 11.66781057179105 10.7699664386073 9.941215600312717 9.07912783572101 8.33381602679583 7.736389399771724 7.203963082352857 6.762096964972443 6.382652009553567 5.936659706097998 5.511996528310192 5.195830511878739 4.879629580213077 4.56662987587697 4.389463666913798 4.160941221933172 3.918315125139088 3.755337411239452 3.577769169663952 3.526937945149257 3.370741662942237 3.269379335226404 3.204019416069059 3.070309527800418 2.944883796268186 2.884063939432963 2.856621694900241 2.796594457072388 2.724798634524632 2.633812422523079 2.578856472599 2.524064103119599 2.500031615018088 2.428488253854084 2.385454903247592 2.340694456165465 2.308876293198409 2.338595392200659 2.341196644309093 2.337596630797634 2.358051851348137 2.390868280115683 2.34440024568903 2.307139828582876 2.288377444034268 