# Created by Octave 3.8.2, Thu Jul 06 13:53:35 2017 BST <co1ssj@node117>
# name: result
# type: scalar struct
# ndims: 2
 1 1
# length: 3
# name: params
# type: scalar struct
# ndims: 2
 1 1
# length: 18
# name: cleanup
# type: scalar
0


# name: num_runs
# type: scalar
6


# name: dopamine
# type: scalar
0.7


# name: targetCross
# type: scalar
1


# name: targetLuminance
# type: scalar
0.3


# name: targetWidthX
# type: scalar
6


# name: targetWidthY
# type: scalar
2


# name: fixCross
# type: scalar
1


# name: fixLuminance
# type: scalar
0.2


# name: fixWidthX
# type: scalar
6


# name: fixWidthY
# type: scalar
2


# name: fixOn
# type: scalar
0


# name: targetOff
# type: scalar
1


# name: targetOn
# type: scalar
0.2


# name: fixOff
# type: scalar
0.2


# name: targetThetaX
# type: scalar
0


# name: targetThetaY
# type: scalar
-13


# name: exptnum
# type: scalar
0




# name: r_0_m13_G0_L0p3_D0p7_scsum
# type: matrix
# rows: 6
# columns: 600
 2.318702107988429 7.01250636333134 6.625274044388789 6.292144748294959 6.025237053461751 5.938789582291065 5.96901868628629 6.13018940481561 6.618689961644122 7.380213653181272 8.390754027095682 9.641753423380578 11.12950464057758 12.78590875510417 14.61896542661998 16.52619591836992 18.66024979745271 20.83821755466488 22.88740620613316 24.822296918137 26.53797166535514 27.88749968257252 28.77717139636661 29.11529407032504 28.62035950840072 27.24827838927558 24.7343111311111 22.37715520981874 20.32847919492633 18.46105966363939 16.76318413313129 15.24024531321993 13.8677877148948 12.58747074247731 11.51640236519961 10.57888011103205 9.609688641710818 8.814314150164137 8.077608034214791 7.475807642877044 6.915920045401435 6.381485795554909 5.871025752416244 5.49589197131354 5.128242277531172 4.744539327472012 4.438816581881838 4.203951503299777 3.981852386146784 3.756991744092375 3.547492445732132 3.386865633328853 3.26917494927693 3.235035738671286 3.10434076947422 3.043811673850541 2.97525892756039 2.874717479480751 2.698897974296415 2.637600743422809 2.601599872523366 2.563474408641923 2.570918977777183 2.57106698699863 2.499774284746309 2.438204032019712 2.399908783747378 2.381202533048054 2.391170365886865 2.369006691884351 2.351912350790371 2.349614528688107 2.408998960703684 2.422990746817959 2.480139727183996 2.464420330172288 2.476577417502995 2.409784725430654 2.376015328081849 2.356745419834624 2.368276129760488 2.326242610135523 2.344739722024315 2.379871777207882 2.386853878633246 2.404227098340925 2.394591988573666 2.442328951765376 2.397059466264182 2.339732144035224 2.317916905025413 2.323656933251186 2.297447153840039 2.331534447110243 2.317023221352429 2.282154161432118 2.277690582846844 2.273550699967018 2.297683431715996 2.317641675268533 2.32203015489813 2.312631252905703 2.316497231668109 2.35228999445826 2.389699511499202 2.418977324094158 2.421572969557019 2.426808713036735 2.418089381892059 2.37927690660581 2.392475035230746 2.393868120150728 2.369160889989871 2.351391271738976 2.378349131988216 2.368194347705867 2.352666732595026 2.35655756968481 2.371789531720424 2.316281608695135 2.398752141270961 2.415757572895018 2.390835474921914 2.388490074023139 2.332571432416444 2.285475794422382 2.277809999430247 2.309099214608068 2.279906422183558 2.275631354874349 2.318786005409493 2.325669694517273 2.355664840888494 2.346341210719402 2.329089365925029 2.309363982301875 2.233093297038067 2.221354199424241 2.214880876734242 2.244512518078409 2.277233244109084 2.272991057834588 2.28256040076667 2.363330506075727 2.334709203623788 2.367461134250334 2.399972540650197 2.355690256765229 2.339547891249822 2.316134865875938 2.241983849846292 2.207225452424609 2.210140889475952 2.279374275616647 2.279778886737859 2.318246102739067 2.302234188373404 2.314087231563462 2.348891107769532 2.305380347494065 2.287986741315763 2.280279253740446 2.249831354671187 2.284638734199689 2.315436419445177 2.312062806942777 2.297679613795481 2.304008372346289 2.275703091625473 2.258348730239959 2.240147152304417 2.230285925961653 2.255321030890627 2.230929635847133 2.239182447313397 2.289999141357839 2.311426199779817 2.264540282441885 2.274008046093513 2.279961816173454 2.262658065563301 2.315308848053974 2.294095143453887 2.282122858840012 2.23686610868026 2.202212312775373 2.234023248822268 2.174829612715257 2.211961240078381 2.277310111516272 2.296024608898733 2.335848677750619 2.392366229214531 2.400631447999331 2.37199657939891 2.348664236707918 2.383520977644366 2.392932942042535 2.365592267156899 2.396750966217951 2.427457949828749 2.396503585208848 2.362143403588561 2.372502086102031 2.329726322415809 2.316915652081661 2.291300178345409 2.29656655553481 2.266217558862991 2.263047824328169 2.25412892512395 2.270811658192542 2.240875515637526 2.292231220274516 2.258979867334347 2.265459105419723 2.260016442611231 2.269040023165871 2.336090384225827 2.345839246238029 2.308221044731908 2.358165103403735 2.324084442816456 2.292156061190326 2.323773817581241 2.322152239445131 2.269459785220533 2.283604852651479 2.270932026156515 2.265069765147928 2.264890676346113 2.284524126167526 2.313169941004162 2.296977373276604 2.358998253541358 2.335792057907383 2.329827851208393 2.321534804734256 2.350700732647965 2.348174472961546 2.322384377011986 2.369168687124329 2.369373527828429 2.358980450528179 2.313895754421537 2.301246234397695 2.290565036371845 2.31166342907818 2.285443817174382 2.269826872822705 2.19719064387391 2.207559746610059 2.233278370986227 2.217455090867588 2.204204265606677 2.247719100278118 2.256315444683423 2.251894231678307 2.269447414619208 2.310600350621826 2.276877305048401 2.343233634172066 2.319588753689459 2.286247396918043 2.287537411766607 2.291580661993066 2.212059266123106 2.211903179755609 2.198876668633602 2.196554462490894 2.20079355865164 2.175011050454486 2.229988296894589 2.285495659662047 2.328227860569314 2.314728616533102 2.281543098899419 2.292398931092976 2.283172758252476 2.269003737714229 2.310383058182197 2.336996956400981 2.465997532981419 2.642328607074887 2.855808528634952 3.099691275165242 3.38282556647755 3.768526599502366 4.191683832381386 4.755843692611961 5.216416618553922 5.780856723722536 6.521919191679444 7.270639096488594 8.083228250017783 9.003319687419207 9.994526337941352 11.02246420579104 12.07273422076469 13.18198236565149 14.37075724990427 15.56738981326453 16.77498035263216 17.93620139598897 19.14268251274189 20.37208776540865 21.53075137774431 22.68849770614884 23.83098503292149 24.92226256518188 26.11211213285424 27.15553426775296 28.20139162358828 29.24297240598389 30.29055411372519 31.32350536114245 32.40069173575648 33.45100062723577 34.45018752902979 35.43836766733148 36.41631784724086 37.45002412574831 38.50799242578069 39.51128773905657 40.58726623965231 41.64476094371275 42.71458513248945 43.74880877466057 44.87287519473466 44.69607390812598 42.65174857689999 40.57841864349029 38.40846128530575 35.9662868715568 33.49088521596059 30.81245002716605 28.03127651358227 25.4393712879646 23.10111894623333 21.02531283559983 19.19303803443472 17.48208061563855 15.99150484975326 14.59524767634866 13.36329314018803 12.22917607050476 11.23748136917129 10.31047149992992 9.495249070911086 8.800631427868211 8.210223062116711 7.577306098624831 7.018071712525852 6.614574920102314 6.214161746553145 5.837606648387009 5.534472857583751 5.259594943359843 4.92832052828453 4.676878413763916 4.3687324130251 4.165207140160419 3.984420740691348 3.791030737105757 3.588592798190803 3.406170077272691 3.266167417245015 3.146673611627193 3.099122581345 2.99199053299526 2.888117462392984 2.770904269418679 2.665965969405079 2.564272264717147 2.522204997905646 2.497207829987019 2.434545526233705 2.394257635496615 2.359797446679295 2.330979452433894 2.303445718349394 2.259583497521817 2.310898001935129 2.264708898772369 2.218148155101517 2.224731467009406 2.243638026360713 2.292803874344827 2.304856757888047 2.341379454665002 2.291880860804667 2.327634893370487 