# Created by Octave 3.8.2, Thu Jul 06 13:53:26 2017 BST <co1ssj@node117>
# name: result
# type: scalar struct
# ndims: 2
 1 1
# length: 3
# name: params
# type: scalar struct
# ndims: 2
 1 1
# length: 18
# name: cleanup
# type: scalar
0


# name: num_runs
# type: scalar
6


# name: dopamine
# type: scalar
0.7


# name: targetCross
# type: scalar
1


# name: targetLuminance
# type: scalar
0.3


# name: targetWidthX
# type: scalar
6


# name: targetWidthY
# type: scalar
2


# name: fixCross
# type: scalar
1


# name: fixLuminance
# type: scalar
0.2


# name: fixWidthX
# type: scalar
6


# name: fixWidthY
# type: scalar
2


# name: fixOn
# type: scalar
0


# name: targetOff
# type: scalar
1


# name: targetOn
# type: scalar
0.2


# name: fixOff
# type: scalar
0.2


# name: targetThetaX
# type: scalar
0


# name: targetThetaY
# type: scalar
-8


# name: exptnum
# type: scalar
0




# name: r_0_m8_G0_L0p3_D0p7_scsum
# type: matrix
# rows: 6
# columns: 600
 2.316889543937577 7.006871032150229 6.677755552962481 6.294287838463788 6.049153878899233 5.874926672971924 5.904130819602869 6.144481471063045 6.601255097553803 7.408350698140566 8.4349412465981 9.720396314725804 11.23635076044593 12.92863726343785 14.82112103903273 16.78968806147168 18.86736915224174 20.9757640335738 22.99741862215888 24.7989911253444 26.45897808088193 27.79532645342624 28.63090858106807 28.86337850743439 28.2868671121978 26.86229240586545 24.38119915634161 22.10246704186648 20.00104626515167 18.15795554220313 16.50497629112215 15.00412495402634 13.67537025722049 12.41410479517072 11.37869046637206 10.37050403776811 9.464804670864396 8.657402192868176 7.981972168163338 7.35220738643693 6.713248328567715 6.20261673643472 5.760899434117164 5.420206471062556 5.057668866105814 4.722436261228722 4.451346557845682 4.186793963846867 3.923523911231314 3.696529606451804 3.558855342875177 3.381153056499898 3.19866549101971 3.106144270532241 3.038931412123929 3.033659667809843 2.951430940192949 2.874046538432594 2.833144876902224 2.763388934647082 2.693477794719001 2.681529488068918 2.604534628859255 2.531927903970427 2.549567738344194 2.510573052342806 2.521505485969101 2.503317879913084 2.496444657743268 2.469301638193429 2.445883567641431 2.49231837575644 2.443205843730539 2.495016756147379 2.479600547056179 2.432485787952828 2.389617650211221 2.426370442532061 2.358825174776484 2.347030189801444 2.373686966759124 2.339510684338165 2.357395571139932 2.371315089876589 2.31874154961406 2.290541235364799 2.279257698144647 2.231003068685823 2.284419593826897 2.299614485902566 2.273488225884648 2.279670528838324 2.311541268368273 2.260350902903156 2.283379590086042 2.293078236034489 2.282355021479816 2.291989711906353 2.354242650719243 2.354977303166379 2.35431925735611 2.332136981116491 2.389444614804233 2.404461457772413 2.411013513610669 2.390950785324094 2.386308555825963 2.392325154434729 2.381643979475484 2.378454462555965 2.360616797432158 2.384526740699584 2.370915623934707 2.369030469555582 2.348436620959546 2.346877353695163 2.326158089013916 2.322026748490316 2.240417409077054 2.248173930086523 2.243770936343935 2.262167277389381 2.240062695647794 2.220488797414873 2.178686467897933 2.169591387460969 2.220642577303806 2.231341248068929 2.206688019796275 2.182169868632627 2.17546409958959 2.180080034297134 2.19023534990265 2.166231160288589 2.204022062127478 2.231576321319153 2.250658321881929 2.385089244879055 2.357100489989534 2.378037484561901 2.364097416400909 2.386288854831946 2.354960882512387 2.325011295957665 2.299170248134033 2.264403078712348 2.266326813271007 2.236823335500958 2.187664984499861 2.19176166975376 2.178382861733553 2.192962103574246 2.134752150246641 2.260986950153892 2.182575076803914 2.203100286744302 2.209138108864863 2.21239502285971 2.258347772876732 2.223610016197199 2.271700201803469 2.317881730283261 2.319835580303334 2.319521442703262 2.319320405753388 2.386683586461004 2.293507498259714 2.313054899626877 2.286638174711698 2.363485165318707 2.376971317498828 2.326352812004188 2.359735345955414 2.301298430273164 2.318069593711698 2.314324325184316 2.317633828206453 2.235880421896582 2.21506907942603 2.187642620927363 2.247946478841186 2.266865967805643 2.248918926812621 2.255314107580489 2.243400467079482 2.261360072527168 2.281667686467699 2.272589534768485 2.238532008719631 2.232684992108261 2.187302684626047 2.195067076212581 2.198010195801544 2.234258774333284 2.231875567696989 2.230979853164172 2.201642592444841 2.215094525581662 2.187506689806469 2.23812648801686 2.235890561725682 2.245625150357228 2.28261715300323 2.270844487076829 2.258334487996763 2.232014322096802 2.281480281868426 2.211937350384687 2.189304818424716 2.224732171562209 2.172706207282317 2.201547201890207 2.223279538851784 2.244188616507017 2.261895342773641 2.269867663511832 2.276693981992139 2.263804912992782 2.303757752179081 2.339288369563292 2.289466028723837 2.326241170227149 2.305224588999408 2.348561419130419 2.36509129629394 2.323295996840898 2.344059757246214 2.32333739780006 2.293382362466218 2.336598374255118 2.366488231407857 2.31302173545555 2.359350796719809 2.295482697092666 2.2983941540042 2.268130421085516 2.300496220886998 2.321210409980267 2.339500336136553 2.296032603095227 2.243831168168981 2.163284907346679 2.202896826285723 2.231365669882507 2.229707038877677 2.288574831633014 2.306935201977467 2.362797133137065 2.321261846365815 2.32369938107513 2.273881514141976 2.297554894736095 2.271475934856426 2.300678629449976 2.315109113805192 2.328796363231959 2.286353976502141 2.295270332149812 2.264247231461923 2.236861730634701 2.260396247096651 2.251312346597842 2.302083941518504 2.302484239960904 2.289430021577573 2.310383412663214 2.330906464561849 2.322916929717394 2.369688865917851 2.284832390356314 2.387546070563985 2.370373444431607 2.338562981247378 2.290158390322176 2.306037467339593 2.328129024834197 2.403968991413421 2.51684609374206 2.624605174218232 2.844545167314209 3.159237796528032 3.487717145952047 3.938646307708495 4.420697634690441 5.070369282047977 5.774834315951011 6.548170347722589 7.406590416416293 8.319843772245804 9.29146371722527 10.46286248173055 11.66979833360165 12.97139957358741 14.29577905076439 15.69247748438283 17.16284910537797 18.63810721007758 20.10238787419621 21.5182127040971 22.95312758171349 24.36586166899724 25.64241378049519 26.99528741499671 28.44065541768578 29.89968040406529 31.27821935807151 32.63524912983848 33.93926171678049 35.23925698459061 36.42856372399547 37.73013878479105 39.02708352702757 40.37650302255861 41.64863481310022 42.83049910049158 44.02665231919673 45.19227161851086 46.33992733748346 47.51226908578974 48.58173197915676 49.61422696361842 50.62758757037955 51.71070144090118 52.75991573400825 53.7243044351053 54.80313754332019 55.77590773175689 56.74794901724817 57.67151585607644 58.5601180898957 59.44171525972342 60.36142379678859 61.23467000735764 60.91833256044811 59.12261070646127 57.14976980542633 54.94899290498506 52.63715420421431 49.91879476707618 46.95396382089166 43.49855346789627 39.45083760988928 35.71893355951033 32.34568407681218 29.31985223657102 26.61879069955467 24.114765241653 21.94055530502374 19.91738302271915 18.15378907944887 16.57543069750864 15.1198329994404 13.8180912199241 12.60880504119268 11.53448147873496 10.5721297278269 9.687638353494549 8.917500992414716 8.23101377083276 7.666128907094389 7.096638248229283 6.653509130392194 6.198410612982116 5.807075065422396 5.536063088107767 5.187750099877121 4.891140272848133 4.594411845484501 4.342227462286246 4.107406685932801 3.889855857756629 3.646758329434306 3.449109970706559 3.339041520259343 3.236957527326012 3.143731047424808 3.001912140163768 2.958527623963164 2.829301826659503 2.782141013049113 2.706207779709075 2.681104305195277 2.66334755554999 2.552894017804647 2.501037205838657 2.476953219273128 2.457357008850522 2.427750487702724 2.423527066608585 2.373855815443676 2.3638150336119 2.350618365904666 