# Created by Octave 3.8.2, Thu Jul 06 13:53:23 2017 BST <co1ssj@node117>
# name: result
# type: scalar struct
# ndims: 2
 1 1
# length: 3
# name: params
# type: scalar struct
# ndims: 2
 1 1
# length: 18
# name: cleanup
# type: scalar
0


# name: num_runs
# type: scalar
6


# name: dopamine
# type: scalar
0.7


# name: targetCross
# type: scalar
1


# name: targetLuminance
# type: scalar
0.3


# name: targetWidthX
# type: scalar
6


# name: targetWidthY
# type: scalar
2


# name: fixCross
# type: scalar
1


# name: fixLuminance
# type: scalar
0.2


# name: fixWidthX
# type: scalar
6


# name: fixWidthY
# type: scalar
2


# name: fixOn
# type: scalar
0


# name: targetOff
# type: scalar
1


# name: targetOn
# type: scalar
0.2


# name: fixOff
# type: scalar
0.2


# name: targetThetaX
# type: scalar
0


# name: targetThetaY
# type: scalar
-7


# name: exptnum
# type: scalar
0




# name: r_0_m7_G0_L0p3_D0p7_scsum
# type: matrix
# rows: 6
# columns: 600
 2.267406106007911 6.996442053539795 6.655039629593375 6.33115468719916 6.125009555194993 6.042503465014306 6.090271331879194 6.356768911951804 6.850880104768294 7.613311562723538 8.568765701769735 9.837948002837948 11.30344313563546 12.9962723702447 14.78486527302448 16.87745719792292 18.87182943297739 21.00930185515608 23.05639958257962 24.98540205893187 26.66307640869491 28.03390162775759 28.99605367716867 29.29079128881858 28.82477585532615 27.34196490216891 24.79821480004466 22.47774129419122 20.38044687983347 18.43880517485741 16.65247019175877 15.12541248928574 13.73438872591578 12.53240304705105 11.44553378439286 10.44902289575839 9.515254478013958 8.788715118498658 8.071764548622014 7.43325320745862 6.875108622632979 6.292474044115806 5.785985635109682 5.378986648291175 5.017934362847882 4.709497098774591 4.45586134003679 4.156594270185451 3.950725904614956 3.778837961170211 3.552989489089668 3.462460521534922 3.286186213226756 3.101395784473425 2.979068153690605 2.933013520781969 2.88047936232033 2.877139037977031 2.800760434507538 2.757428124801663 2.67942221872363 2.663904614923013 2.603434395867225 2.566652289118792 2.490262842340599 2.48135555517365 2.415087550105454 2.430566394929883 2.38776618817792 2.400456378301897 2.404596193566249 2.428536749222985 2.443765694115427 2.428804342293006 2.398156007555372 2.370728048819728 2.382149143719289 2.323203274459956 2.310583380996832 2.299065924256865 2.37790258066525 2.333012625073025 2.346540225104945 2.348032968200641 2.351078553978823 2.35171544822515 2.368785619430128 2.330238705446391 2.327068010396033 2.375326660301653 2.34185326093575 2.377211434031778 2.407561608135438 2.407856874793652 2.372346879288671 2.333948479910759 2.255554861123528 2.266803182485091 2.235107469809009 2.219376514261967 2.186119712452637 2.182068836995313 2.145267678286473 2.112848463704722 2.149700418211069 2.177509632268084 2.218362198245813 2.235206126610137 2.241644519721376 2.235033308643324 2.282396707283624 2.261145821987157 2.311287599968637 2.327642993928748 2.299602383995079 2.279285296539456 2.291146428564389 2.240670899223915 2.224737856704451 2.20508607418742 2.197921902086819 2.187663506814715 2.208880525500717 2.20970834563559 2.207017800894391 2.229549000649058 2.230163505184464 2.192618871540617 2.197588619856106 2.285744348195294 2.283980061872171 2.285426949638349 2.309702010352339 2.301758870660706 2.326287640855298 2.269780859984166 2.307365501430468 2.29415651972522 2.29832736980461 2.345048025882534 2.352430635350174 2.37150264342381 2.402405386164901 2.336082418467413 2.278881902890134 2.277838065194373 2.316398841987393 2.305907126632519 2.290213298296294 2.311119647347368 2.281184819185 2.258985772201413 2.249371041179984 2.253040440487894 2.277888772172446 2.245811546594268 2.237605932066799 2.261444474097516 2.236010965811147 2.232547218576656 2.180777480883989 2.188763168742298 2.179012556240195 2.174261891559581 2.169391668985554 2.190561732790229 2.200425592008287 2.175093604484573 2.160499227920809 2.179077278615296 2.175427905414836 2.170720153510047 2.186245978118677 2.153984571297769 2.200654753491108 2.184564378760115 2.211284191027516 2.23141042111456 2.223927583117984 2.263498450731277 2.272682849150442 2.309292558522429 2.283476632092061 2.246137159232603 2.252740822696069 2.275693572722957 2.28622953449667 2.318811099961749 2.243148045250564 2.221419347662959 2.24441238961299 2.296452129870886 2.294188124360517 2.25561539127375 2.254697609132563 2.241259211595207 2.253038386746994 2.217510032643986 2.243412920062838 2.26038555420746 2.28471280609665 2.272619619328907 2.220355130484677 2.210111372711253 2.160848838293532 2.185106474913482 2.194115482836423 2.233693226633477 2.20777534366789 2.240516105761344 2.222733582180808 2.25581517945102 2.266141429074196 2.247511458559529 2.247376594934394 2.221955339540727 2.236218741367338 2.203451052615492 2.211000930954469 2.241950718365842 2.355627955766977 2.368827545527893 2.388887606110075 2.313122593226581 2.353431451658253 2.31640640661135 2.386006788005034 2.383041229048104 2.344620259791554 2.298642741312506 2.270149134299572 2.313648971445218 2.332191505638548 2.304014048391764 2.305918149288118 2.313707394005178 2.345262069142336 2.280332552392792 2.29587988302228 2.263325975825865 2.24545249210496 2.267237692278286 2.275045031879472 2.361829752782796 2.336373553072917 2.317476859458111 2.291541918928488 2.292464469361221 2.282543590845307 2.326847223324876 2.337197795397515 2.335137418856903 2.325967139004206 2.259488243893429 2.217339804326912 2.283060525340261 2.284711770769718 2.316071440945962 2.334423098582192 2.276282325301963 2.303747974969156 2.319925228963257 2.33349983390508 2.286894580407534 2.252485536111635 2.220688627323398 2.250020555151423 2.24920793477213 2.259016550931847 2.248761037644726 2.322466559198801 2.325270150737197 2.299229642027058 2.319251419819921 2.34666703824405 2.407153863292478 2.474003476789221 2.668565960937485 2.89588564306905 3.235788435009454 3.513075552953524 3.879464777601243 4.371758113938995 4.914865756922154 5.55663388546418 6.310878887008585 7.142028147427482 8.049092973203187 9.055770118149667 10.12473406787467 11.3165925018402 12.56700027302577 13.79309259958973 15.08005368922568 16.46058211231502 17.90927435391495 19.29550721314081 20.79489623083282 22.14345468806914 23.5201417079079 24.7520980566369 25.92360682470462 27.12280262198328 28.2061587870885 29.26825024739446 30.31881264856202 31.47239107103815 32.50493422671843 33.51569069600373 34.42345575795662 35.4256723892795 36.44254598890257 37.43176642900289 38.37999820229379 39.42183850064612 40.35385329859673 41.24355445608671 42.24463601296884 43.11109445679176 43.93555521489179 44.73942587016063 45.49766985010865 46.31128750869902 47.05764690939395 47.87701024144917 48.62199244437943 49.32944616657551 50.05781879665301 50.69174488493445 51.33293216894526 52.07035546962288 52.71133359857413 53.34452367902122 53.98949256597552 54.58706332885049 54.53133195703049 53.4611559804689 51.3840870377735 49.16726081759771 47.00172843517976 44.65926110789223 42.2343948556445 39.29240085709171 36.01190693593162 32.55840326062207 29.49652530254389 26.74662099060515 24.30191670842396 22.02794670993353 20.0464558877029 18.22791992221028 16.61114602309681 15.24510588978592 13.9973312732036 12.79043119704511 11.7090716211851 10.76676116047565 9.870726698587532 9.123564683453878 8.433629917570215 7.838411451128195 7.205393088109304 6.628746434118511 6.227108932631381 5.777682445514074 5.481429661675065 5.162832126043213 4.867047164589167 4.593089255740779 4.354261289093301 4.121196640153357 3.938678459319817 3.773486888429034 3.604322609702649 3.481872679920343 3.388861957901099 3.234266637795372 3.15127265805495 2.986526974149456 2.906230057647917 2.834842096348439 2.814976394121913 2.762038407654472 2.671863958031281 2.611466217542329 2.516701193824701 2.521724333148086 2.477052189817186 2.482767778092239 2.441485262101196 2.461625447547704 2.414035005047481 2.341505105039687 