# Created by Octave 3.8.2, Thu Jul 06 13:53:35 2017 BST <co1ssj@node117>
# name: result
# type: scalar struct
# ndims: 2
 1 1
# length: 3
# name: params
# type: scalar struct
# ndims: 2
 1 1
# length: 18
# name: cleanup
# type: scalar
0


# name: num_runs
# type: scalar
6


# name: dopamine
# type: scalar
0.7


# name: targetCross
# type: scalar
1


# name: targetLuminance
# type: scalar
0.3


# name: targetWidthX
# type: scalar
6


# name: targetWidthY
# type: scalar
2


# name: fixCross
# type: scalar
1


# name: fixLuminance
# type: scalar
0.2


# name: fixWidthX
# type: scalar
6


# name: fixWidthY
# type: scalar
2


# name: fixOn
# type: scalar
0


# name: targetOff
# type: scalar
1


# name: targetOn
# type: scalar
0.2


# name: fixOff
# type: scalar
0.2


# name: targetThetaX
# type: scalar
0


# name: targetThetaY
# type: scalar
-11


# name: exptnum
# type: scalar
0




# name: r_0_m11_G0_L0p3_D0p7_scsum
# type: matrix
# rows: 6
# columns: 600
 2.294139270497908 7.053923351275444 6.706508272196515 6.408045014934032 6.13065872113657 6.007274897372554 6.044253997119085 6.276444473580341 6.748237715211872 7.598364644683897 8.60195166637277 9.878278176598542 11.38199437868388 12.97209036572895 14.73943361535203 16.62886162399809 18.69565730629256 20.78465126197989 22.82005452859448 24.7129125973006 26.38809950252835 27.79632476356346 28.72006192844856 29.06818030569411 28.6038243017756 27.12768516367214 24.62912827131368 22.30688288043893 20.23953309774151 18.36995632713661 16.80154230786138 15.31386952982575 13.92010412317813 12.72353098663007 11.6213240911602 10.66932329821429 9.759406275476067 8.953579194123449 8.220201965017623 7.575444063942996 7.020578815114277 6.47359324246645 5.997730188060814 5.588463590585889 5.200587278597595 4.771280829801981 4.49243015056436 4.217458107301354 4.007059755538648 3.817950047159684 3.615676310470008 3.483024683278927 3.386489820084535 3.257952113384817 3.078093672142131 2.93547981863594 2.891284847901261 2.806187550049799 2.727424470314872 2.658232833990041 2.58564204537106 2.510715248960878 2.485052727934089 2.451947750443651 2.435416508234994 2.383951775995229 2.374554881584118 2.397207635463019 2.379512458900535 2.378717552179296 2.383941658627009 2.34099343624257 2.295366623009613 2.286600409628591 2.228354262457287 2.249701087508583 2.225988687518111 2.26353655908315 2.293372891142099 2.339070256952255 2.259760388984432 2.262310738868109 2.302898929298863 2.273905771966383 2.283534542333655 2.277240184765674 2.226316031745228 2.192274000008183 2.167157285002759 2.16035080961592 2.123016910042452 2.208602779155626 2.241916976010543 2.234231793336221 2.331056325798272 2.306141128701711 2.278853725438239 2.28023921669228 2.291725210852746 2.28464061399427 2.312478136154823 2.313454745427407 2.305492187733762 2.325685706842705 2.314985036231519 2.263818542211084 2.190789696440334 2.241639395200764 2.308861035198788 2.28989743405873 2.257922662527562 2.314362865781732 2.342960199724985 2.357494224357652 2.351882188373565 2.422046567691723 2.440936577957473 2.350755648001723 2.290678149562154 2.301944090075267 2.290156267648854 2.284473460218578 2.252659444880919 2.236318531358847 2.259855542026344 2.303918291298032 2.300455226668419 2.308380917842442 2.29448549767767 2.29507848436333 2.270465566994972 2.255613393776002 2.232950103469193 2.241876803404011 2.296236456699262 2.253813328345132 2.268802970182151 2.236999609056511 2.250893116899533 2.236937893826507 2.263902965860325 2.314289884205209 2.308721233817778 2.246106474016415 2.320640882375301 2.320035979173554 2.374337866240239 2.379475697009184 2.413353216081305 2.416194277102477 2.422466049127252 2.399453177320538 2.451820019799925 2.440776505891336 2.416653073978523 2.479793041253288 2.429651768948133 2.421613830617389 2.374679785818444 2.452378009962558 2.473833963107609 2.420952786771522 2.400415087828151 2.387685906047409 2.433949503734311 2.367882433025443 2.351782220035602 2.347527093304961 2.354607289318665 2.323015855785343 2.378409308981645 2.366312107507838 2.340552929001205 2.360337476020504 2.377915175104135 2.34732824467028 2.394610404913692 2.395381343976624 2.405683917808346 2.436339707670413 2.381075092842366 2.356393986090552 2.365345557911496 2.400937022324797 2.362819439935265 2.396372030714701 2.451856748167302 2.386992513067526 2.379382179755339 2.413028848195609 2.387604246590854 2.37152216994582 2.321394825750758 2.293661148309184 2.326299623713567 2.336151747469557 2.34130741451736 2.39360082942585 2.351561759016477 2.330732234346215 2.344326224751057 2.288884344707185 2.309299053013092 2.287739898216387 2.292924542234687 2.241729302448221 2.154737062719505 2.16675810025481 2.187198925763369 2.175465752159653 2.199440997759666 2.194078961729247 2.21202832162453 2.202193556287966 2.202627754042624 2.2429178310922 2.202502694730356 2.204404964595597 2.207096825550252 2.223218606266528 2.248444027827645 2.259506136531854 2.2198340515788 2.23610931015719 2.279955520769363 2.21784712097724 2.237773764058147 2.264730367405718 2.205082725391549 2.240331705721474 2.187653050335939 2.206693855230696 2.2035794524636 2.158848923030746 2.165023607118201 2.215170246405251 2.249979990672728 2.264504974882584 2.255907086102525 2.246128211249015 2.232579170391546 2.233901304840401 2.233705507682316 2.225185935632908 2.311398956910125 2.323253565220512 2.366442262155033 2.327970568610908 2.313878693057632 2.269000302541826 2.334687545644556 2.330337970179244 2.293536356250115 2.306847636718885 2.386353364800016 2.406232097207976 2.405285158783954 2.425796831228581 2.377945662003185 2.399504787332262 2.315296680200845 2.349737372253003 2.383657646962092 2.368288968780689 2.308616187510779 2.369189641045523 2.401604906535795 2.356903960193449 2.322074100964528 2.294406082619389 2.279903509366704 2.290335656534808 2.288647758541629 2.316245220630663 2.357256312865502 2.432157077924785 2.566827618415118 2.711332559643779 2.946577561072445 3.25272013162612 3.544607589843508 3.917885942893918 4.353849052029545 4.867084188274021 5.476328481923701 6.183525066750917 6.96622594604014 7.804905389501073 8.779403449010715 9.805815743769926 10.96968779445524 12.15248809117475 13.43792949833733 14.76567679757864 16.18211486939981 17.67575755293365 19.2001010074855 20.73293843291685 22.22183078635862 23.72250747897488 25.18176131320433 26.56401398731396 28.02031128965973 29.4579402677773 30.87724310666454 32.21153235212478 33.61184071004391 34.88261177862296 36.15685098586982 37.34473747446691 38.56809571203848 39.79815726318338 40.90844931646279 42.02955334993385 43.1571495817534 44.28135370761811 45.34891968541706 46.57666840003321 47.76285503817053 48.93384186721414 50.14567154820907 51.29902829429466 52.47275697001896 53.56956658599483 54.65232325642864 55.64517720265212 55.25991751423135 53.0902988139278 50.68709950861194 48.37323419991844 45.90400921559194 43.21702982949137 40.25446782103973 37.09244559503713 33.61170554555429 30.44632513491888 27.66243615500207 25.08790523499556 22.82299016341858 20.74368242728815 18.93251230061287 17.2627439091666 15.74266981858455 14.41350998078269 13.17979335773634 12.07511617713317 11.06706535815465 10.21080631290897 9.39297447851277 8.756051843091882 8.14478669106029 7.521325957124645 6.955116026554606 6.482196798571749 6.046796870497928 5.692966832284583 5.384444064817217 5.05712180257251 4.808835538657149 4.585317712402684 4.409287744627363 4.187504718269338 3.982929966194206 3.767688543241093 3.663307983129926 3.503066179207963 3.338682288042037 3.232035712906509 3.065731985057937 2.968719687483826 2.838516123683803 2.762129758310039 2.693395618633076 2.656817537607822 2.623430004859983 2.575058378128233 2.584460478072288 2.519624339896836 2.488455745766259 2.496595173317473 2.396577909705229 2.451868309361089 2.454862886683259 2.449172090244247 2.480924481849797 2.499422506516567 2.437591749810963 2.425022019637254 2.40070616563753 2.430494249358162 2.413162687138538 2.380203117936617 2.3979282903274 