# Created by Octave 3.8.2, Thu Jul 06 13:53:35 2017 BST <co1ssj@node117>
# name: result
# type: scalar struct
# ndims: 2
 1 1
# length: 3
# name: params
# type: scalar struct
# ndims: 2
 1 1
# length: 18
# name: cleanup
# type: scalar
0


# name: num_runs
# type: scalar
6


# name: dopamine
# type: scalar
0.7


# name: targetCross
# type: scalar
1


# name: targetLuminance
# type: scalar
0.3


# name: targetWidthX
# type: scalar
6


# name: targetWidthY
# type: scalar
2


# name: fixCross
# type: scalar
1


# name: fixLuminance
# type: scalar
0.2


# name: fixWidthX
# type: scalar
6


# name: fixWidthY
# type: scalar
2


# name: fixOn
# type: scalar
0


# name: targetOff
# type: scalar
1


# name: targetOn
# type: scalar
0.2


# name: fixOff
# type: scalar
0.2


# name: targetThetaX
# type: scalar
0


# name: targetThetaY
# type: scalar
-15


# name: exptnum
# type: scalar
0




# name: r_0_m15_G0_L0p3_D0p7_scsum
# type: matrix
# rows: 6
# columns: 600
 2.232038909212861 7.065415540469985 6.820198338587943 6.527861595197464 6.253527360982844 5.99919471456451 6.021642144951329 6.210039368641446 6.572910692630103 7.349113924909034 8.372974133586467 9.650723280854436 11.15247845233534 12.88643824668361 14.68895477601473 16.61547613254515 18.62089045380344 20.70940979677107 22.75804571484332 24.74133805265592 26.415488012266 27.79332615842031 28.68222760321441 29.00932251612539 28.57584947407304 27.16921635742256 24.71303868420364 22.29912006847007 20.21627999672273 18.33478430656396 16.6767467463269 15.16238650973537 13.81508632127952 12.63588065879685 11.50786050098395 10.46236134070205 9.608539567248954 8.852722561969131 8.091862397315708 7.416176100436132 6.790654144784639 6.337613483821769 5.973451672729425 5.590560172498954 5.206133306288393 4.894081159727648 4.541386842633074 4.236362898162042 3.984106403462647 3.868645699611079 3.628673536486531 3.462613566582149 3.336934770377411 3.250397967211029 3.126365726420772 3.004051414405694 2.900272034174122 2.843577416146218 2.76894713799993 2.731862535969412 2.666621729091275 2.52284688756481 2.480533798116085 2.480365393319516 2.437194209142035 2.473952445809118 2.424627588045041 2.399512367965144 2.464142568329407 2.392317897239991 2.360457593254978 2.30379583134345 2.308152333458565 2.329605145794631 2.364041110820835 2.283674872189295 2.296041605208302 2.257831166189135 2.286410865428479 2.289765318791979 2.294748728698323 2.328183487177739 2.225801891852825 2.271051162348158 2.333948250183312 2.326745004109398 2.306245619402034 2.289073500785889 2.258075117082626 2.26715770472947 2.239874697348569 2.254937459980283 2.239894248974451 2.242991310615253 2.279710384304053 2.252058400263195 2.211696771435527 2.217533253729925 2.218455141002778 2.215037385045434 2.197543759088148 2.190312498816638 2.195185960197705 2.254747544313432 2.276862527967751 2.310186192404217 2.336320154041459 2.358034025480265 2.350671089849129 2.341164849516645 2.329904961989087 2.302227634834708 2.320802926109536 2.262902807233331 2.251289840023674 2.267473458519817 2.280008704346983 2.251189021029859 2.257890101987869 2.283377230924089 2.314625776096364 2.312062121342024 2.303723873614217 2.204892371904862 2.241387303510237 2.253924415577785 2.260874456100282 2.224130931106629 2.252767241247057 2.245819937019405 2.227043343875266 2.179559399466598 2.144930958245823 2.146303766545316 2.176425614253276 2.152399379003327 2.169556498443853 2.164650007442106 2.212867142112373 2.216284474430722 2.215321921990835 2.223583617424083 2.224375234854961 2.196327178600768 2.26838604468503 2.233515997675568 2.273032020590108 2.236936366170994 2.201480910869577 2.228707595104424 2.206903699479881 2.291865903633152 2.295829084818251 2.31959785808067 2.31560648031882 2.288100857149402 2.316993179178098 2.373301623258158 2.369532975939364 2.287074096962897 2.276293966126104 2.347130402820767 2.371734106251097 2.36513635675874 2.36878685830925 2.394142290046148 2.396067400330139 2.366355215599469 2.307190469062334 2.3271747797844 2.331048197956989 2.345349198920303 2.358401085106379 2.40246561848835 2.373066011712581 2.390348904707935 2.416658638816443 2.387455548021535 2.419442985647038 2.424923304526601 2.41525973030366 2.426142951677321 2.39102500538138 2.414150364085799 2.410562273526011 2.388476780055498 2.302420878713747 2.339806317449984 2.299434372413089 2.296998927668028 2.273082307932782 2.298957832084852 2.303337032148193 2.302200526835804 2.280130976872897 2.264392930072063 2.234172645534272 2.272572463391043 2.27909032862226 2.270487725189014 2.286964474005799 2.281454228937946 2.259916011858877 2.268082395254169 2.302522910904372 2.306586813396279 2.304568489187659 2.300494985254772 2.333262286440004 2.318969331579865 2.323282682969875 2.352808816827746 2.363838204011699 2.399462913503157 2.355304584980331 2.324931645445758 2.295764276361297 2.234894309876836 2.279856456516427 2.328780311781884 2.337020504368411 2.295464273396647 2.262572180454299 2.23521461989003 2.2155876855104 2.227993573294953 2.224270646183868 2.199027023127201 2.248812082219956 2.233798491823109 2.30078119670361 2.302392176119611 2.302337483160954 2.333720975620963 2.350132037743606 2.336686952063246 2.334677778213518 2.408323298339383 2.354887810663058 2.322317197260418 2.321435248355556 2.352252306200171 2.354246667662665 2.352965684480296 2.342684717907105 2.281974775869458 2.278165181727672 2.293442226618936 2.296846464363625 2.258120853519358 2.199227700184565 2.244497792407856 2.234078425164626 2.158708093264522 2.141460792532598 2.15511251566204 2.160717422157177 2.167280084748199 2.151687460078392 2.162670628638807 2.115230645766133 2.125557981275051 2.137029223158606 2.161263031530325 2.184005406899814 2.171430356935161 2.209347832940693 2.216479157250433 2.276290431094822 2.305167973150674 2.292632216531729 2.299006153734808 2.294536780980707 2.224627741517907 2.315256599533313 2.292111140257475 2.308482931010076 2.324285835267801 2.28357675841653 2.216811711499759 2.141382750309276 2.133333680263604 2.181654607746168 2.151947932186886 2.148693084360275 2.21738773690231 2.284096357318049 2.399344792062038 2.568576284429582 2.723634329000561 2.917400954327604 3.260630559016136 3.684143875569134 4.155597976787249 4.693429305262725 5.340753618289455 6.045286212916835 6.77764774525167 7.623978850599087 8.467321862222889 9.397372751962394 10.37530769221485 11.41940884865471 12.53645290290297 13.7325039437419 14.94004946757559 16.21901215551406 17.44771105432937 18.6980871509968 19.95943847434864 21.07994360672637 22.22772613629422 23.43770131156089 24.6458139456372 25.86305189992345 27.00126712367637 28.05116134355922 29.16157038301935 30.268931839586 31.37581966322614 32.49965979544368 33.63984199189144 34.73762679217907 35.8071219384874 36.86921298411835 37.91903656974318 39.06171326540789 40.03071329767408 41.06052279156756 41.9627813964471 42.86940012067862 43.07896946961409 41.48214139967968 39.53202125900862 37.42456214504273 35.23800701961409 32.78290948611539 30.23291417753353 27.50197222162933 24.9256391159397 22.6386175919688 20.60830211447137 18.76178039738443 17.06404011899576 15.60443971524001 14.24899969475518 13.06415921664302 12.02838026000973 11.03918278123274 10.15849282599083 9.340156016402034 8.608391313802713 7.955148844761425 7.354346574938972 6.87962561844688 6.372308831520058 5.961464676256583 5.577630668346501 5.288664735511702 4.911050075257663 4.590640686375991 4.372954463615315 4.217616558820737 4.023117920376535 3.796061148646913 3.67039497134283 3.564916891962639 3.477331993279222 3.346091199104194 3.269476414105156 3.192572886000562 3.115783367702534 2.997388844971738 2.917995132618671 2.898799402690202 2.780602019629441 2.710303387237218 2.717364994521631 2.690117209640448 2.675119816687584 2.654771166518913 2.565272806821667 2.551588592759799 2.436882889693152 2.401072183598444 2.407100609332701 2.408083567657741 2.375277596764136 2.371126701724279 2.401006228596088 2.397460088148364 2.406729460064525 