# Created by Octave 3.8.2, Thu Jul 06 13:53:41 2017 BST <co1ssj@node117>
# name: result
# type: scalar struct
# ndims: 2
 1 1
# length: 3
# name: params
# type: scalar struct
# ndims: 2
 1 1
# length: 18
# name: cleanup
# type: scalar
0


# name: num_runs
# type: scalar
6


# name: dopamine
# type: scalar
0.7


# name: targetCross
# type: scalar
1


# name: targetLuminance
# type: scalar
0.3


# name: targetWidthX
# type: scalar
6


# name: targetWidthY
# type: scalar
2


# name: fixCross
# type: scalar
1


# name: fixLuminance
# type: scalar
0.2


# name: fixWidthX
# type: scalar
6


# name: fixWidthY
# type: scalar
2


# name: fixOn
# type: scalar
0


# name: targetOff
# type: scalar
1


# name: targetOn
# type: scalar
0.2


# name: fixOff
# type: scalar
0.2


# name: targetThetaX
# type: scalar
0


# name: targetThetaY
# type: scalar
-16


# name: exptnum
# type: scalar
0




# name: r_0_m16_G0_L0p3_D0p7_scsum
# type: matrix
# rows: 6
# columns: 600
 2.290338737402635 6.994894446150283 6.668966905708658 6.37178594062425 6.143477803387213 6.022369370240995 6.086285864577803 6.393426228278258 6.847005366660596 7.642583839093277 8.626944344890944 9.847300062016075 11.36803077896548 13.12265257592662 14.87929232686292 16.74858007256171 18.82186279239613 20.85664057759277 22.91307367324589 24.82237051842458 26.55459921884722 27.98388959994918 28.90067749455557 29.15638471772036 28.6316131556523 27.13720061282584 24.60212551333825 22.33198790455208 20.2188385758127 18.33743287481047 16.70483113538285 15.20874195339275 13.83875179677125 12.60109505825676 11.51342192704305 10.57378595099362 9.674339018834871 8.883209816616727 8.110879785293946 7.481157878573867 6.896266576593916 6.440147774585057 5.929986834558804 5.539147894218331 5.160660527544678 4.825010647480667 4.536046059518412 4.219019862575806 4.000842621793709 3.677851341930364 3.494847575329914 3.341914373340842 3.244881950398849 3.091147343016928 2.961713514381699 2.89831352159672 2.807872934179613 2.797858197111054 2.75670115518551 2.713654554972891 2.664008417820696 2.648533662322734 2.638331320227735 2.600225275764387 2.571767936329707 2.542279677414626 2.51255644007324 2.532586402234301 2.550410717089107 2.519386767569813 2.420740714373096 2.361837404558173 2.355664559399884 2.404101358504704 2.459327456312167 2.416274632980276 2.383712205508346 2.387341231693426 2.404410439588901 2.371761751641316 2.359144485617435 2.324976733074436 2.371665748109081 2.354689108200546 2.371551092594018 2.432321282140038 2.432846102907206 2.40047358776792 2.446227839795029 2.496720360883046 2.486564564364016 2.444401824490342 2.44520510725124 2.403391486710461 2.389682728364278 2.363796638797794 2.313937559167243 2.307019696632779 2.314202387840851 2.263089271460558 2.315281028561003 2.297943833775207 2.278897343505378 2.34492263787979 2.438426208973397 2.383833103998768 2.322125706719817 2.294966299730731 2.382129473160603 2.334806722523354 2.324300115418737 2.355345967534959 2.339725748492583 2.343226686993148 2.31058363806369 2.334604270923592 2.315030531655793 2.295814665871148 2.215734632412932 2.225182947971916 2.187020157020015 2.1756883227863 2.196894332802913 2.233851848597624 2.236326033518708 2.201844157176765 2.172296562683186 2.160417863320617 2.187296025193064 2.208373246270639 2.245120535764727 2.225447925840854 2.259546994981065 2.279641113498656 2.331929253101407 2.366889275537687 2.377017401908233 2.434404736035503 2.432612755401351 2.442251044352815 2.435885989230883 2.401524856122705 2.388768423108559 2.38012521215569 2.419650015079242 2.401053874109493 2.409792632897734 2.44692954520724 2.414526118009235 2.331584301799012 2.338323000891251 2.286916070694133 2.263201798115915 2.240962742253032 2.241904862756201 2.207862526367535 2.263594387204648 2.238553528935881 2.298935327147774 2.259263438318158 2.293710060823287 2.254095530573977 2.260157143406104 2.278718435936753 2.249498402848985 2.235131896501116 2.225948771450931 2.205805133038666 2.196220375968551 2.198715562120924 2.196524839009726 2.204951770909247 2.220432765865553 2.28206961658725 2.203192085238697 2.211620772985043 2.233403993526736 2.280122053358355 2.24788864648508 2.255102417151647 2.340435021546 2.379509553746175 2.3657248352647 2.308505533837888 2.260418792535347 2.313041316505405 2.337727583479136 2.284099740343663 2.319596937588358 2.329334601163282 2.363319686694012 2.379402709218994 2.379501289251493 2.39552336037741 2.430397973795152 2.338466739871365 2.359356135355483 2.348921179171157 2.391240155835476 2.37090642586918 2.385131111928786 2.401512666462622 2.371356570798525 2.358757568643341 2.39036008362018 2.41143454172925 2.398256672993739 2.359911965977517 2.325392236033622 2.362109735189733 2.385465668092365 2.359002584504196 2.342346273529984 2.351135335018625 2.350476904939569 2.37620805313054 2.340683418477056 2.316250058807782 2.269680047831571 2.200228807378153 2.185912829390873 2.184838750330528 2.233671279738701 2.237301725026555 2.266279661328554 2.289590628781298 2.286883130072965 2.277036658663746 2.230283538325239 2.234060307169784 2.21965573862326 2.25719895596194 2.218601077096537 2.203370787558924 2.219735885752016 2.207103806613304 2.206309009525285 2.24524500219195 2.246042534799926 2.257148358601626 2.25045712004794 2.261543636892384 2.288476288151287 2.34509569139118 2.298261863424159 2.327096987624827 2.315131506999023 2.366671623225557 2.394838261610857 2.401488533410884 2.405419494201851 2.412180762523349 2.454906296883564 2.417181546625216 2.429298140308674 2.435236358745897 2.48077400240436 2.456649711633872 2.460558709204633 2.459932095895056 2.40023106748049 2.417141537476709 2.370801478034991 2.383630041731521 2.315121233339596 2.393441381707817 2.393112391881004 2.350360234857362 2.294435005387641 2.329514468830894 2.344974223098689 2.340722678496604 2.296008398136109 2.255692533297406 2.280696777208504 2.253578813411877 2.218621648218686 2.25760564437951 2.241682988460525 2.224885121599073 2.203408110275632 2.247295978617331 2.250283252935333 2.237239029549528 2.302400834780201 2.317317849629035 2.295612249828991 2.325628486676578 2.341306489288399 2.347999703844835 2.389617308268498 2.481661268127937 2.672518863626465 2.850292946233822 3.209005876587071 3.558277870779875 3.931955802680022 4.497782534483122 5.062704897791264 5.68592869942222 6.31729367250955 7.025572115868272 7.87819652988037 8.849946724874826 9.841835501472815 10.86662921937022 12.03691957615229 13.27717392548948 14.48993727166453 15.70508880530542 16.92779858606445 18.18258673164382 19.44579537081154 20.64940107474831 21.83452780968946 23.00447148015519 24.19161470646213 25.37866460835176 26.59537558076408 27.78341455080408 28.97276511746168 30.12010629004908 31.27832813315035 32.38237388556809 33.52491300593101 34.6001506650282 35.77624555685907 36.94771637980193 38.04439733465551 39.12676637880941 40.22766618119749 41.26596259327562 42.31200621665266 43.37294689312694 42.94357788444177 41.19574375466436 39.22680167587896 37.14881636577775 34.90119253942612 32.43813629557189 29.79700808702182 27.06650226382772 24.55807628497132 22.30925452821248 20.24251415786421 18.48840022800869 16.85159034697062 15.34119048250068 14.01800436854683 12.82336473698524 11.76838514592237 10.81101827343446 9.88098392305983 9.104588956499356 8.456323331076419 7.810019470036423 7.235829430286685 6.772494723842101 6.42133866934455 6.010984025422658 5.659642440079551 5.330302242567996 5.073582409917435 4.801853974939149 4.48981998869931 4.294567861177711 4.123161025141599 3.967589889751252 3.830478246327402 3.705724091883894 3.560692359416862 3.450675989992305 3.369634727729135 3.208262851025211 3.142379172283654 3.086517789410209 3.019075808359048 2.983214912046606 2.923954933401546 2.838857083026596 2.744534376339288 2.652588218494202 2.611720037835767 2.584214333510317 2.592078667803435 2.572079250745446 2.579253001258621 2.504264240960765 2.47702225874491 2.477739218449642 2.445513453491003 2.442213382259069 2.404294073553501 