# Created by Octave 3.8.2, Thu Jul 06 13:53:35 2017 BST <co1ssj@node117>
# name: result
# type: scalar struct
# ndims: 2
 1 1
# length: 3
# name: params
# type: scalar struct
# ndims: 2
 1 1
# length: 18
# name: cleanup
# type: scalar
0


# name: num_runs
# type: scalar
6


# name: dopamine
# type: scalar
0.7


# name: targetCross
# type: scalar
1


# name: targetLuminance
# type: scalar
0.3


# name: targetWidthX
# type: scalar
6


# name: targetWidthY
# type: scalar
2


# name: fixCross
# type: scalar
1


# name: fixLuminance
# type: scalar
0.2


# name: fixWidthX
# type: scalar
6


# name: fixWidthY
# type: scalar
2


# name: fixOn
# type: scalar
0


# name: targetOff
# type: scalar
1


# name: targetOn
# type: scalar
0.2


# name: fixOff
# type: scalar
0.2


# name: targetThetaX
# type: scalar
0


# name: targetThetaY
# type: scalar
-9


# name: exptnum
# type: scalar
0




# name: r_0_m9_G0_L0p3_D0p7_scsum
# type: matrix
# rows: 6
# columns: 600
 2.28122046111821 7.108040031089331 6.738144284394366 6.346106125289225 6.131889425520058 5.943765035750403 6.002501646515157 6.248193858453305 6.734721218272171 7.490559409605339 8.460037375090906 9.797683427215816 11.3304820031135 12.95884999547525 14.80141715037462 16.69819168969116 18.73451842366194 20.80996721833071 22.82829133028099 24.75047821909175 26.4710644243969 27.81957623080234 28.68985552894628 28.96613644778154 28.51264477586665 27.09686146930471 24.61789639352355 22.27421824620978 20.19734024818536 18.31235271965852 16.69040434306589 15.10673577847228 13.76977642256679 12.54540069419454 11.40134701968054 10.48180895610858 9.59446355059481 8.80080452956463 8.089549824780988 7.445790768171719 6.891943727983744 6.27420274157339 5.831692132785975 5.407150545301192 5.05814093407389 4.706055770984676 4.388139705180947 4.148155027272878 3.909724847420875 3.727461041136849 3.619624815677525 3.44667148264125 3.225436285209071 3.104346350595733 3.055271138822718 2.931822222028131 2.875273248992016 2.803730069146695 2.69795984045777 2.645833254391619 2.588572969565575 2.531725514560094 2.494197861698922 2.398198929528007 2.397503359690745 2.396181397507462 2.392134970767074 2.338230176694196 2.306006899438216 2.336391730663308 2.369374424903071 2.366913705995103 2.354926187254023 2.304549357111682 2.284421013664542 2.31461593019776 2.356615146600234 2.314115622190002 2.289813354145736 2.285962283835033 2.300347804961348 2.277423225750681 2.255162226327229 2.291963476222008 2.259115539927734 2.262191335703392 2.258774103349424 2.294217603273864 2.277905856129109 2.297667195434769 2.275694758278405 2.281225607934175 2.252729635751166 2.222680012970159 2.241471603212631 2.161468307371251 2.188955635960156 2.147491255633213 2.140844169241973 2.142619990823732 2.133381385607208 2.095161980236298 2.110746242477035 2.11345802908545 2.141888671852939 2.110174493423983 2.140212663005514 2.101116970039584 2.153195268729178 2.170868416309531 2.234734212765034 2.232205341446388 2.233610910798234 2.244642144847603 2.215714289435709 2.196556521077582 2.20538020670574 2.244700962388379 2.25005380852599 2.230477625529602 2.186429148910975 2.20471910764536 2.21329668063845 2.225229229570687 2.189932440716802 2.177070141682634 2.179795564342385 2.220001915105968 2.256716655196215 2.257114195323084 2.28331199081731 2.24229540059423 2.240506029338576 2.250322150306602 2.303599057639076 2.373503381695627 2.325747227378088 2.394793724728515 2.380550309535465 2.361849220254953 2.374279488314642 2.37615749341785 2.371422220021486 2.348525051667821 2.349617112988199 2.266081490786746 2.281652288747864 2.249462770239916 2.24505564017818 2.219198433071142 2.189084178644407 2.184344467728806 2.182482257481752 2.197006357346254 2.22706817901053 2.178755686931254 2.24376643184587 2.248943732491171 2.242695232285769 2.288645136435662 2.299967973995081 2.284293508611881 2.302484507825284 2.260827815600351 2.298918854230578 2.32687081462791 2.298894192179432 2.267014466204273 2.196789884746977 2.231363382306881 2.157997225898725 2.18288746206963 2.166742716737645 2.17274419968453 2.206795309743029 2.163879125286257 2.18260478326556 2.272638791935606 2.30584618429566 2.306682199145143 2.30920623228667 2.332156886826851 2.333619081960933 2.287963171256706 2.267105547260144 2.306051308107271 2.295702182165769 2.30971837940433 2.324718141077028 2.34555779423863 2.308800851547858 2.314624466460373 2.366719016869865 2.334849444472638 2.311647527214518 2.285561981836508 2.316360440976496 2.315406566476668 2.339652525930433 2.290585597109384 2.258564274401579 2.254477604925341 2.23697546961921 2.262788762742275 2.213845891077654 2.218288960171776 2.213152374064521 2.263406287209364 2.22662362581741 2.222999373119819 2.268716766146099 2.262962100101504 2.196694943329931 2.248005168146847 2.268448936462391 2.284912225572043 2.297167008297038 2.347633953655532 2.405818656545307 2.407764360956207 2.364174877493497 2.286637918577981 2.234175296092872 2.254996866635338 2.304573510624778 2.260484786567758 2.280774786377151 2.310465636674962 2.311228551261593 2.33733671470327 2.318660360120703 2.358430089821923 2.346205463249134 2.387037631266139 2.404924955531897 2.367042715464777 2.373013734948472 2.334253112720035 2.305998440486292 2.339320622297237 2.351596995802538 2.327245142987522 2.339672637201147 2.329022492616787 2.306292758566997 2.305434074864024 2.293398431114838 2.366819322138326 2.343702076963382 2.331255677294394 2.325498272846744 2.250388014021155 2.271088652207254 2.308426071038411 2.276337576851802 2.231908164929337 2.241844023319572 2.254092779192433 2.273949388378242 2.293737022297137 2.284495200685342 2.27475297977071 2.294913624838955 2.326594171814577 2.304577555536525 2.297312464412244 2.248909618901962 2.280357239102159 2.262746347580105 2.272346640929754 2.285564220128435 2.311281252957997 2.305912205565619 2.331576098295045 2.390578648946757 2.477418319453136 2.561087499940186 2.690716070736016 2.96080204293321 3.215811408932495 3.580418914563779 3.956213639445195 4.472750593056844 5.001054087555531 5.712914608880965 6.442694145476707 7.336602352472255 8.242587193315558 9.321486871544039 10.42244823063811 11.66255701816044 12.89393801124243 14.30655811657925 15.78373652667688 17.26455037348933 18.80983421345445 20.41893903063465 22.0502069321974 23.69179068404628 25.1893488745809 26.79720111190545 28.40457034752035 29.90531729948998 31.38826460233395 32.78967259595083 34.20986833268762 35.66753838898512 37.15682410732188 38.49488490892327 39.8110382643863 41.16296203953971 42.48845827381956 43.68375038101658 44.91077051349566 46.10032372592877 47.30681434604048 48.46519426528539 49.5848045215098 50.81368080100219 51.88346620269931 52.98575945549237 54.11392687887565 55.18898268356133 56.20272511377334 57.20631087522725 58.26176837044841 59.2380662486612 60.22633216682152 61.2151900610188 61.35563913067926 59.76321275987721 57.58434693978052 55.02788321933622 52.58892946649394 49.83851817117829 46.73257360288335 43.27837633297895 39.24857030062776 35.53963982277673 32.23277088276518 29.19819152034688 26.42968587144605 24.02984004903556 21.77914333075023 19.84368210413959 18.09551107014158 16.43691674357251 14.96553641329956 13.67164987398428 12.59983106598702 11.56341243036513 10.66564602599101 9.836457068613299 9.079291598791315 8.417073052652995 7.761614507828199 7.235933883290272 6.739624221198028 6.272745398011466 5.844498399508666 5.420120825510821 5.064571816263197 4.799692410597345 4.571845514576125 4.349843381978644 4.176440252715111 4.01719917270384 3.861956012060546 3.724660505526117 3.56136460554626 3.491881641493819 3.41159334310305 3.253737678340258 3.154167561799113 3.005764103872934 2.94691343350496 2.896973624236125 2.808450907716178 2.770471191834076 2.716186310841294 2.660369741064642 2.657400090127339 2.64933298795404 2.593142575478851 2.576560573303141 2.569095508355531 2.48287890561096 2.498471199753112 2.496656587536563 2.463971823286556 2.460300722003012 2.448199337839469 2.400611604058213 