# Created by Octave 3.8.2, Thu Jul 06 13:53:40 2017 BST <co1ssj@node117>
# name: result
# type: scalar struct
# ndims: 2
 1 1
# length: 3
# name: params
# type: scalar struct
# ndims: 2
 1 1
# length: 18
# name: cleanup
# type: scalar
0


# name: num_runs
# type: scalar
6


# name: dopamine
# type: scalar
0.7


# name: targetCross
# type: scalar
1


# name: targetLuminance
# type: scalar
0.3


# name: targetWidthX
# type: scalar
6


# name: targetWidthY
# type: scalar
2


# name: fixCross
# type: scalar
1


# name: fixLuminance
# type: scalar
0.2


# name: fixWidthX
# type: scalar
6


# name: fixWidthY
# type: scalar
2


# name: fixOn
# type: scalar
0


# name: targetOff
# type: scalar
1


# name: targetOn
# type: scalar
0.2


# name: fixOff
# type: scalar
0.2


# name: targetThetaX
# type: scalar
0


# name: targetThetaY
# type: scalar
-14


# name: exptnum
# type: scalar
0




# name: r_0_m14_G0_L0p3_D0p7_scsum
# type: matrix
# rows: 6
# columns: 600
 2.297577588884451 7.077147050164058 6.699736489325005 6.426050531234068 6.132505647508879 6.010078833744046 6.039670941085205 6.268342185554502 6.680762988082279 7.41431684247982 8.345375123171834 9.694697510327387 11.14317764810403 12.79206772939506 14.66954568469373 16.6107702084737 18.67846726377684 20.7538528514342 22.76960941363359 24.77963627426652 26.45155666847131 27.8515155652567 28.73136707390222 28.9797223157766 28.46381471422865 27.01542249356862 24.4655886350738 22.09462303786495 20.01688594524603 18.21463157072139 16.53879684330241 15.04585270547977 13.67475439263944 12.43655408066115 11.26878064792982 10.31971412341954 9.454537783909473 8.640883646119619 7.906812440853173 7.24469418591616 6.733751258474513 6.264750799306057 5.844730152348347 5.418605125974864 5.025328082425403 4.669681294173643 4.372054423518421 4.041365160926944 3.873775519143237 3.629230487065797 3.531331148375102 3.386215722497582 3.263290204262375 3.111469015304465 3.017514085862786 2.919814493636295 2.8940722182233 2.856159322185704 2.813303799131972 2.756319625921606 2.671459179040539 2.605013772577877 2.576689920322679 2.494460752506711 2.473804079423644 2.467133027988893 2.434336778340366 2.475591466660262 2.521819119068823 2.543289418561471 2.482940893249179 2.497992546414025 2.500944699651882 2.437714798157685 2.41674979799609 2.385329832071875 2.328920304073108 2.306130628627216 2.260731019037848 2.264953715231968 2.290792752683046 2.320848673472938 2.354437938527553 2.355772218270431 2.366253634085297 2.37280136901245 2.324603729364753 2.281597046294337 2.296065830945736 2.314912308705971 2.355788231405313 2.35243616966909 2.368436983311767 2.320491542672244 2.315993509655527 2.266256793031062 2.270827735766943 2.292118886020035 2.292579505963658 2.274984299692733 2.226765505945878 2.264591011808079 2.268232294743939 2.296891848585801 2.237363939830175 2.248416113936401 2.21194051404018 2.236244288015769 2.222446988573211 2.263464727804603 2.30380513574346 2.317897972279752 2.319219153203449 2.346662245283369 2.382951987034176 2.40832663936817 2.449795937212912 2.369887423759792 2.355369418866758 2.385017061737017 2.399711826636121 2.38628012414847 2.389299929865956 2.365164139951958 2.346606838829757 2.296581178801716 2.268675111583434 2.271117126118043 2.274073311931716 2.268376782463747 2.293931854997936 2.310933980208574 2.265475335523661 2.231478519930533 2.225236219874205 2.252008831648709 2.249091617421072 2.309172637549636 2.354207406355272 2.397503196876642 2.309436342708068 2.287989244854543 2.305869414973131 2.325622377582476 2.346026294599142 2.351918933913112 2.34324238395493 2.34959936134419 2.309636918820615 2.308257968950784 2.297543769538606 2.34747449306451 2.324346092049382 2.26265387708554 2.275820655144344 2.273464581776352 2.222128206993148 2.297377890790813 2.286822994679824 2.282799961405544 2.239834863437864 2.2376350221748 2.321689264874294 2.337718396478522 2.414235841562913 2.420771307348332 2.374425080754008 2.377583932029665 2.346687827135611 2.321270614567766 2.308152394578428 2.361232444989582 2.362280063767685 2.340436093920289 2.287536035466474 2.284208285707791 2.275911862048815 2.30953265754215 2.305578835039341 2.261157486973389 2.274605230619272 2.334848775339196 2.309105700333021 2.30123641749924 2.277604523314949 2.284901909024484 2.273643626576813 2.299283521020698 2.307560256551369 2.299246196605964 2.265065235282236 2.201687480410328 2.250005951391358 2.265208380311378 2.279948458082799 2.25644848871525 2.265329710822698 2.266727438633097 2.295437062617566 2.308896116906908 2.295668669881707 2.300615117939742 2.267571577067429 2.278949974315765 2.282165271026315 2.302772380739043 2.271615257559461 2.329416435706662 2.291702373397129 2.248482802031504 2.241513083972677 2.273677489658439 2.278206547805894 2.331401543378888 2.313718778461407 2.320755143577117 2.354577329446329 2.326285356044536 2.272572925052373 2.228887156561541 2.246749221194477 2.279574008531199 2.311030973869492 2.313685292192531 2.320889821974561 2.33593744342943 2.316278691811021 2.294001238647979 2.296206663493649 2.29965310604166 2.282155163731659 2.316052822170604 2.32240311330861 2.318977295583863 2.331999101723341 2.376341710754787 2.378478874616121 2.407459768903209 2.405203956946934 2.407103988436575 2.433128248887442 2.409933409438963 2.411872916098218 2.378307189443149 2.343438005784265 2.38767587501934 2.300889603058749 2.364018231572118 2.299343818649504 2.34224539387651 2.312091371695715 2.322706445051153 2.306030766427284 2.278690113771518 2.30665339756888 2.296501379432812 2.232096563289815 2.288003870366083 2.310452171723227 2.298878204019275 2.261438304412877 2.275730553021276 2.211025517470262 2.201979594829027 2.248018461825268 2.306813095536199 2.346647217513237 2.306924343734863 2.295559698955913 2.265828284318559 2.276782371889567 2.237509972845146 2.231774967709498 2.249276561589795 2.287618700322128 2.303683852725953 2.269353582443273 2.369794791757158 2.366083949615131 2.326267103773716 2.294673816610157 2.340588557630326 2.34139058834262 2.333426350203808 2.302880650931911 2.353986276226351 2.36162568531654 2.357034381402627 2.409224051207275 2.534985976755706 2.75192483435967 2.964304818167875 3.244296966124239 3.737338882096083 4.203751570887107 4.728791686997283 5.352412471365824 6.017300781885751 6.792049625939399 7.711540807555139 8.659251813016454 9.680498678055301 10.73928190500737 11.92099794337264 13.11190042822636 14.44477407474915 15.87756772084322 17.24395928463127 18.66870839962939 20.13871996064699 21.41484170519834 22.71287417142958 24.07992072547859 25.44366748620359 26.82234384222647 28.12071720122913 29.36957777827774 30.57521058396378 31.92059424846229 33.16008934484853 34.45163213400519 35.6876432451354 36.87249726129448 38.01779666970833 39.16693509482138 40.33006110911811 41.40956895283216 42.49044921962923 43.62999691406367 44.70585662242956 45.84890066090884 46.94783891331463 48.11600896249365 48.03582352115336 46.03585405974081 44.15422371850218 41.942856412541 39.40818713589761 36.77625940614962 33.99812478856984 30.9252053670134 28.05863705269985 25.46384066289102 23.16281916846492 21.05368778691263 19.16219731986348 17.43575978204535 15.92781332864615 14.51664589891152 13.30566636967706 12.20512664467969 11.17710256496866 10.25454361694574 9.467354491789592 8.695647429325618 8.032997926735334 7.488847990156501 6.972315329579942 6.519781196631811 6.076137683128763 5.698851298904628 5.250305632085656 5.011612588112257 4.648179019364761 4.370937314110051 4.156201230442093 4.031726771856484 3.889258610615798 3.740888134510897 3.643790960060869 3.492956341215177 3.343357878169627 3.165947504749056 3.058071237202967 3.020748807583004 2.948019366263907 2.84741266178753 2.744183030961722 2.659201244401629 2.570246135113848 2.5413829737372 2.50887488371518 2.448504425883584 2.391699962026905 2.350084336041618 2.397573556096177 2.393936381711683 2.430109466615249 2.478260894778941 2.497645244111482 2.467101803376863 2.450609137278661 2.446930656420591 