# Created by Octave 3.8.2, Thu Jul 06 13:53:35 2017 BST <co1ssj@node117>
# name: result
# type: scalar struct
# ndims: 2
 1 1
# length: 3
# name: params
# type: scalar struct
# ndims: 2
 1 1
# length: 18
# name: cleanup
# type: scalar
0


# name: num_runs
# type: scalar
6


# name: dopamine
# type: scalar
0.7


# name: targetCross
# type: scalar
1


# name: targetLuminance
# type: scalar
0.3


# name: targetWidthX
# type: scalar
6


# name: targetWidthY
# type: scalar
2


# name: fixCross
# type: scalar
1


# name: fixLuminance
# type: scalar
0.2


# name: fixWidthX
# type: scalar
6


# name: fixWidthY
# type: scalar
2


# name: fixOn
# type: scalar
0


# name: targetOff
# type: scalar
1


# name: targetOn
# type: scalar
0.2


# name: fixOff
# type: scalar
0.2


# name: targetThetaX
# type: scalar
0


# name: targetThetaY
# type: scalar
-12


# name: exptnum
# type: scalar
0




# name: r_0_m12_G0_L0p3_D0p7_scsum
# type: matrix
# rows: 6
# columns: 600
 2.279561050745542 7.049053034017561 6.68543338571908 6.368591126876709 6.079997617616755 5.909140961710364 5.97804178964725 6.204464764676231 6.675108461444324 7.377886404712626 8.446364608797012 9.795263777443324 11.26881356456579 13.04632464274619 14.82758872277918 16.83305277591717 18.8594609306092 20.94483540521469 22.99387654127349 24.95611963736701 26.64278351991379 27.9762899380512 28.85872387044219 29.10898789943167 28.64730708687421 27.23348827145674 24.73443367065192 22.40905500746885 20.26818831776836 18.41165122573148 16.73838074138257 15.20366012908926 13.78791702675517 12.52128888732841 11.43644356389268 10.44517956214258 9.507569928580779 8.730952803838591 8.036922924813553 7.464867630817025 6.86136647532112 6.326379607613489 5.859896583715454 5.402026739342546 5.080811276162422 4.759364176617964 4.427339112495247 4.189177854957961 3.953055072563075 3.650949171929824 3.50932568711869 3.373742885705724 3.249842824467123 3.074997008341597 3.021078564357595 2.968500916362245 2.922347428691864 2.804478828045831 2.754842073965847 2.714861982956791 2.693241712837334 2.694850038686127 2.689345542143201 2.607724992285512 2.590199700684025 2.529353491205256 2.49225507738447 2.426673855019544 2.422742003669555 2.377512710256269 2.361927955618739 2.375061876729887 2.366298027871835 2.409736734813123 2.40087567631781 2.376553129484819 2.299472507795144 2.318519767701218 2.321384145103366 2.308850754765444 2.338265636928554 2.335174087085761 2.341748054321215 2.364277214994218 2.374970458210555 2.35478773496834 2.320668972202839 2.291773289674893 2.268428289757139 2.292065004792676 2.311343985085841 2.342521463426237 2.272925407371076 2.266383909518481 2.292828042063775 2.303904822736513 2.253610086580011 2.229777063716028 2.230390272190562 2.264521215169225 2.303119051110116 2.249771523929667 2.255761221012108 2.28092912111606 2.292192733286356 2.308022678611451 2.314624335936969 2.253679551140522 2.26578165504543 2.27073229079906 2.291713942235219 2.293050741231127 2.293407694010966 2.336052049926366 2.273862074067438 2.303886381437223 2.277613669168204 2.24842584131693 2.261155919415614 2.302153027369059 2.333729500402114 2.294496078589873 2.318174386651663 2.322710117870884 2.389319860463729 2.399529157239158 2.407913775245106 2.395520789190414 2.378609251165472 2.410905422431824 2.339770189102637 2.386053247144446 2.380642247802825 2.356010418479855 2.370133937612991 2.326841740701639 2.344153451143939 2.320348528639443 2.337811507597507 2.408103231500718 2.402105430861411 2.412684746717787 2.447475932476664 2.425877727324405 2.376366624772345 2.285285505600768 2.267467567246058 2.264435305143707 2.295005814500655 2.332978831829678 2.295370649077086 2.367757351261389 2.285751094389525 2.285390489749261 2.247211081630667 2.294156161781757 2.309769015662823 2.29793955470268 2.332482521884231 2.342341716841474 2.386411767554819 2.403826288329583 2.314165029554715 2.300445857519662 2.244418970432889 2.310595924380323 2.301559833119086 2.28103700610518 2.307698967655597 2.253882074772264 2.260138370842469 2.191284936419834 2.214299229526659 2.171147651744832 2.147925176584977 2.139685144451505 2.123704743873532 2.153820436513342 2.135887673979596 2.105069838868076 2.161475815046288 2.157313328520104 2.176657439460541 2.23174371222558 2.233225767726253 2.202464954967581 2.192641758781974 2.211712926626205 2.212436097059253 2.264153285250359 2.259894702860038 2.241290424310137 2.254663642692321 2.27456740384514 2.284510479992605 2.322202877207019 2.310769487599828 2.310439251115611 2.320997941555106 2.291999104734714 2.238681009032007 2.292766999480591 2.31143555599192 2.222966875044222 2.2525176471554 2.258555523316318 2.252553160524258 2.20311703949119 2.222209516032308 2.233971922127239 2.239284609864626 2.275382709751284 2.187985860364279 2.196456894445873 2.20072328360402 2.235468689366826 2.260955730031128 2.269103951221041 2.270897967726341 2.227312762421207 2.289299488787947 2.300967953877262 2.296678903734573 2.287944586569211 2.279435997588735 2.275870024379401 2.250179709481017 2.278117028603447 2.301710306397581 2.222043491550721 2.213471731618483 2.213558731598823 2.272881161630721 2.24457249736588 2.290504826007236 2.264410642928851 2.215748132282897 2.219928086702566 2.234090876227128 2.292408311201143 2.267646607993811 2.22347035567509 2.201092485116533 2.218940591737919 2.25409390826826 2.292138891330978 2.250110335320642 2.248050471716851 2.238195472353254 2.246457332454156 2.229416474136087 2.196614494172536 2.22442603919626 2.219669213583984 2.22776441588212 2.261500877062645 2.26434634785528 2.271974023959046 2.282223125683231 2.270342206247733 2.255380860377045 2.24468619682375 2.267786325308407 2.300919484110636 2.223406302007788 2.230809546897945 2.205290154754039 2.206928683865044 2.260832109157491 2.231883017986547 2.286286803073381 2.258969026403065 2.316717923611577 2.345219649760111 2.352279046559488 2.400584890841856 2.396874307349208 2.416204367542377 2.408720678940881 2.384799761144677 2.413197570342163 2.42709624976851 2.47163666679262 2.529628780961502 2.668646704478306 2.84071911587489 3.067335715786612 3.352252537668392 3.798556255114818 4.306621555151651 4.836636191165326 5.468276244615481 6.078878065964091 6.889334031460749 7.759841987397522 8.73863539377453 9.74682448553358 10.85149993969389 12.10826492936758 13.42726036754539 14.82419552402644 16.27406072459416 17.66475319572055 19.07872098263033 20.3992774340004 21.72946586748367 23.00775647018963 24.34608369947455 25.72308752410754 27.04766442942127 28.34908993993122 29.62511066030311 30.9179460832238 32.13355713480814 33.26742973917862 34.38952333694033 35.52831596606848 36.64786733311848 37.66473394588684 38.68917185625287 39.77495552274195 40.80271359346807 41.81806011929984 42.8769731087923 43.88351112478995 44.8448298983858 45.73306474379206 46.60856520316156 47.4475164253854 48.40783476831348 49.313872479579 48.34909467083708 46.55332428480324 44.47912788427129 42.27238131454214 39.87375043302018 37.34698250730435 34.57658057732624 31.54403683811688 28.61361027975363 25.94523200148251 23.63041537326535 21.54807648581482 19.59610020388936 17.82476416950885 16.30440057793749 14.84621092684392 13.56373904763313 12.48783993913094 11.40297319148522 10.5089358574478 9.678986770313713 8.940813143872219 8.282939312271992 7.648738670850435 7.088395305727317 6.587846721165988 6.160256459374068 5.739600552009506 5.38285080355854 5.125959405806498 4.894753754411795 4.575580749282381 4.347818812868354 4.143335044260311 3.9513658853175 3.790407925385807 3.587940709468967 3.424906083364476 3.285009012073715 3.144771186234721 3.063460922185186 2.959203775400965 2.922329680492112 2.864785847817984 2.828727118790994 2.784237706939166 2.76310572489092 2.639978549696025 2.561183207715658 2.525117216733634 2.511812702476163 2.531402010579768 2.475592176320788 2.496107426253729 2.444657801952417 2.378769255130464 2.429656295760651 2.445600344497507 2.443242941822973 2.408014272754372 2.423614970892231 2.421997874393128 