# Created by Octave 3.8.2, Thu Jul 06 13:53:35 2017 BST <co1ssj@node117>
# name: result
# type: scalar struct
# ndims: 2
 1 1
# length: 3
# name: params
# type: scalar struct
# ndims: 2
 1 1
# length: 18
# name: cleanup
# type: scalar
0


# name: num_runs
# type: scalar
6


# name: dopamine
# type: scalar
0.7


# name: targetCross
# type: scalar
1


# name: targetLuminance
# type: scalar
0.3


# name: targetWidthX
# type: scalar
6


# name: targetWidthY
# type: scalar
2


# name: fixCross
# type: scalar
1


# name: fixLuminance
# type: scalar
0.2


# name: fixWidthX
# type: scalar
6


# name: fixWidthY
# type: scalar
2


# name: fixOn
# type: scalar
0


# name: targetOff
# type: scalar
1


# name: targetOn
# type: scalar
0.2


# name: fixOff
# type: scalar
0.2


# name: targetThetaX
# type: scalar
0


# name: targetThetaY
# type: scalar
-17


# name: exptnum
# type: scalar
0




# name: r_0_m17_G0_L0p3_D0p7_scsum
# type: matrix
# rows: 6
# columns: 600
 2.297423269847059 7.046161158563336 6.771474487235537 6.362778058821277 6.026102149646249 5.91797992604188 5.970107957313303 6.23407053072151 6.680961903446587 7.433941712166416 8.354417911210476 9.701883315952728 11.25729336525546 12.89688458848468 14.77437634881562 16.7681456952796 18.90553334095966 20.91905133436558 22.98418687604681 24.92155262114829 26.59496725472854 27.98850037887314 28.85653699400427 29.11345442568063 28.63029138768252 27.12602585049171 24.61772788924281 22.28794913405727 20.14379743593963 18.30602354691291 16.64947218595989 15.11085480084876 13.77106015138997 12.66485159051081 11.4944443035638 10.53197523976996 9.627271639186802 8.758806764570181 8.12099324506562 7.441885634500068 6.86757127213059 6.348391386054573 5.913763724856835 5.488036317823571 5.0844947016476 4.736180086125387 4.557227731384046 4.253100289464328 4.058262525610189 3.899344485693291 3.655564613778552 3.484327602964186 3.332246364319872 3.177621754926804 3.022456082268036 2.918771722976089 2.836694652796723 2.762542665903311 2.708740516914986 2.678490247919399 2.597819689268363 2.53054289562283 2.509051094641109 2.467754630519266 2.560634012676019 2.511079179908847 2.469615039964992 2.435442210507972 2.429504466781509 2.399593974558229 2.386286232493148 2.410172122057702 2.438856924247375 2.392982700534048 2.375646146338113 2.377877726723455 2.314279695146979 2.331527649825148 2.324919027465512 2.274016344450501 2.275705649858082 2.243251463176421 2.308205438916048 2.276207776703814 2.259078838214919 2.243102323322091 2.26131746919782 2.256253538791498 2.258334159312653 2.277098946396109 2.288318085626088 2.338334088246484 2.342959375993814 2.278994418171351 2.264378397834662 2.308926561021508 2.265125857433304 2.267793906217776 2.242290837846667 2.241685520297324 2.28665215124056 2.290407860047708 2.315441681297671 2.285427902221272 2.366094363373122 2.378874949354213 2.360269142656762 2.406744312720548 2.367877870874509 2.358813205351908 2.344594939451781 2.364820825230709 2.340006724189152 2.324662914008513 2.32793613359172 2.352702259377111 2.370223441532289 2.331524645458558 2.334888297024008 2.324140598691883 2.334324833499522 2.270302852390159 2.219844825627661 2.195601481507765 2.188691060100609 2.252330879651709 2.236537551787478 2.224890875797428 2.230086985040543 2.29046272530104 2.272663955613098 2.276592740796332 2.234484375047032 2.27023064718378 2.262356840212306 2.264610558610002 2.186247124955116 2.238406244206999 2.293215572573899 2.282589168860795 2.28951853324179 2.250219253728574 2.308005887602121 2.352512031486185 2.320369533124904 2.32854241403038 2.293396438144555 2.276363448072516 2.320524064092751 2.324044414108357 2.319565141224302 2.345898077353922 2.369456334774441 2.359854959944641 2.351457937547821 2.32212452440217 2.289101157162804 2.332888396853377 2.308567795069393 2.300222462329657 2.326385906388168 2.331161760448595 2.388752378050413 2.36467984328192 2.331436186283099 2.346949112394213 2.309320236905478 2.303886494526523 2.226325505464047 2.243675346537202 2.222757457922853 2.212714738154318 2.219130064670026 2.207107207439549 2.186672804065893 2.236418215936283 2.300866895544459 2.258553517741348 2.241394903583569 2.259988316662202 2.229694079847832 2.286136200120382 2.343813929863245 2.390783340146299 2.356816624927887 2.333059919819789 2.341477273628698 2.373360585585033 2.314274249562004 2.333059050934025 2.378823681141512 2.388371750421356 2.374629029898642 2.36693602653213 2.395902427317196 2.397387073535356 2.331241940482869 2.306016805872787 2.307426089384535 2.343514290019812 2.337703534762113 2.289794139818696 2.312103176605888 2.316609723839065 2.295526704841905 2.339719435836741 2.359830766388768 2.304684756411916 2.312798101971566 2.355867093810957 2.338933875671501 2.328295267623616 2.325696812918068 2.290194527984568 2.315601602720562 2.297686480036646 2.244647584103859 2.2962576839127 2.378150009077217 2.353038957902754 2.43752814706022 2.445222654114332 2.41133724235624 2.373632783790526 2.388659274227393 2.41191128637729 2.339821285601829 2.300656513973081 2.298874503983825 2.335567509057 2.318582907239033 2.277823382653878 2.279299952870133 2.247418122486124 2.259038033280376 2.271071523093269 2.280784573409619 2.253426527109696 2.215267170951847 2.236033605062403 2.248667931744421 2.296402008596488 2.324907819282089 2.332271147581196 2.383680043356435 2.382689224330534 2.321327144934912 2.332133512270957 2.315572519757552 2.279703571235586 2.271757776255981 2.285605844526799 2.282684445519408 2.318910952988517 2.35416635277943 2.266384201764595 2.178086439027538 2.209847737616656 2.175659276606893 2.187735466595768 2.186916294442199 2.210955614522391 2.196969462371271 2.143575874521048 2.15353320309805 2.181880979947891 2.178441226984432 2.173088645678945 2.149800965948089 2.135873060750782 2.192697053411393 2.155967113721999 2.120455275264248 2.141642366395899 2.26285741193351 2.30242214673126 2.282226727147645 2.2939880497579 2.279348836185818 2.26073499222548 2.242602547550632 2.260933944435237 2.239923297838686 2.277144745245096 2.167374306467536 2.169187357747433 2.140440670755197 2.202955532186024 2.190681975851476 2.201522584196937 2.27977719772025 2.357413326364622 2.433179799450954 2.613792003736307 2.866638647592481 3.213496880913226 3.554721926164348 4.002053662552498 4.445199130381297 4.965050900755159 5.653298263241595 6.377106160613039 7.183623510063626 8.029764883211101 9.011384778255888 10.03643251502217 11.13730533203125 12.3436412741471 13.57080868329285 14.89193405720653 16.21140516227024 17.58902660523017 18.89364673103955 20.26054462271713 21.58722082057648 22.95989216250018 24.17663303516019 25.41067597089568 26.62027051555924 27.86235223692347 29.05938226340731 30.1993427632151 31.31495028551217 32.41330788826781 33.57103713275137 34.80312645121012 35.99881823691067 37.13906340459653 38.19676949251152 39.24511976557915 40.42461702519722 41.48482991468336 42.55925654045859 43.602278709237 43.67370485179345 41.73582350664947 39.72826552246261 37.5253558475888 35.31791679240632 32.80020152151155 30.02707665624985 27.32520578353433 24.87464731269574 22.57850466790114 20.54169613899467 18.73212828021133 17.07756387289555 15.59723624664912 14.27239600090979 13.04643468569702 11.94064421773874 11.04424470325102 10.1838144288522 9.387377011218632 8.659342403481787 8.016419367526396 7.411077045901038 6.892629540750931 6.386640265518508 5.972078862181661 5.606139944869028 5.257600933036883 5.006098234816818 4.793464220161695 4.554792141901999 4.343552888032718 4.109525307565491 3.947059757700117 3.770035443176312 3.593879126536194 3.440879572177437 3.317493429178285 3.179287619139359 3.079773450015637 3.039423761681974 2.942184114363045 2.920392302014079 2.869843011310877 2.815251870630163 2.758379344015339 2.717418201733381 2.622373797707041 2.617485992173897 2.64615302508173 2.581028346070525 2.571473307147244 2.601232925277145 2.654335005149733 2.628630384737335 2.591169645998889 2.520419707332621 2.466272333047527 2.443312098868773 