# Created by Octave 3.8.2, Wed Jul 05 16:29:51 2017 BST <co1ssj@node117>
# name: result
# type: scalar struct
# ndims: 2
 1 1
# length: 3
# name: params
# type: scalar struct
# ndims: 2
 1 1
# length: 18
# name: cleanup
# type: scalar
0


# name: num_runs
# type: scalar
6


# name: dopamine
# type: scalar
0.7


# name: targetCross
# type: scalar
1


# name: targetLuminance
# type: scalar
0.3


# name: targetWidthX
# type: scalar
6


# name: targetWidthY
# type: scalar
2


# name: fixCross
# type: scalar
1


# name: fixLuminance
# type: scalar
0.2


# name: fixWidthX
# type: scalar
6


# name: fixWidthY
# type: scalar
2


# name: fixOn
# type: scalar
0


# name: targetOff
# type: scalar
1


# name: targetOn
# type: scalar
0.2


# name: fixOff
# type: scalar
0.2


# name: targetThetaX
# type: scalar
0


# name: targetThetaY
# type: scalar
-14


# name: exptnum
# type: scalar
0




# name: r_0_m14_G0_L0p3_D0p7_scsum
# type: matrix
# rows: 6
# columns: 600
 2.259812202464673 7.398159601863881 7.101994247885159 6.760525069934374 6.402062385423051 6.188049795920961 6.146602056345728 6.17013864780165 6.282473624774866 6.556693849110161 7.081770525743195 7.685762447619709 8.434373368487286 9.385840226826986 10.35397223172185 11.39523678228579 12.55260043681483 13.79356832742633 15.02714936088205 16.26802921216949 17.33178153686822 18.29671532206339 19.03051049348142 19.39778788922558 19.20308194200334 18.38182533186773 16.7821041958432 15.22028698030772 13.80571171958582 12.5192531482171 11.48238513472825 10.45428144941252 9.555682826150587 8.814921457082164 8.11690402552631 7.374956104664307 6.805040690072929 6.298190102352237 5.915578654876299 5.433429037659153 5.038116917930893 4.733827432384714 4.485131626515795 4.247355416409846 4.028817487866036 3.79434343979301 3.597425327523524 3.40551130975291 3.244456179452754 3.124508585126023 2.991638912280905 2.909133165565436 2.757631731685251 2.694777323420567 2.633609407494077 2.600848730562575 2.567058989297948 2.519610448034655 2.461474153526069 2.405570640337828 2.374915194133791 2.318720199849849 2.375778951727625 2.338901249233459 2.324838753549557 2.330907960078548 2.289402838800015 2.261322519218083 2.333881636668593 2.377194383963797 2.378661272337922 2.400343106473883 2.36215533252107 2.337963977523032 2.350060154240055 2.303242332214722 2.293686889792298 2.267453469186876 2.201428419797594 2.264735912322067 2.310563070263015 2.332894979339471 2.313609097429435 2.23328562037932 2.218043067023245 2.240840311649663 2.187811393821903 2.242198256833944 2.304448441820568 2.306409671684378 2.346327379378636 2.323930911479692 2.330109174963582 2.267965577460927 2.267768535199139 2.302379870023287 2.273829847704292 2.282888329071284 2.288693849623087 2.280719686354132 2.240928274418366 2.252704218091822 2.261418696598412 2.290316784574316 2.32271339347426 2.378206134111679 2.339021725643761 2.333536107435066 2.32882043686368 2.324182424890751 2.322660401296162 2.310990278303507 2.260666426278476 2.236801465171084 2.294603125814319 2.290421794597933 2.305192108568008 2.270479567034272 2.234522145494338 2.236507184206857 2.236762949629338 2.233479793041624 2.260299914192728 2.282471574544616 2.303787182285305 2.366759151082078 2.324632675587054 2.293554950018006 2.300468489852392 2.252540271299949 2.282927052219748 2.296581841394072 2.283649576333119 2.238128046657948 2.254559789966152 2.267777122484404 2.262313165741944 2.252129246590812 2.222306358569767 2.202100186219468 2.24565677010105 2.241191882721978 2.312415012491329 2.342041181000241 2.358707719184167 2.337142524562296 2.334493738551828 2.33011044167506 2.292174106136372 2.266950931374595 2.286780066255233 2.332860893813631 2.36178939099409 2.339682082347281 2.285366275591514 2.272265042493018 2.302967508992879 2.302602161493269 2.22705542737458 2.238680090806156 2.203459724214554 2.242434829386184 2.20190152525538 2.254488926606427 2.225681884890946 2.293857436026883 2.262783770369424 2.250775936507125 2.290192808774009 2.259534026234178 2.263441356742987 2.256703923525492 2.303749159633298 2.298867176636122 2.354938794516784 2.349119633967348 2.398300550717977 2.306468533410225 2.31189154691674 2.332861980816233 2.297007811754156 2.275525446977554 2.232565348786011 2.24809331259894 2.259875221760012 2.268969279166413 2.329812832591415 2.317902950359894 2.325034930137917 2.31021173451154 2.274801646330161 2.343007517737533 2.288333672579029 2.326994453105726 2.303081438363733 2.291469008621789 2.317597331282741 2.313271036018705 2.234573655881832 2.240601866935322 2.262245133069882 2.279555087465269 2.276278460598405 2.247566787089454 2.217493465362168 2.212174181811861 2.270878609415377 2.329646376481833 2.317406449532427 2.291868800166412 2.293414590686552 2.338097212683351 2.353380981629016 2.343683543860607 2.318691031450726 2.326460633514216 2.30109528783214 2.313562907984306 2.311073343542375 2.308987789796447 2.346187240797008 2.352175390610228 2.332795606074797 2.359336343084578 2.344564068738691 2.309880229832743 2.298331869598769 2.316501747784969 2.308665223739808 2.291674655145471 2.306088181863743 2.342564597023738 2.341078397263118 2.304207134346143 2.281728692025354 2.262995878456422 2.252817862568918 2.256373785741744 2.234298942934402 2.215496856770187 2.228152697301994 2.234534817911481 2.205485576032515 2.271368786434323 2.3103230671868 2.312113046646118 2.258276075335743 2.284197604996734 2.263202138048655 2.294221420299436 2.298243989585899 2.320624910551487 2.28638861096988 2.332458012719144 2.27467531385264 2.279881302718422 2.257030173612293 2.178119154024898 2.212082416241174 2.20240941017255 2.277252754437541 2.250822580608656 2.275827344044046 2.328420130377708 2.330436136478966 2.289953440349109 2.321948682390939 2.312965349751721 2.333748933007882 2.322216543925606 2.333391214408039 2.293574656471719 2.284623993989953 2.341275889419194 2.294811750980443 2.283688577659632 2.263336365067516 2.249570711823253 2.227348241100117 2.224243975193531 2.224863006365922 2.228943619935308 2.304637878751237 2.322807883785572 2.433224128682923 2.579681772671393 2.735179593119028 3.003295964052086 3.280210436743801 3.633102325249638 4.02835255262471 4.443347579381225 5.02722923309193 5.695065846790385 6.43945434721536 7.261358309799107 8.049581508672418 8.976428883208428 9.95883722279541 11.04210109900305 12.0486936315865 13.27085605797765 14.55344250464987 15.76775273137173 17.04054008705862 18.36117913467024 19.78384095120782 21.0120966045688 22.29695835227176 23.52040382258929 24.82670336713636 26.02211436581638 27.22037702717353 28.42890116616036 29.55345594598839 30.73290865398303 31.88098719999471 33.06262559698371 34.21982390389894 35.35371791180296 36.41742016746866 37.4810006974003 38.61190974541387 39.72109135100982 40.78171143777536 41.74230176282435 42.75489822196687 43.67536627339723 44.70487208028135 45.69089438573064 44.81302783539286 43.10531860442643 41.21473147305005 39.18778258020757 36.97106814669314 34.55828566140735 31.9995927940181 29.22000451278291 26.48582625346171 24.06894134312824 21.91044303238232 19.93170554995413 18.19072140108619 16.56921705657805 15.08914599851414 13.84280857194244 12.66782997123664 11.64194803592181 10.7283998437797 9.889144502092677 9.081522974365726 8.379279551656509 7.761554695346149 7.184952228526527 6.67400969037044 6.227264592711435 5.765134961668082 5.482234060080373 5.164224056330568 4.841574370258968 4.509964753491658 4.366036591554803 4.08794461213256 3.892754947599315 3.742714656385942 3.570434621709865 3.448064447860816 3.330816001136554 3.274830132882926 3.201862631402037 3.060257187302341 2.906499512420851 2.89606222002476 2.780154997359205 2.714808357904985 2.691059392651368 2.667115818119782 2.664106554329919 2.653954404246178 2.631765884769266 2.575506407702051 2.577755357910064 2.585514845057332 2.538523030561919 2.496428318805556 2.473889811808476 2.4834816535149 2.394928582318244 2.441705476496281 2.442176622733314 2.469332754257266 2.450397221946332 