# Created by Octave 3.8.2, Wed Jul 05 16:30:02 2017 BST <co1ssj@node117>
# name: result
# type: scalar struct
# ndims: 2
 1 1
# length: 3
# name: params
# type: scalar struct
# ndims: 2
 1 1
# length: 18
# name: cleanup
# type: scalar
0


# name: num_runs
# type: scalar
6


# name: dopamine
# type: scalar
0.7


# name: targetCross
# type: scalar
1


# name: targetLuminance
# type: scalar
0.3


# name: targetWidthX
# type: scalar
6


# name: targetWidthY
# type: scalar
2


# name: fixCross
# type: scalar
1


# name: fixLuminance
# type: scalar
0.2


# name: fixWidthX
# type: scalar
6


# name: fixWidthY
# type: scalar
2


# name: fixOn
# type: scalar
0


# name: targetOff
# type: scalar
1


# name: targetOn
# type: scalar
0.2


# name: fixOff
# type: scalar
0.2


# name: targetThetaX
# type: scalar
0


# name: targetThetaY
# type: scalar
-16


# name: exptnum
# type: scalar
0




# name: r_0_m16_G0_L0p3_D0p7_scsum
# type: matrix
# rows: 6
# columns: 600
 2.260148606415896 7.450176732527325 7.091091979207704 6.760584010429739 6.448626036755741 6.199874654746964 6.113278630629793 6.162507594039198 6.303245287039317 6.632546417218691 7.106078168109889 7.689689309081587 8.455058214640303 9.436209343468363 10.39235653889773 11.3550442532578 12.51127606488808 13.74933215988494 14.98771138464508 16.22982575776405 17.30392814859806 18.30064349275199 19.06545984691184 19.37548797246563 19.18162383054005 18.30961945511081 16.67017352368202 15.16322562133064 13.79042378517624 12.55250547079777 11.42290521301766 10.40316642083781 9.528658422226727 8.676528199241147 7.956814868370202 7.34480565864942 6.777533577027498 6.236276599032863 5.813124399646767 5.351191190380632 5.064085627378518 4.765182680319413 4.579196350672646 4.333449267987817 4.091553157526505 3.922506171242276 3.725108394683048 3.501379842131428 3.346983080402424 3.219595758637297 3.065523020915862 2.909410931730235 2.864016314238143 2.776318302418076 2.647035775495169 2.651065166566696 2.531876400902547 2.485506814002292 2.429592722983216 2.422591454356734 2.36661635290875 2.270397445172421 2.349987563364266 2.297267309795643 2.240396744884492 2.228053248807555 2.196526180381625 2.188333341484395 2.187530207156669 2.226926559538697 2.160044109459704 2.174686014303006 2.255245623950032 2.261432303723268 2.239060479096224 2.213282198110392 2.232510387744696 2.250827654468594 2.257941392417706 2.201492261428939 2.163844572351081 2.199396287702257 2.173793439353176 2.184587044714135 2.21765736091038 2.237790788165057 2.278368638253596 2.26189334107039 2.23488881837693 2.234688004224154 2.230230145120004 2.322595255902343 2.340057784036617 2.35902012209408 2.383634614940092 2.389375675920746 2.365560858583194 2.390220729492285 2.37678378669807 2.361539480465581 2.362668754954939 2.368639833832276 2.350427657755063 2.352997764239262 2.308912410924677 2.281524947100479 2.318882933010173 2.329308623651741 2.319371695175505 2.349476328881792 2.322268120544322 2.267860882058812 2.195048666719231 2.181923196621938 2.255920941461227 2.267295726647717 2.286786665841646 2.279942283152195 2.258777793811532 2.279461665551935 2.313878845183353 2.30013979294381 2.34837314694596 2.344993047223397 2.300505490085925 2.31491984992681 2.366819252809364 2.352972564818629 2.349409559046762 2.314173140664934 2.312746882082138 2.283281790245383 2.270521217033092 2.261276069928499 2.25511926643776 2.266430516086984 2.267026221532433 2.287644901785825 2.256152875859698 2.252636281329615 2.22641342831048 2.270218414279952 2.296018911853025 2.312963662287075 2.321874890867548 2.277567005170567 2.244106136740811 2.256923408560397 2.226378345923877 2.242240328260777 2.247970203385194 2.286936401017101 2.246916283678729 2.223351027030731 2.237620540683565 2.21683156266954 2.206595293355349 2.202228084708622 2.23290300962617 2.246339592278673 2.217280990946165 2.210716171124659 2.252433567813569 2.270053792221006 2.253299556348793 2.252803816023516 2.280092774213699 2.314057501273055 2.323735370366194 2.342188212816836 2.325429974724102 2.371558501115942 2.354998732909735 2.355981090811838 2.346241571052815 2.337009416994988 2.328562003534898 2.293202811997617 2.30541274956704 2.326089096091891 2.353106088779896 2.315049585546149 2.292049628948007 2.388478436880177 2.313176443541124 2.292254303283244 2.317772253452858 2.274847720447724 2.222943964792648 2.202155251819931 2.193822784880467 2.186560681828269 2.237317565668491 2.211315056362309 2.252988100874063 2.284808931901352 2.242291680078779 2.281785537754331 2.285649382774864 2.253588488907553 2.249786806365591 2.2286674082643 2.273695945092186 2.333534937140939 2.311101950399461 2.249020089635451 2.228719104332413 2.251651292895986 2.28295547975722 2.251301758027694 2.272754993893614 2.301203732662543 2.314605163017404 2.387403938428179 2.392141978645668 2.436708984168945 2.380731416569233 2.317036251926766 2.327970989703317 2.27486575904004 2.310146713876748 2.324730775580974 2.310929128710995 2.380063671120297 2.337371447669284 2.372709315321117 2.37611021707562 2.36120119025145 2.361450225305816 2.357572103433995 2.340876425630995 2.33323287749954 2.361717686769339 2.396992987811245 2.376237767815837 2.336180237003646 2.394209490368667 2.409457483612641 2.417644508066587 2.43542095018347 2.371961994736921 2.366039419866866 2.371958738192916 2.331463711889228 2.310333554316458 2.326909801908187 2.333340665794822 2.337096338647825 2.305991414192249 2.290374452441029 2.320495120024134 2.28386206668074 2.293596954943496 2.317797475123371 2.308791991610633 2.399343256520297 2.428086252304638 2.382966987181135 2.392031007258993 2.336979092367983 2.381824618882092 2.429653098131439 2.418107687150041 2.418331328492059 2.376863579320343 2.39250997722047 2.394681958508954 2.390057011863973 2.38590357870271 2.373227823787602 2.420174195496656 2.406322312159318 2.377070559297863 2.345788825459749 2.326630300362012 2.256463777697718 2.287914825370535 2.303243352474965 2.345613891677203 2.364837308981805 2.325215460460186 2.377066649276458 2.405813292469247 2.361935112930951 2.360143755151512 2.353595767912338 2.432253776605648 2.439260280909366 2.450749324827484 2.517908609523147 2.553935132156766 2.652046335872001 2.831430971247755 3.010958740131173 3.313364617541083 3.660179719503503 4.072887480982899 4.588068576504156 5.205825284037019 5.913368307727069 6.704754720558412 7.553499190282309 8.448296420632687 9.52051923925319 10.6515111670451 11.83914283286686 13.120744435706 14.44639313801235 15.81507519452498 17.18003837029755 18.4967915696343 19.88692803164486 21.32613178095562 22.68506681685358 23.99213393650552 25.26777967068119 26.53461862265249 27.70076637071907 28.96962084072584 30.20102808026422 31.42901369923493 32.71490737818385 33.97975745417898 35.19196059816022 36.44544237122318 37.64736208644536 38.7819796153708 40.03361749684336 41.16599648231113 42.31615692975538 43.42146484671684 44.49729616165041 45.58782000552128 46.765599545859 45.75893621568684 44.12022174768208 42.29873635477361 40.14642052545605 37.89900724123072 35.65026924082122 33.14841970660927 30.47084490502311 27.65634302244871 25.10130627707986 22.81513765425916 20.76135864479784 18.83637925620133 17.1877124280345 15.63325702686416 14.36456516113867 13.20188518398209 12.11894385379492 11.14999089385674 10.25145489564602 9.474589711644512 8.694883118834696 8.048014072624937 7.386910204644664 6.874717292950663 6.456740492874815 6.055619712020416 5.679622190313239 5.323183527900255 4.957311506426777 4.671428602392552 4.436793787994247 4.213756666806148 4.028202480705659 3.795219290417663 3.664167439084849 3.548654055521183 3.417533465733868 3.265739615337225 3.085937387335434 2.999188046531344 2.895775049782969 2.884160776651697 2.83950405545329 2.766598867972789 2.735623426560778 2.66898409093119 2.628664181138447 2.623887701520289 2.569272482565793 2.528521427131636 2.492347671672178 2.429270025582809 2.424177812266862 2.436529640566732 2.407336156931706 2.392436967518734 2.397462233153419 