# Created by Octave 3.8.2, Wed Jul 05 16:29:51 2017 BST <co1ssj@node117>
# name: result
# type: scalar struct
# ndims: 2
 1 1
# length: 3
# name: params
# type: scalar struct
# ndims: 2
 1 1
# length: 18
# name: cleanup
# type: scalar
0


# name: num_runs
# type: scalar
6


# name: dopamine
# type: scalar
0.7


# name: targetCross
# type: scalar
1


# name: targetLuminance
# type: scalar
0.3


# name: targetWidthX
# type: scalar
6


# name: targetWidthY
# type: scalar
2


# name: fixCross
# type: scalar
1


# name: fixLuminance
# type: scalar
0.2


# name: fixWidthX
# type: scalar
6


# name: fixWidthY
# type: scalar
2


# name: fixOn
# type: scalar
0


# name: targetOff
# type: scalar
1


# name: targetOn
# type: scalar
0.2


# name: fixOff
# type: scalar
0.2


# name: targetThetaX
# type: scalar
0


# name: targetThetaY
# type: scalar
-11


# name: exptnum
# type: scalar
0




# name: r_0_m11_G0_L0p3_D0p7_scsum
# type: matrix
# rows: 6
# columns: 600
 2.35099954953148 7.536052893075976 7.25453163322527 6.817958517633087 6.466995337443223 6.142528356802359 6.065483787337143 6.060098571646449 6.164836491268943 6.549282373511232 6.972716530886828 7.693179494133801 8.468731701410434 9.31046158017125 10.36532060412719 11.39792443418264 12.5876059469374 13.84369833815435 15.09585785735908 16.2561376354497 17.41744921964892 18.39056973638799 19.15921216943752 19.45572716675815 19.26231404347345 18.41628465058602 16.7838903736374 15.31876561149693 13.89796526943974 12.66334582696436 11.44572614234494 10.4670363981204 9.559715504186897 8.765846467445954 8.09852778639106 7.388726748136833 6.778595196150491 6.273996087962587 5.800031420571031 5.43533212258626 5.115011050034809 4.802183392786901 4.46989969868082 4.242810170711891 4.024426256717561 3.801970159853227 3.582950194599107 3.428593643227941 3.331169019824301 3.258610316712293 3.147958880574151 3.044370614708896 2.956414973530627 2.876170728010038 2.792935543977364 2.744052733678473 2.752415595145976 2.772104024457803 2.666667729215987 2.570397915944341 2.51865072547298 2.502727987039179 2.502010595606407 2.487994964116297 2.441537187809445 2.356239648710471 2.368231545398885 2.397646787863778 2.401138288541915 2.426888438651531 2.387435280674254 2.399227854250057 2.365442132810131 2.329123424025966 2.345449463507975 2.351224289079255 2.343623703525736 2.382089586833899 2.342771560262918 2.377858777545043 2.382503222383093 2.354886609864479 2.353298619455018 2.422179046636302 2.336230436165351 2.339483627762093 2.342038403308834 2.339350379843381 2.355681043944969 2.452543951105326 2.507368430036877 2.526352238823165 2.488795845934874 2.429603023403615 2.427790320718486 2.314553126398096 2.314103324726602 2.33501332153719 2.278116982161009 2.287577732811769 2.346969312220608 2.300093931524316 2.219469685103832 2.235070584843925 2.22747725451336 2.284780582645908 2.276711740927567 2.269226971757234 2.325442664085131 2.325475711077161 2.320549944874074 2.281426038760401 2.290524291274778 2.325619095350703 2.299800014185166 2.286158426672046 2.217225169835729 2.179656530195643 2.198534445964469 2.257755570324662 2.259596884556231 2.33652916423307 2.334894065224944 2.288697978987329 2.248988063816796 2.287116599742149 2.2295094269939 2.213787839893484 2.19459063245813 2.290989598092892 2.301979103325721 2.278797343355109 2.283328016928863 2.248354520204884 2.253618072805693 2.232891166868285 2.216558531166811 2.275744904203748 2.258002626280359 2.201983908902548 2.258715339708942 2.222098624428327 2.245287236291915 2.226483599915809 2.230960381899422 2.257077167472744 2.249363995455496 2.186444301289157 2.177550418293322 2.163485343851789 2.169119536203652 2.167063733159466 2.178590864668877 2.220647100637507 2.259610884171707 2.219790149210894 2.222947266349365 2.234130324795842 2.257532949421147 2.266297492518788 2.232513309259957 2.267450036766604 2.181994665465027 2.154384137458692 2.197944177976751 2.230488529159629 2.213132790471718 2.302342376140587 2.273519892420154 2.284885425186076 2.329409161982767 2.317428429294523 2.297339005084723 2.295476288431018 2.284820674205548 2.281009694121167 2.244767947799119 2.301048886148692 2.328945374589239 2.312053517303866 2.345757735834923 2.254616900932888 2.277786137248768 2.275550982889399 2.271637212994392 2.261870273967361 2.271434094996948 2.262960014442797 2.285249776628916 2.270390784506162 2.265416745234688 2.301335638318051 2.287444658119057 2.279273264612129 2.296111430470773 2.35134109502178 2.365700189646304 2.326862410172907 2.308524081665382 2.304985814109386 2.290198010503445 2.291433390997554 2.27853972203593 2.311741852285195 2.355468339465006 2.365784121004253 2.364205627633055 2.356619128968305 2.4482313426779 2.456940288113401 2.381649944582023 2.380457892442791 2.384291969523474 2.421866796677932 2.408852759170259 2.355424506989948 2.332701679182719 2.374280293515767 2.402575035092013 2.397363868916727 2.423897039458097 2.432351008668775 2.384377375889017 2.308078283107534 2.352496796898777 2.32737503849421 2.307132048602398 2.243618502208847 2.260925320300885 2.284229701173899 2.35068160235096 2.302025792385393 2.273934946741065 2.278494914397015 2.24030371984918 2.214273609599331 2.254257884123945 2.221723654736707 2.206907156374655 2.17810515506244 2.207023478353221 2.246387466970191 2.265578721537167 2.2569828404703 2.18039823503932 2.244602331225906 2.224756792937114 2.275304616319772 2.252651356153365 2.21230635606662 2.213326429719018 2.236716192674066 2.223013960618118 2.278390272842444 2.1886912853588 2.195904233834881 2.257390935956209 2.253743614994164 2.257770308053296 2.250690236485752 2.298799913216499 2.291597843519412 2.275716025782458 2.297138800306129 2.276686824741773 2.308267058593628 2.287162663145864 2.296494332767907 2.305926589284354 2.291040943098778 2.315445340762381 2.297071379885892 2.250885724271939 2.272923208976863 2.283384134025255 2.317412041786156 2.270425577837159 2.213713159409963 2.283958305839406 2.389287176671132 2.545303872288059 2.758387826095714 3.000593783508521 3.373967709445424 3.821436252532294 4.326638189463665 4.910039940757997 5.64846043560101 6.485698482334556 7.298368286661571 8.229557363600179 9.355142774318665 10.4989952111282 11.75722963412954 13.14907252194462 14.62399167523381 16.18012643789916 17.72189304308995 19.17521497965936 20.68874970255183 22.28706561129729 23.81971499908104 25.37375524749223 26.90190016591077 28.38362473890447 29.80824147437852 31.24190209037624 32.74967071052379 34.26471627279534 35.66667732370115 37.02309693740244 38.40154172464099 39.79658049242425 41.18644617921018 42.50499723337998 43.88026162985625 45.20310735896965 46.38474218861847 47.60552691107659 48.96166398579953 50.23480654243394 51.46260578340843 52.66223492218069 53.89309194551606 55.08678288221017 56.31725865226326 57.51172843456516 58.43186253608292 57.34971922664772 55.44853404631431 53.40028044639439 51.13134464596078 48.71851127886839 46.22228138384889 43.29234285300845 40.35833025215834 36.96236202440377 33.5069851424596 30.47139278098257 27.64501783407468 25.03925893647465 22.79604142822427 20.75778945317506 18.94407712340035 17.26181092123443 15.77593516351408 14.41730314558299 13.21565537588322 12.1209154151893 11.13069952472142 10.2380081067713 9.490567255721544 8.77588423006091 8.089543192745623 7.538323892498738 7.01323599719035 6.572306143061724 6.121567952422993 5.67362698357465 5.336960029660986 5.032078888900287 4.711616021530062 4.496685978036112 4.247761330468165 4.05051295238809 3.891007569152862 3.727698342972872 3.573490116341418 3.371405330904963 3.208517229664722 3.041191579515726 2.959870635782863 2.829373196429515 2.766910861766519 2.713145813628216 2.664429679476598 2.621194718187326 2.577419085519068 2.599806430557692 2.545939373500005 2.527001114146515 2.47814273617405 2.496746534034173 2.422102481505135 2.399488539980666 2.411552119479893 2.370261060321354 2.325789193397213 2.321930164082005 2.306044322531307 2.283704623951053 2.264884937125316 