# Created by Octave 3.8.2, Wed Jul 05 16:29:48 2017 BST <co1ssj@node117>
# name: result
# type: scalar struct
# ndims: 2
 1 1
# length: 3
# name: params
# type: scalar struct
# ndims: 2
 1 1
# length: 18
# name: cleanup
# type: scalar
0


# name: num_runs
# type: scalar
6


# name: dopamine
# type: scalar
0.7


# name: targetCross
# type: scalar
1


# name: targetLuminance
# type: scalar
0.3


# name: targetWidthX
# type: scalar
6


# name: targetWidthY
# type: scalar
2


# name: fixCross
# type: scalar
1


# name: fixLuminance
# type: scalar
0.2


# name: fixWidthX
# type: scalar
6


# name: fixWidthY
# type: scalar
2


# name: fixOn
# type: scalar
0


# name: targetOff
# type: scalar
1


# name: targetOn
# type: scalar
0.2


# name: fixOff
# type: scalar
0.2


# name: targetThetaX
# type: scalar
0


# name: targetThetaY
# type: scalar
-8


# name: exptnum
# type: scalar
0




# name: r_0_m8_G0_L0p3_D0p7_scsum
# type: matrix
# rows: 6
# columns: 600
 2.301556395243097 7.377247753553092 7.025303754067863 6.59664550472371 6.251573548950546 5.998897506842695 5.909018662136077 5.884741499090524 6.208394157662042 6.503032629079826 7.03921103655739 7.67482352458137 8.484688725686283 9.369027021130023 10.38893965655006 11.4453191193461 12.67613772225377 14.007506866943 15.26441608948153 16.52016415346588 17.6508503760233 18.64886045461481 19.3975814637015 19.72021205783676 19.621599169408 18.75627262819398 17.14324185379519 15.59723046031286 14.13155243635265 12.76037769508548 11.64425669390039 10.64254902587345 9.772401861962862 8.924270525822067 8.179806812069728 7.435500184921693 6.869034620271123 6.378706619305376 5.918204808825976 5.567852642059734 5.198105187540705 4.861457781466015 4.505335580426618 4.287574081045022 4.083804403799149 3.86192029736776 3.698768355967331 3.487624954930652 3.285145289773936 3.146862408299057 3.056464538638465 2.913195421426281 2.819853219370998 2.748635695717894 2.647349420396495 2.584458808414638 2.549152182706166 2.502430103264487 2.437080364266876 2.472738456162915 2.494464574348967 2.528008694542223 2.495542009186465 2.495520410428071 2.469680902868276 2.47589390457415 2.420830960327294 2.356282829294287 2.330398469544889 2.319993036697269 2.304433330380562 2.309939628146822 2.330473085567064 2.335024377731315 2.344537701697845 2.330402084520756 2.400838518260571 2.424526236376551 2.437761824272457 2.38732394292856 2.470958128640632 2.406635453364288 2.370345993531373 2.332596394888242 2.309698903480239 2.293736896564951 2.319964828155207 2.355098460368026 2.349704813081189 2.355043329303953 2.381165506965772 2.422031212365255 2.406573846914398 2.357907191713821 2.375440507817984 2.311209238745505 2.291318843526824 2.286168466398522 2.280851238159812 2.303575575824652 2.324029466104548 2.368749482477142 2.391535495102289 2.394334277174494 2.346000033725431 2.313646628252172 2.35543749696626 2.349698315178102 2.331137166761437 2.259285315187299 2.273031185846776 2.300071125977411 2.356898396450561 2.368890233708953 2.417984145864466 2.394132442765113 2.419350383504934 2.405409396909818 2.404568630760878 2.443030396672839 2.41157714705696 2.350058813244686 2.400869257646264 2.407422455940832 2.34333402124139 2.3614036633262 2.325631127863744 2.323392794036408 2.278007971923216 2.287376122520072 2.318735088243557 2.356173100692104 2.384942072903868 2.387147771005402 2.422636691400839 2.434463298894116 2.401503247288929 2.4263166210294 2.466468765167519 2.357201385217195 2.362827099470451 2.408451532428444 2.36765863443361 2.291900680516846 2.285156569523679 2.271931225961453 2.288127351010189 2.269153088618623 2.271231039354461 2.2429559595912 2.244976227833831 2.275271610044001 2.279178972064983 2.214336989789444 2.177353358023538 2.183241953145625 2.24458084347134 2.238403098566778 2.244094405017677 2.280400895397179 2.254264743496606 2.249608142636134 2.289736005812301 2.306628196456586 2.346099561000301 2.309560628818872 2.294780361920857 2.316587140718184 2.2620962101646 2.249001007810875 2.269035040582821 2.298519068943278 2.305765257904568 2.338338609821221 2.328724549464823 2.31939991415129 2.264719486827744 2.304123802114191 2.296660173491546 2.338385324535921 2.384072122462385 2.3453261015311 2.268892383926868 2.271326807604055 2.243044534108776 2.18993308251811 2.217561455574469 2.176398262032308 2.213768357829395 2.172202817539073 2.238628469502146 2.283617496774241 2.240496697981143 2.232525193767287 2.284548946052382 2.274188674222387 2.252308299091965 2.207876106551339 2.259142246797637 2.300015338769299 2.29939713503336 2.274771605680144 2.212840689942823 2.206313793023583 2.261584622174269 2.224396715500916 2.188206222348526 2.167260874743079 2.165809921061737 2.158226958566956 2.167043658311741 2.230370916979155 2.249143447032111 2.269184443215636 2.29800260725824 2.26459012676969 2.252732221835686 2.300922560078106 2.285912385946176 2.248475696032983 2.243691299736383 2.319004097196739 2.344882951474574 2.315844395736349 2.267101198018281 2.234226070293516 2.226288894948084 2.264046541538846 2.217387725992012 2.228998123522615 2.282883598481931 2.254652788635212 2.294157308821013 2.293198743424 2.334185016068659 2.334155624928826 2.315354831363948 2.302520151668432 2.25332619645269 2.219101630049408 2.249857865004742 2.290690808913496 2.301225253548182 2.297582822277036 2.308947583267582 2.300694320299954 2.276417924389534 2.25437721038179 2.264365577029821 2.263518192667107 2.222627689996443 2.247955782240751 2.282761451258011 2.22499997651903 2.224314920320467 2.222787109247292 2.205681546609412 2.186573002589284 2.201551387417567 2.177027579211426 2.236700131097678 2.261941763663344 2.229528098127048 2.25358439876436 2.208889128618466 2.193497747372021 2.2301508724413 2.270716120841826 2.258063337936619 2.274685689597391 2.323672555662597 2.284808870823326 2.271930415634415 2.289336763104075 2.338804793445888 2.419172704219818 2.517471157614636 2.659637625925825 2.8937760631743 3.238639895816959 3.525094419315792 3.850089182084048 4.318927004660509 4.903844430016761 5.597841565140698 6.387485150822613 7.200074407570355 8.143082037538989 9.106492255931698 10.21227246052149 11.40438319411624 12.64931637565314 14.01664517117752 15.39829413482948 16.86081396087957 18.28215257274132 19.7839970205132 21.2360535507396 22.6620314382526 24.02024121370778 25.34211273604524 26.72413269000026 28.18211897262518 29.64141196195487 31.08538824274456 32.53051354660056 33.80856278844931 35.06425081671114 36.25726194213712 37.52109186894086 38.74016237026808 40.05871993289202 41.30180882506102 42.4980598177026 43.70585636435135 44.84879941153486 45.94451476529684 47.02932806636818 48.07317951958976 49.03534780116024 49.99007901049481 50.98154684435576 51.94974285093485 53.02378628171209 53.97668757072825 54.93756259747533 55.90382194934136 56.84911957430813 57.77973785010545 58.69074058240585 59.63673473837844 60.55991520711905 60.29326606724499 58.58369312846662 56.68663176135306 54.67139429391682 52.54090762996202 49.93336210081907 47.10278092629414 44.07589951605041 40.51466478989096 36.66440484190389 33.24341765775534 30.1294408702779 27.30279155690005 24.80997748229856 22.56857222401231 20.51090959813519 18.7195918825455 17.08656246415194 15.55675627621531 14.24311883526389 13.0076085261353 11.95383626007606 11.02851096624727 10.13911212816674 9.332234607965802 8.606833119651128 7.924578496393224 7.303538007152383 6.762001139170025 6.274678606505404 5.927459707498201 5.581559011945501 5.31045081738921 5.013759048286374 4.670764212394715 4.457627153155045 4.251243241349584 4.005602273526165 3.81588914115855 3.705675315981352 3.614633193588816 3.462085659113654 3.324059669022972 3.204490104002616 3.05154860165203 2.97030242004621 2.8688458057768 2.798776678420836 2.728275117850899 2.697263182702955 2.699654023495896 2.721040160708071 2.666437391708314 2.653157876426121 2.655525885798852 2.596097721907427 2.549686337028106 2.455723144099466 2.444224448754539 2.432272728379758 2.395624730150303 