# Created by Octave 3.8.2, Wed Jul 05 16:30:02 2017 BST <co1ssj@node117>
# name: result
# type: scalar struct
# ndims: 2
 1 1
# length: 3
# name: params
# type: scalar struct
# ndims: 2
 1 1
# length: 18
# name: cleanup
# type: scalar
0


# name: num_runs
# type: scalar
6


# name: dopamine
# type: scalar
0.7


# name: targetCross
# type: scalar
1


# name: targetLuminance
# type: scalar
0.3


# name: targetWidthX
# type: scalar
6


# name: targetWidthY
# type: scalar
2


# name: fixCross
# type: scalar
1


# name: fixLuminance
# type: scalar
0.2


# name: fixWidthX
# type: scalar
6


# name: fixWidthY
# type: scalar
2


# name: fixOn
# type: scalar
0


# name: targetOff
# type: scalar
1


# name: targetOn
# type: scalar
0.2


# name: fixOff
# type: scalar
0.2


# name: targetThetaX
# type: scalar
0


# name: targetThetaY
# type: scalar
-15


# name: exptnum
# type: scalar
0




# name: r_0_m15_G0_L0p3_D0p7_scsum
# type: matrix
# rows: 6
# columns: 600
 2.272174166468176 7.369381276337663 7.006238590271096 6.668600217242783 6.383210652387788 6.146120251225511 6.031872322149866 6.087825259048259 6.177767778244743 6.52567981237371 7.043756445949839 7.634442675749597 8.493281600378396 9.397443438567279 10.36952744404334 11.46532651309099 12.59270330278014 13.8154581281924 15.07156390038654 16.29435180511064 17.45929891776177 18.40254438990087 19.15593176111724 19.55550877758651 19.38651442073751 18.69309253901883 17.13831986758305 15.58395030045358 14.17735379673832 12.8805372073839 11.69388107904524 10.65020075011853 9.737900320120389 8.950381214399385 8.228510345215909 7.547900742443744 6.982217398799548 6.48032458949092 6.032866016784283 5.677557958053512 5.264241847675294 4.987374739886945 4.639302281211712 4.329658391547127 4.194573823690007 3.893535656894528 3.709971135642263 3.48473393878885 3.367637080154964 3.227726443314168 3.087105378888737 2.999592707783449 2.890551633685391 2.77319092009202 2.734251306264923 2.66403463300594 2.630840297140821 2.552645043837401 2.552870653564241 2.548591012498946 2.532723786014685 2.502213993375335 2.469078747100866 2.519885634574166 2.451864948568982 2.403781464279746 2.420748316497338 2.432565604456613 2.469224525564641 2.404494238182451 2.391677183271895 2.406745100190165 2.372572869608121 2.339839360431142 2.285013189262827 2.274582686084614 2.313304144805443 2.2553494429485 2.275206957438058 2.284534831582278 2.212922678900213 2.270611528154404 2.317655969100088 2.283893761714353 2.242189380200216 2.267618915619096 2.223475525042886 2.239866190531757 2.259527838126814 2.202936396972291 2.191799169704609 2.201182665339729 2.220018504107429 2.166030352847883 2.176305052445969 2.194690408221504 2.168010018089262 2.188707155713928 2.200208178648609 2.183666683971751 2.232446808469831 2.260586407675873 2.268120713190001 2.223028216019884 2.21842904641926 2.141487527405843 2.105591253744933 2.157290525105054 2.218335354769806 2.255039333136665 2.259126336979534 2.256506506415462 2.242378682818526 2.147408887471101 2.160160380362868 2.18791440588393 2.228121988322528 2.196217186836293 2.179801114780275 2.212340794041666 2.165456001399434 2.116241787025501 2.154952670181956 2.161957222755518 2.122388318668527 2.228680941701896 2.276981180359144 2.292820035552722 2.266910810956688 2.245309547535726 2.289539099219837 2.245228908886929 2.246856919438869 2.245755106643628 2.296175957917512 2.287826356627193 2.290772160708002 2.329952973850595 2.347024230082752 2.322240224420966 2.296220405834902 2.313663917972008 2.334453038012725 2.344870453973272 2.338077895721653 2.370773310442019 2.36379236267112 2.360986104918993 2.294863636359878 2.28153486233532 2.268346446111536 2.262272925756406 2.246545690853964 2.187461786066706 2.191264644774492 2.219296166811546 2.244240335108771 2.278958839029656 2.223108372148999 2.288179529110494 2.280081909171713 2.234884001300088 2.19286600885971 2.192208640022727 2.214760597686109 2.228548728613532 2.263832890716003 2.28227047353721 2.207348350886605 2.258678865034199 2.246111589804059 2.259174612787319 2.207025343723217 2.278334385555354 2.309658715164005 2.298157636112592 2.286636972301494 2.332624299913732 2.344473163524526 2.350746610223723 2.281811197091884 2.274952785075584 2.316660116914136 2.26551571246091 2.205210290980176 2.214957308566227 2.210949101732695 2.231346653708897 2.200890616251854 2.239870578649061 2.243159334902884 2.309390860071289 2.290279709624883 2.279122774561984 2.265325673412008 2.300896989589091 2.296939716317866 2.272826582529888 2.294752409499779 2.304884066874365 2.278345576887659 2.26570339614409 2.257518828220782 2.233435506794194 2.232732931021019 2.231068318451435 2.262262080232176 2.277438491725661 2.272864243055665 2.237798687694522 2.318483677328913 2.308297915191361 2.378858755037072 2.313363434383064 2.294756217394024 2.304831455781823 2.233538768639846 2.238347803380748 2.247318874284247 2.238341646308982 2.236933737432992 2.269860879572661 2.226762849531951 2.251001382319373 2.259110405761021 2.287539413555351 2.270461874533794 2.26253295216884 2.224870496538642 2.288434590696852 2.279939034764539 2.298866793993511 2.264421954663703 2.244279899850881 2.256693665152852 2.239961342638708 2.253868757023156 2.298073837118864 2.219620047093485 2.229301648643741 2.223327659841743 2.24908124996 2.287519792815147 2.219093463740137 2.2270516231074 2.258284952931717 2.308121549729549 2.274442875141176 2.276355626732766 2.258062843848165 2.234861203813125 2.16740680598673 2.193422473417741 2.178408020519782 2.184037573048045 2.277515869049239 2.270537775770208 2.274690761951206 2.311042939261824 2.316316045114945 2.303793906372448 2.317885212985857 2.321218063267224 2.339221835609351 2.320744656586612 2.333990346327482 2.306457604132447 2.261663373361444 2.20764681183482 2.149445726337945 2.102478355525818 2.169362768247083 2.195065782696474 2.180457401482272 2.154738635126705 2.17093238090456 2.220358818252862 2.201493803593621 2.174632571197435 2.210742119321367 2.189655607020541 2.170452403566742 2.207213708454219 2.231037688718061 2.19657810751778 2.151196213504591 2.173622723796143 2.185190654417966 2.261393961838621 2.279011829545198 2.314583405628582 2.393564996527857 2.557255729523604 2.712180100061232 2.971257019089535 3.225519937102945 3.658169148653542 4.104390346728906 4.72758318841079 5.39087233095961 6.141610126149317 6.962711595228029 7.825041095788038 8.77188845899218 9.852089585818248 11.03165086477566 12.2322176531452 13.51769749807681 14.85061972604854 16.187164560979 17.48302832297486 18.83130861547761 20.16647975036904 21.46338394866325 22.79098973844157 24.16768597482951 25.41619486919444 26.69475989340935 27.96585871955449 29.22213371865655 30.4468620931948 31.68229337734374 32.9767242582675 34.23583366475941 35.33428930806986 36.38841385539854 37.50116155679279 38.55589265060189 39.64103616591456 40.66538356818273 41.75772147877615 42.82494790251076 43.84885113430209 44.92040984090636 45.95636149960774 45.41505627753213 43.80226146890345 42.00809385042521 40.11187825170782 37.83269881200613 35.57839446115941 33.14571531844194 30.41503268766246 27.62141514889663 25.084006892459 22.83412163938556 20.72376470745803 18.88801146680635 17.23153650888935 15.68667031398581 14.35129192558088 13.04766394957551 11.99685730950296 10.99964520206413 10.10885691648946 9.305085731597501 8.629107835608011 7.933890870473988 7.397406458145269 6.865482233086368 6.384029927292431 5.970269308012575 5.575017467162979 5.198045566856308 4.921817341419228 4.596638989714847 4.348080569478043 4.122511854704499 3.913192151223484 3.775196967981174 3.629273415819625 3.499109671429323 3.375384811508411 3.238584687722323 3.159402447650791 3.074354676759867 2.93727678263167 2.842898291230085 2.844451192017004 2.815672225537128 2.734708791471348 2.646359215126722 2.582515396174131 2.568926263924368 2.569457480451092 2.531750124355312 2.4895991997073 2.462879080729181 2.450761460764625 2.442013535483056 2.408043958472263 2.410720189522181 