# Created by Octave 3.8.2, Wed Jul 05 16:29:58 2017 BST <co1ssj@node117>
# name: result
# type: scalar struct
# ndims: 2
 1 1
# length: 3
# name: params
# type: scalar struct
# ndims: 2
 1 1
# length: 18
# name: cleanup
# type: scalar
0


# name: num_runs
# type: scalar
6


# name: dopamine
# type: scalar
0.7


# name: targetCross
# type: scalar
1


# name: targetLuminance
# type: scalar
0.3


# name: targetWidthX
# type: scalar
6


# name: targetWidthY
# type: scalar
2


# name: fixCross
# type: scalar
1


# name: fixLuminance
# type: scalar
0.2


# name: fixWidthX
# type: scalar
6


# name: fixWidthY
# type: scalar
2


# name: fixOn
# type: scalar
0


# name: targetOff
# type: scalar
1


# name: targetOn
# type: scalar
0.2


# name: fixOff
# type: scalar
0.2


# name: targetThetaX
# type: scalar
0


# name: targetThetaY
# type: scalar
-10


# name: exptnum
# type: scalar
0




# name: r_0_m10_G0_L0p3_D0p7_scsum
# type: matrix
# rows: 6
# columns: 600
 2.236401066322287 7.432624013712484 7.018006005535426 6.671736181617234 6.273812018411263 6.016809718521472 5.923981906271365 5.969086814169714 6.157556475603997 6.565249754832621 7.047388420465722 7.735333423028351 8.433120079977016 9.328453758877004 10.31731894384575 11.3937422648105 12.60980555510469 13.87825347302169 15.1190048093631 16.39940294083499 17.55396579288936 18.50411284463189 19.21202615383663 19.44225895201816 19.27034301494132 18.41999208209745 16.73389818079158 15.1634494730024 13.83440900459391 12.59831290758302 11.47030477553926 10.54428636413286 9.672232064538548 8.809387480621808 8.010087258815474 7.438901106084813 6.860035105411953 6.286121648845437 5.906180001231405 5.500762033061619 5.079244470885897 4.743332135178207 4.509160929344944 4.266260175136267 4.051036410382949 3.86732881889111 3.722156040174013 3.554486244931468 3.423301674083632 3.320018798440287 3.135157524196984 3.02946788256304 2.941827807269874 2.850286038716149 2.745972714597883 2.699496556073427 2.661967244988773 2.632548812474852 2.604653367940045 2.572587588176248 2.57176705850361 2.508462413974485 2.427674908780318 2.444082126734429 2.391885264876692 2.339199022234425 2.341950113095663 2.341403678802635 2.354573546563188 2.400613232483011 2.411558673278705 2.391408894171036 2.386452154074505 2.404889913828811 2.354829681677074 2.336651016987162 2.409653749908102 2.364295928538922 2.379543761344394 2.466934623007546 2.439899277014774 2.426608990572277 2.380940834227658 2.38574416108122 2.411871290656563 2.347143230688744 2.306390615565761 2.299725461747585 2.354901534068631 2.365610457272851 2.369564790846198 2.336237352108583 2.355301764240721 2.360224674823257 2.352515222548391 2.357982716567676 2.399964837259176 2.418470243494085 2.38939724258671 2.435324133024551 2.423647649949999 2.400032279452716 2.32364332517318 2.347812093903485 2.389862923426335 2.326458560899482 2.327354064960673 2.305760889923476 2.296422367173363 2.343209742743056 2.30826771394095 2.361599586852208 2.363403312650917 2.388654064638104 2.302783493425522 2.296030296962272 2.297874919131573 2.346685866941698 2.335167651759548 2.350070288266579 2.32118231397726 2.305036446876329 2.329200860971469 2.301457457535435 2.314418048481457 2.281199575336359 2.302173010548358 2.292139905657677 2.32604897049896 2.365683297419309 2.381859348060971 2.352592020641168 2.393774658419716 2.343321195657154 2.317545775531471 2.288718327516108 2.302097071038588 2.299775212537497 2.318242867175286 2.344332609562116 2.312041778219282 2.277255134176812 2.259350620901387 2.268776438553687 2.24680668883957 2.230050236104944 2.261890158832102 2.191899910478242 2.205496744823904 2.231911406233849 2.184341037609556 2.199544882809278 2.162596319221848 2.137576767570863 2.086466844870301 2.145412160534761 2.221416514803423 2.247347693803022 2.199038265665877 2.196647887445579 2.204795488778473 2.224835626984714 2.278966867485906 2.285988819836348 2.25714399412027 2.24536333567994 2.271436357143102 2.312605628114397 2.278968428039661 2.253399671237275 2.283525372402437 2.301594449389086 2.304821317382448 2.347045382281067 2.358409368553112 2.326555912266485 2.323943987074017 2.336895907887083 2.305747000145857 2.317997114158061 2.415152016311367 2.474643707104406 2.508955091921962 2.45966177730952 2.411654630857811 2.422422230742086 2.484687483603921 2.47570739697403 2.491002464925259 2.441267839258217 2.460338147837319 2.482667786229285 2.461426273137477 2.440747395408835 2.414102931932575 2.402566736702283 2.329114544798358 2.334874508122084 2.346040935663041 2.330499862855504 2.34000813539933 2.325244480056426 2.357983084530133 2.373650654692938 2.392182966170367 2.33012337157561 2.335808020732657 2.307696413787198 2.310463111462013 2.338998609469854 2.343722903853632 2.363644025612302 2.352690402771259 2.407550321951931 2.368645887705497 2.394157606418958 2.387243154378666 2.403108548627642 2.362706362782774 2.359344004195009 2.342034984169004 2.353240488451775 2.334256736168754 2.325421942601679 2.288671285292367 2.322136203008995 2.361416870309768 2.368642567216739 2.32843277129723 2.279608285381983 2.292495657005929 2.299612745824561 2.207146361717605 2.20921097545579 2.203345442922 2.182722879169887 2.225433998501103 2.268369329787674 2.317119945442755 2.27362980862199 2.278024083738273 2.304433210523712 2.37653826323367 2.388065171326161 2.335707898648252 2.35511829294046 2.346634034183808 2.354674217800493 2.338226049560035 2.28145162576584 2.242730191490409 2.257454225544279 2.262564192031277 2.269534532213584 2.309141046796867 2.289836285621277 2.291700430614583 2.237143468733848 2.193574175857066 2.200673169360016 2.162976164378051 2.174834390869364 2.167830777525523 2.213155571183961 2.229018034016917 2.263319800156751 2.248009664668643 2.222413680454338 2.201985588999378 2.220325148318807 2.228631170321023 2.255687748198397 2.191220265813172 2.204245637742133 2.235806117627362 2.210968241248338 2.24129442681442 2.296823209129798 2.356120325762276 2.51678463709959 2.727249633069732 2.906094167890842 3.175388294313962 3.561600678087416 3.962141172874908 4.508850628553773 5.116219326984719 5.779707040441281 6.627085843243549 7.472210729611106 8.501369471930957 9.639785159040912 10.77846337892333 12.03440512937595 13.38695186091354 14.87837105443032 16.41220461976627 18.00475509663374 19.57530225045048 21.02613588467648 22.45446194277611 23.92181856984826 25.29376915213652 26.77735586692143 28.29553451735774 29.73879836955894 31.13748992077308 32.41763523140253 33.66112594040897 34.82282175208093 35.94859709336743 37.09101241578901 38.35351030994934 39.66823279294476 40.94772697212466 42.27897801582731 43.56325336952432 44.72354401920529 45.85805296774924 47.06825238414604 48.18738969898368 49.2371409540192 50.22684477203074 51.18830037845601 52.04329168968252 52.94966988940723 53.86762729950351 54.84870506576408 55.77835278832936 56.36239725809719 55.25999040497845 53.53250465139354 51.47358246548538 49.01848512415927 46.51017840259738 44.02395123754832 41.03477767492222 37.77364417460194 34.24429944268559 31.08354863280692 28.17502866162249 25.58279139216029 23.24385061828798 21.15132323582657 19.19345962805164 17.49308603246027 15.96988456784311 14.60557611047625 13.41955054511345 12.29195081908983 11.29922613763847 10.31679664341209 9.530647819108708 8.759425683372683 8.076878665653567 7.443615255084296 6.881690991445794 6.440932153993344 6.051211388035881 5.610489257411245 5.332451487716753 5.019049572641961 4.721861374353466 4.456790569594887 4.268036212110019 4.065870293241005 3.822518091003985 3.664861946203018 3.558135513583693 3.430972862570343 3.315682067130183 3.201521739691088 3.103437998281152 2.932614742239821 2.857362240411021 2.753622494965384 2.753224587482691 2.677988164363342 2.666598590512876 2.615638299768761 2.55792360988562 2.516390014759963 2.511638520751148 2.482542964389722 2.479973035930016 2.432090699192486 2.343702670150378 2.319882356205198 2.360070464503224 2.366496092225134 2.350229227004093 2.350672422366188 