# Created by Octave 3.8.2, Wed Jul 05 16:29:51 2017 BST <co1ssj@node117>
# name: result
# type: scalar struct
# ndims: 2
 1 1
# length: 3
# name: params
# type: scalar struct
# ndims: 2
 1 1
# length: 18
# name: cleanup
# type: scalar
0


# name: num_runs
# type: scalar
6


# name: dopamine
# type: scalar
0.7


# name: targetCross
# type: scalar
1


# name: targetLuminance
# type: scalar
0.3


# name: targetWidthX
# type: scalar
6


# name: targetWidthY
# type: scalar
2


# name: fixCross
# type: scalar
1


# name: fixLuminance
# type: scalar
0.2


# name: fixWidthX
# type: scalar
6


# name: fixWidthY
# type: scalar
2


# name: fixOn
# type: scalar
0


# name: targetOff
# type: scalar
1


# name: targetOn
# type: scalar
0.2


# name: fixOff
# type: scalar
0.2


# name: targetThetaX
# type: scalar
0


# name: targetThetaY
# type: scalar
-7


# name: exptnum
# type: scalar
0




# name: r_0_m7_G0_L0p3_D0p7_scsum
# type: matrix
# rows: 6
# columns: 600
 2.368820234434679 7.59332513337722 7.179608558584732 6.814015822732472 6.475290567432239 6.229148386995803 6.095796223333309 6.059329886396881 6.192004018423177 6.645658212542912 7.203688354158658 7.897376375964086 8.683572241228831 9.531215068993333 10.52966559781635 11.63210412676563 12.75419750850051 13.89325337553237 15.092225812994 16.33997238154552 17.51571543739556 18.41568859668041 19.10552181884123 19.5003084324926 19.33248849249503 18.59833004239772 17.0228789219691 15.47440935324266 14.05435717941145 12.85943955813855 11.66107429953991 10.60262688964212 9.756839848960226 8.87514495574851 8.153397415677318 7.48628795726836 6.897585916740354 6.352662682897062 5.900140557343548 5.552493280876661 5.109884984809469 4.736032709995925 4.498388639683981 4.216537717304163 4.050956016905729 3.829469337659248 3.603801690840555 3.427187133023835 3.341524530696915 3.232506893264144 3.064488357464143 2.908462742841948 2.794542565273332 2.764192474642186 2.707133614025224 2.647263447735895 2.655318837720188 2.62603337272958 2.552706006528751 2.504441241151653 2.489636881564365 2.521548749693466 2.431422336322612 2.403314363906247 2.312450073844957 2.30679274614522 2.338251512992429 2.346843918116065 2.348086749974755 2.319786896117876 2.321773359857616 2.312314164932104 2.288201465758902 2.267840265289124 2.225832996151439 2.216945571639826 2.234097791833847 2.265111167398572 2.246973796664861 2.270587735340087 2.249354226092692 2.226107719088759 2.237072711872315 2.250036186793295 2.265144893677643 2.238658997524908 2.280079096453846 2.28804092788414 2.261411103063438 2.276762081895868 2.242885329615092 2.245729672285961 2.224524764569651 2.27408553922578 2.273958944722835 2.247889473521354 2.303625669184839 2.352855722572713 2.308037450113261 2.325066401659569 2.385103982487635 2.342390803318267 2.353987333488476 2.323541053016925 2.329935208690586 2.340181612245942 2.289212856871018 2.267632020177189 2.259368174571136 2.250691643541359 2.297797715957131 2.321795182306232 2.323331372685061 2.316841670923168 2.340438453131355 2.368060370390594 2.356576234757085 2.331496002960193 2.370522799617902 2.458225360718643 2.428814211636563 2.391170565882931 2.357032681993587 2.328811092491378 2.331101179068355 2.354481775422755 2.393488494293706 2.412946658601868 2.368251137038897 2.361574601756729 2.331092044216348 2.291052354983549 2.288500420036144 2.299504402675666 2.325899469382421 2.293094687658595 2.297508632011159 2.289689996320021 2.271472136086231 2.329718572334968 2.324718845222378 2.307893547427739 2.302681693610793 2.318208422484531 2.353400392807089 2.352416857171193 2.356117934526992 2.310527252295287 2.319593380042534 2.326700581525074 2.349553867607028 2.381997024091106 2.344371404546109 2.373587426271115 2.366413388283036 2.389869257654937 2.360894980796729 2.345243186067819 2.37292503835215 2.364861144611496 2.337110723194201 2.392382196623657 2.401881048557698 2.35485953000898 2.421151056463714 2.357307548565586 2.313180885281326 2.345375226781471 2.333561977226054 2.258676394205395 2.265502047855989 2.291132577462122 2.34228886823621 2.320781193840958 2.356587318812672 2.399179279160307 2.404794564186886 2.373033005019352 2.305099681088905 2.290897130151279 2.335689834522782 2.39373621300183 2.320786951917398 2.363621005839377 2.352106167920283 2.327262375682039 2.352798357787833 2.33421548458864 2.319971734999854 2.314662390883313 2.307486671197694 2.296269702110294 2.280425527816988 2.306429408328768 2.313668450613477 2.278515091000372 2.351663578781881 2.314249216877215 2.286938781529898 2.306485922312277 2.334118386912451 2.329300887991849 2.313830406827037 2.334979493170977 2.332728231456713 2.354096438499255 2.297546459583828 2.345351142706932 2.308967632896383 2.277104457461974 2.325872207969951 2.310497947968543 2.355807818548783 2.356998926949018 2.286073049377592 2.288982612557447 2.271943508978438 2.315227100862103 2.262261020674487 2.263460947819112 2.319935175204591 2.322093215534551 2.295992694909728 2.289999005944992 2.380367281482904 2.420926590515592 2.397065034496336 2.358811951482494 2.441611237554753 2.452696818691038 2.498046424814675 2.481010149091162 2.429703435516785 2.382451183326339 2.307475081870507 2.35470967065703 2.357810058809264 2.393629174412581 2.329154031023791 2.273949227928824 2.27984260647645 2.247334852323547 2.219307976676646 2.239449476870504 2.213715209020847 2.242685956884088 2.257883784361184 2.283878643094795 2.254531164569926 2.304252039997664 2.320575837213255 2.325656162778614 2.31471417548164 2.177926052474504 2.189522761496846 2.109643201350536 2.157127461567143 2.206797539309264 2.230590627681522 2.215038278522115 2.208871999297116 2.244354986301914 2.223745025941753 2.262652300210902 2.27202162953472 2.316956821166968 2.335982572622015 2.331884225350223 2.340226918015105 2.302752567044081 2.259879378238111 2.241580475885712 2.248268263952923 2.281164647916739 2.318312718631205 2.34843661589548 2.422547309681249 2.579932566608477 2.787065933294798 3.027750150591601 3.320943316022749 3.740656654270424 4.173089673866343 4.721334718396974 5.396208660375123 6.15514708705814 6.964543003596191 7.821254172595218 8.857181003695587 9.957488052556073 11.13929759035364 12.34706585539243 13.6383742943508 15.02227409875195 16.42011604207073 17.90058598967153 19.37675609822327 20.83374971562807 22.24551159215844 23.67192605927266 25.02203313647442 26.24303553078425 27.4747526699648 28.75452959574613 30.00357479871673 31.13032690225373 32.29587942436046 33.43861050463238 34.52326700083358 35.61952684627977 36.77586105506998 37.87811703138141 38.9834013822765 40.08069236616029 41.1732121558889 42.20557825962169 43.23029065495211 44.16134570255963 45.11181959372698 46.08244474513776 47.07695168977625 47.94580161147678 48.88080388999515 49.78480396096575 50.6611015927956 51.50920435611624 52.32057335338686 53.02776631085726 53.78619440080365 54.56248357527238 55.25953889603261 55.98801710760745 56.63395895390022 57.28911612432717 57.80419294578678 57.32397048367784 55.67087548972995 53.55777349676464 51.33379208077531 49.10495731254196 46.61265975430433 43.97866876304397 40.94545225963884 37.57437856386969 34.02859063596043 30.77958012261661 27.92912449305004 25.3257119004702 22.99381790689222 20.89647770110787 19.08741021149035 17.41916824446525 15.85662585723185 14.4846914442569 13.2482924860924 12.11161208144767 11.1272135335239 10.25953404680695 9.487331215408631 8.787292582200735 8.11732714552636 7.529108703325619 6.979071846220904 6.555764485721738 6.061683540061495 5.684879414355237 5.320765279217085 5.071748280613974 4.798533245324506 4.500399710803322 4.309773897482955 4.073232643393567 3.95192376110208 3.747435427911114 3.593261312344112 3.41320675600582 3.289496854282334 3.197758697668178 3.111735482858421 2.989729251057724 2.865414810496077 2.879340886123828 2.850461708057992 2.811207590133563 2.762780666249455 2.699878502819956 2.70818595534729 2.65803974740993 2.617520936277288 2.589742848154856 2.582367402697855 2.542174617272394 