# Created by Octave 3.8.2, Wed Jul 05 16:29:51 2017 BST <co1ssj@node117>
# name: result
# type: scalar struct
# ndims: 2
 1 1
# length: 3
# name: params
# type: scalar struct
# ndims: 2
 1 1
# length: 18
# name: cleanup
# type: scalar
0


# name: num_runs
# type: scalar
6


# name: dopamine
# type: scalar
0.7


# name: targetCross
# type: scalar
1


# name: targetLuminance
# type: scalar
0.3


# name: targetWidthX
# type: scalar
6


# name: targetWidthY
# type: scalar
2


# name: fixCross
# type: scalar
1


# name: fixLuminance
# type: scalar
0.2


# name: fixWidthX
# type: scalar
6


# name: fixWidthY
# type: scalar
2


# name: fixOn
# type: scalar
0


# name: targetOff
# type: scalar
1


# name: targetOn
# type: scalar
0.2


# name: fixOff
# type: scalar
0.2


# name: targetThetaX
# type: scalar
0


# name: targetThetaY
# type: scalar
-17


# name: exptnum
# type: scalar
0




# name: r_0_m17_G0_L0p3_D0p7_scsum
# type: matrix
# rows: 6
# columns: 600
 2.315374554171285 7.467478616483277 7.175079048824045 6.76096685086668 6.3921570280163 6.174747290664527 6.006830226433522 5.990149296751042 6.144016178834136 6.565785693324869 7.062314341492311 7.754515930189882 8.531549188697682 9.429826772888191 10.39122173358919 11.57449035562604 12.74594613806767 13.99204388892394 15.22340686574171 16.43934989315676 17.64089353449526 18.67899837044388 19.30833846994938 19.63248371864574 19.38253861176054 18.65831571859235 17.04331996254405 15.5049802759313 14.03278660617798 12.82688962197426 11.66611326681232 10.63730598641268 9.71244766615564 8.875942929662415 8.101116574054686 7.509555534939864 6.99142921058592 6.448233247447206 6.00429209444701 5.585438656293263 5.182997508189146 4.871513923199927 4.516395166061557 4.269937918939831 4.009483370844464 3.881071836909541 3.690255850275207 3.49254149250919 3.442649437689397 3.310224007247598 3.185620226726314 3.133935662313888 3.033046053511498 2.921417987054156 2.854939526770977 2.753152952351229 2.739057791459345 2.730812987323588 2.711951566074276 2.649959491425761 2.56015017280879 2.4872162674219 2.436514572138549 2.392490720052592 2.37298237853247 2.407859756764083 2.420687907935644 2.362227905199688 2.294506415310025 2.298403544737084 2.352708522445027 2.370193467730132 2.381146520398033 2.332766223174985 2.308897444283502 2.333834764959647 2.288390564435758 2.281350108620245 2.308989928635128 2.323382500131629 2.370443652194808 2.354017513069266 2.32333542786364 2.376893113869301 2.343436027986172 2.367725203414011 2.388992028845678 2.322912170846394 2.335042782353412 2.291781330946833 2.267996972703259 2.186598875854543 2.191226401344466 2.252025877494816 2.257866900064982 2.314219869400404 2.320422305807369 2.328044509435131 2.303314137401685 2.323224244333687 2.400097427373112 2.388415837605862 2.323576545029937 2.287509398687689 2.21078369001043 2.205984074946173 2.140683840727434 2.19089560033899 2.194029990980198 2.200151412092964 2.240430899248167 2.199275370636315 2.209014916457818 2.200978996874255 2.21649121788505 2.282414978271845 2.256043427547411 2.240969626785954 2.285549609685404 2.286022572690854 2.27632968243779 2.255179464789762 2.229019531338054 2.251019095496304 2.21509659387084 2.22451136287782 2.247566345744417 2.249814266955582 2.268413799305563 2.305497050565464 2.336124052199011 2.307980947516626 2.305699694145005 2.383457800169708 2.33429889360923 2.299747404282243 2.345574829174438 2.318912674025341 2.321064045507228 2.328682362811378 2.297595123793144 2.291487623959256 2.325352742838732 2.316159202893687 2.299122468182759 2.296911834666389 2.235417979804879 2.232894837870845 2.30226387530638 2.267441155468987 2.201790709445049 2.237169340529363 2.258306639516377 2.237007708583405 2.252244109145977 2.288118317062981 2.304442579334136 2.25052745550056 2.275685764428999 2.258787203249085 2.276720789024694 2.32848674224806 2.374335385109589 2.324136041945167 2.349538700618723 2.336626516547767 2.320502210652194 2.311625403672224 2.353240035268755 2.409906446733658 2.344417734137096 2.332736512418705 2.266714259792934 2.271620522791636 2.321555457107024 2.295850068181608 2.34247069043704 2.335202150432451 2.319910872662149 2.320330578375433 2.32167753019894 2.264024783608875 2.242008274828549 2.286927425608155 2.23352005079505 2.231855207135595 2.242138453693769 2.256141561096229 2.308507322149126 2.293415776020993 2.32121858165192 2.298722680206993 2.241170538578444 2.251399310196575 2.176583646818472 2.166937793084799 2.226691188337099 2.248846372824119 2.201029453033698 2.207026785763446 2.229881224360724 2.196855852864246 2.199193261869368 2.230456492150552 2.201467746581329 2.182469178544125 2.180080517871829 2.192404423036351 2.183477634200244 2.168172202229471 2.139382266483153 2.197736128764518 2.228574619424762 2.355915151678346 2.349003739422187 2.371958738101966 2.383205145059037 2.393898139278463 2.3252715028284 2.334537672461011 2.318436939822277 2.333426779565343 2.323815346349875 2.300041460674038 2.36207716914214 2.416115692114545 2.440279969581752 2.432980316865724 2.447313231023145 2.492310269373775 2.475895535091695 2.407137233480171 2.381924973073183 2.350265134940855 2.329006095525983 2.323340000591998 2.320653159742506 2.326404601837567 2.362609091222112 2.345093994546914 2.349388181770337 2.323907139429139 2.379964902334905 2.37449201225445 2.337269491647021 2.311985429660126 2.34096789479554 2.371085263541318 2.458481341571314 2.452397711283993 2.479391885724908 2.433686796856819 2.486313878223882 2.444746061424667 2.459873260908353 2.376853499037679 2.376364712807117 2.398748805455398 2.409592114679981 2.41148544070893 2.473702785042406 2.485967710228579 2.490239066850336 2.492451415899268 2.505702634563931 2.471395432810823 2.421589804107498 2.400744927428605 2.389235939808714 2.422296651202487 2.417034271398734 2.416637399597676 2.384136385153397 2.462720895358871 2.487366395595018 2.452839976816904 2.403185257364385 2.413477449790662 2.354909767114805 2.312994278070619 2.328460536806233 2.290589222444396 2.25915053189965 2.240756997754943 2.226588439199986 2.227389810366731 2.182998320218758 2.220807138033706 2.25649579470155 2.280115985049633 2.324283042780735 2.42230650127749 2.557044839602895 2.64493783787475 2.908551963329955 3.219865125283832 3.539962430931155 3.989156751005794 4.466269699445547 5.039413563823473 5.685573569768167 6.383638976707516 7.155289859620098 7.969876280258177 8.879190657891741 9.948844668466336 11.00914965388438 12.10482309207873 13.24069701367989 14.47553893376607 15.71583240065229 16.9576808990023 18.234510061935 19.48042851558421 20.67546938587111 21.84985165122634 23.01395331108506 24.22347585827811 25.50631091880859 26.71284403906611 27.82995132503493 28.92212611210016 30.0931593770656 31.22462009689116 32.3202876638461 33.46744107962877 34.47118144038177 35.46676025828128 36.43804276087485 37.4362483008772 38.45202416035318 39.46872061059184 40.54574304682319 41.57205169268491 41.34553993398367 39.52305239486304 37.81190850067651 35.82751564180217 33.82149214423225 31.66296152900759 29.24657234924598 26.70638260659689 24.1723647517374 21.99771109517314 20.00965067535435 18.19315860829374 16.54904881928087 15.14541273473515 13.82217511050476 12.69508187939937 11.62690859764552 10.73455572503372 9.885124848224223 9.124846440459805 8.4039419991459 7.8113765279777 7.287046261451906 6.773918125058117 6.314511670472712 5.905100365933322 5.582461658228567 5.2607662247392 4.940799653606518 4.704349604653544 4.502797349708999 4.258451309255179 4.00503799256694 3.775769802916329 3.62882857270597 3.535153280936356 3.403399301116224 3.253621712843596 3.222126867487532 3.16929122925967 3.067720967832429 2.926198793134972 2.880698293574824 2.801140569728886 2.754269629411283 2.697004002257017 2.683499473920165 2.647513876494486 2.61840922733245 2.569258505944163 2.539272965332202 2.476981197447458 2.476758630396944 2.40747363295668 2.361578485986684 2.370997368445387 2.361864911576049 2.317829308070941 2.257600957618706 