# Created by Octave 3.8.2, Wed Jul 05 16:29:40 2017 BST <co1ssj@node117>
# name: result
# type: scalar struct
# ndims: 2
 1 1
# length: 3
# name: params
# type: scalar struct
# ndims: 2
 1 1
# length: 18
# name: cleanup
# type: scalar
0


# name: num_runs
# type: scalar
6


# name: dopamine
# type: scalar
0.7


# name: targetCross
# type: scalar
1


# name: targetLuminance
# type: scalar
0.3


# name: targetWidthX
# type: scalar
6


# name: targetWidthY
# type: scalar
2


# name: fixCross
# type: scalar
1


# name: fixLuminance
# type: scalar
0.2


# name: fixWidthX
# type: scalar
6


# name: fixWidthY
# type: scalar
2


# name: fixOn
# type: scalar
0


# name: targetOff
# type: scalar
1


# name: targetOn
# type: scalar
0.2


# name: fixOff
# type: scalar
0.2


# name: targetThetaX
# type: scalar
0


# name: targetThetaY
# type: scalar
-12


# name: exptnum
# type: scalar
0




# name: r_0_m12_G0_L0p3_D0p7_scsum
# type: matrix
# rows: 6
# columns: 600
 2.279653757388587 46.67733894690173 43.52602134642802 40.27789699280402 37.30869206646457 34.77234042895725 32.64161379358848 30.90003730347962 29.46456030649279 28.35159424386802 27.50105308575439 26.88901236944366 26.58892601012485 26.47528388378851 26.5819714536774 26.87840613741719 27.3512318811845 28.10693507874385 29.21056293838774 30.56915718164237 31.87815648507967 33.22900641328306 34.40438112711126 35.0224961299391 34.770415216728 33.25716337513404 30.13989830294304 27.07509539710009 24.45602469864389 22.04805224045413 19.91133517867274 17.95863731583813 16.28718919191124 14.7300703947476 13.45863246676163 12.18800848072351 11.13922375089896 10.10499059823633 9.22685622190329 8.443450469865638 7.735550181412691 7.171722804203455 6.606474702224659 6.126641166418267 5.737605098525819 5.391112392841023 5.106009192131751 4.692688410192204 4.438833434302069 4.135642832085068 3.955515640082012 3.658492441181806 3.457471701251052 3.285306084922922 3.118521419226454 3.008399974256463 2.947368302564428 2.888049755372776 2.85764799406752 2.828199104536907 2.693861645318975 2.672727395136462 2.58501440420514 2.52007181730005 2.566420195129467 2.586441385479702 2.588151903091784 2.524686747230589 2.478431986543001 2.436600074761373 2.380570075976721 2.393126170714822 2.423785996516017 2.423635595267115 2.448612768454041 2.433796012293897 2.447196677754619 2.485450621439668 2.451904166438908 2.420157083219237 2.433876486858935 2.452974434192583 2.427078470278502 2.433829267250985 2.428781885388162 2.494656721319188 2.51896696284166 2.479555612619151 2.460495430448645 2.424628619221039 2.459558700524212 2.451083933883638 2.486218625133915 2.480464654174284 2.465376526361069 2.474988119553018 2.410829328080581 2.37416265075808 2.369519587133254 2.360100619829609 2.330199417501717 2.28821732291226 2.322404907346936 2.311527740886959 2.276211272932414 2.310055614118028 2.323340256831216 2.333525843940151 2.300446145556634 2.251034376102325 2.261799931176938 2.275448970356592 2.301182242597861 2.285113204590743 2.267812933710957 2.250605374931183 2.290225058888609 2.27272176349652 2.277928403491387 2.230401012824586 2.219482325599529 2.220135510600812 2.234951352551434 2.258940992767748 2.244429018363007 2.220311636421684 2.179220491860178 2.226461907674093 2.220232500818383 2.292161628560279 2.30383912025718 2.314596662763506 2.344549339944933 2.3631050435215 2.425420742445567 2.450792056721184 2.486029325180425 2.48556466246373 2.439913157662886 2.427865061414195 2.427556083213858 2.453530266808229 2.46255059942996 2.417063795408467 2.392894535400046 2.390067572148837 2.373882409228827 2.374221256301098 2.357209554913425 2.319462813000428 2.297124118808824 2.2977699160474 2.330798266873899 2.290833183535142 2.327321715743892 2.335598657780793 2.316976385158341 2.300004199909381 2.322847536182962 2.373434466098843 2.374193335332166 2.363708428914833 2.353530116599359 2.388496767147444 2.381693886389257 2.433846908701526 2.385017509901445 2.290540684614825 2.311608672775037 2.284894973992778 2.351603593135223 2.312849731086317 2.279490581943719 2.283179734313308 2.235342520460108 2.250410056642068 2.337023540709197 2.333985458695679 2.30204284266074 2.273583748668898 2.296336262033947 2.285324608797964 2.364397989895224 2.407823169818585 2.358623214600811 2.3372833515823 2.333141915391025 2.251966340882063 2.237213057294866 2.246760557169182 2.240243512453162 2.27336720139283 2.276209683172056 2.191393200879247 2.229688177394564 2.270561200479278 2.296346176073712 2.366021821777395 2.340648111581686 2.281860418246652 2.289180885141832 2.282014153945056 2.286288912328018 2.248708458930196 2.2444971672885 2.251415619241016 2.205837852488912 2.270058098110894 2.279936346600152 2.318772486909438 2.30290840374073 2.281740731661557 2.304406931187259 2.362216825604264 2.41636984607976 2.380149845965207 2.43618573241838 2.420264809767104 2.395773273485247 2.38146930836956 2.367202407030618 2.443248572657467 2.472472379449755 2.408305738907075 2.369976930727717 2.328476647075149 2.387906164094602 2.315278075730021 2.279389527802778 2.245291827530309 2.205658658735047 2.258038846318414 2.250818913838884 2.26145346218982 2.244475195293489 2.259592099886504 2.266602459349087 2.253383006936929 2.249961453671858 2.22218686674023 2.235458581806597 2.300528580184618 2.277092889635242 2.313951306539821 2.315905187781027 2.38163733278634 2.357945637839293 2.350158281735276 2.308018796957185 2.324317631297163 2.279149882866477 2.322129241434595 2.318489455610688 2.36286851188197 2.353172003979125 2.362193950026267 2.291128393568215 2.252193706297476 2.245492429705337 2.23756676002813 2.250119239395644 2.255082702416985 2.247106496201013 2.226944909569283 2.300067807813321 2.274995901272632 2.208955762547703 2.254421127996466 2.204756204357182 2.218626417481573 2.142460663380916 2.164315895570326 2.160078830500424 2.183546839944029 2.203379287646385 2.216850803222769 2.208295858246856 2.355060864396364 2.763125325659985 3.458856935532822 4.416392753337277 5.774980695507111 7.325221758917905 9.024425367199001 10.61894133237365 12.24357551035791 14.04466735811729 15.63998166188685 17.63966026018898 19.63656764500774 21.30638148925937 22.86360385987064 24.08675493303781 25.27837694532354 26.81397911372005 28.37565954808179 30.16274338393487 32.07634861456791 34.11537256521115 35.9893687902495 37.59978651259007 39.02207561798969 40.27641929281526 41.6059734241644 42.87494519473921 44.17928907492023 45.3679419416585 46.66283387561998 48.22362744301063 49.86561787729443 51.51031480642996 53.20504361342319 54.81303138603471 56.05840943536168 57.62787035699876 59.37616499320757 60.91800337190944 60.38522692467632 59.54800910386712 58.72141502360319 57.9317083208507 57.26773071246862 56.54492733714869 55.61690443557927 54.75455157468241 53.78292062619221 52.73944163892884 51.7080490143544 50.78632284832929 49.79353752051611 48.59403614361509 47.30393934296808 46.08586022844611 44.57515072037313 42.95774984794843 41.17117268601487 39.38028006769309 37.43658131109714 35.32891772312996 32.94665805891418 30.55146574111131 27.8990513416793 25.26912432774043 22.95279843608296 20.81881832976796 18.92289752865327 17.19779790033135 15.69273312637233 14.30803825505427 13.13467007994041 12.05226285438766 11.00741791999462 10.16762678728082 9.356153913332037 8.643912226340035 7.961744381340395 7.36459027127421 6.815616184081591 6.350703082978725 5.941936661100044 5.524259288016765 5.231183565130777 4.966824515748158 4.708208314834337 4.532212958241871 4.269689171771461 4.037889699800871 3.909867468177254 3.751599580689799 3.566747742013831 3.423264790486428 3.312240970864877 3.206733626593632 3.082811339801992 3.034618376957951 2.982038169247971 2.852568930546113 2.810022613095498 2.766291040359647 2.693750267975702 2.680891794087074 2.619686501722754 2.577295663126279 2.547093221961404 2.496622375856532 2.531358789368824 2.500396617993829 2.490748631364113 2.428572840355628 2.41647198953433 2.410523352096789 2.384877048538328 2.370886753506056 