# Created by Octave 3.8.2, Wed Jul 05 16:29:56 2017 BST <co1ssj@node117>
# name: result
# type: scalar struct
# ndims: 2
 1 1
# length: 3
# name: params
# type: scalar struct
# ndims: 2
 1 1
# length: 18
# name: cleanup
# type: scalar
0


# name: num_runs
# type: scalar
6


# name: dopamine
# type: scalar
0.7


# name: targetCross
# type: scalar
1


# name: targetLuminance
# type: scalar
0.3


# name: targetWidthX
# type: scalar
6


# name: targetWidthY
# type: scalar
2


# name: fixCross
# type: scalar
1


# name: fixLuminance
# type: scalar
0.2


# name: fixWidthX
# type: scalar
6


# name: fixWidthY
# type: scalar
2


# name: fixOn
# type: scalar
0


# name: targetOff
# type: scalar
1


# name: targetOn
# type: scalar
0.2


# name: fixOff
# type: scalar
0.2


# name: targetThetaX
# type: scalar
0


# name: targetThetaY
# type: scalar
-13


# name: exptnum
# type: scalar
0




# name: r_0_m13_G0_L0p3_D0p7_scsum
# type: matrix
# rows: 6
# columns: 600
 2.26784164323908 7.501684928342002 7.135320518536901 6.736114945255395 6.402047719646362 6.14003038721421 5.980688019481022 6.018307566955627 6.188832492553047 6.511736638451112 7.095421689577051 7.84201495803427 8.497811151413771 9.488295268689399 10.41999904948898 11.46156426202651 12.59389512710914 13.86290940471008 15.02860575216619 16.25002265142393 17.44225863103202 18.44182571614829 19.19635853078944 19.56860164389582 19.35402733751835 18.60415851307698 16.98813718629754 15.37900822203665 13.93093361433057 12.69753566569125 11.59930552134756 10.58522052481567 9.703982778832142 8.96991396140038 8.204408123026951 7.513042051097727 6.923967623246426 6.349583166946104 5.884146989381406 5.506636518301093 5.099837679714256 4.692304686563148 4.441130801686086 4.168895503848034 3.930990312463109 3.647489034730825 3.442439054699207 3.284991971104319 3.125200394079002 3.019482489864458 2.905784094744376 2.82953793375782 2.733451494546898 2.712076733700087 2.691741064903908 2.64342799852966 2.634318530021119 2.52748111532128 2.542746892257128 2.495404514826078 2.486741737069678 2.485073585972714 2.483848171166755 2.525356246420415 2.473577266526263 2.432778239124673 2.434354255630751 2.396407266409369 2.330532090592897 2.291639133771241 2.325968208951963 2.335963728990464 2.33340173727629 2.274193172648665 2.261314358700474 2.303109528758796 2.280106653954135 2.348293489230855 2.358027781946475 2.343480971263489 2.345809974449367 2.352537643429059 2.37004465627615 2.343380577231073 2.322672652553592 2.320436589085148 2.297334441829662 2.267356652482704 2.261586364267714 2.271048565738965 2.255761388756582 2.262110311412471 2.278636369621381 2.270362363175082 2.234526489773998 2.228385948648793 2.194603685595212 2.167482390141231 2.212663883103232 2.217558692020248 2.226089491026869 2.202417612822501 2.239182343586435 2.251251559275261 2.186156573399785 2.243027936599901 2.253771890638745 2.232937151740771 2.268555018155894 2.28179904281933 2.226105644047493 2.257848728335375 2.231383923368412 2.264037247565284 2.268321592557186 2.279641323591932 2.250743838376366 2.27526644300815 2.338359899640636 2.277956639423792 2.281144127518928 2.272821945267424 2.233238220554995 2.231779567158583 2.227239546849887 2.264196688345692 2.29181825483829 2.233233812217804 2.26195341192215 2.269739574294363 2.278036675539624 2.284464541397028 2.313525732715789 2.303954494542268 2.257909336300145 2.223778181549278 2.289600713851542 2.272793779955464 2.32113497798855 2.292125524218136 2.205874130806478 2.237936429727597 2.244099640853165 2.21427709443924 2.235851240038755 2.212076082199928 2.219378982532362 2.247381902321649 2.25668549177135 2.250139691994264 2.226202288387867 2.304561182321777 2.235026791568089 2.233722548648075 2.299818502884591 2.241455697982019 2.221309922977525 2.275887539755786 2.287734825897132 2.245176709846419 2.224340977671091 2.291016245358151 2.284841379187128 2.325509005084314 2.27167742715028 2.268465448320057 2.294177073938044 2.247914460527682 2.272949887210416 2.324619238994273 2.254440068849362 2.270906105237373 2.337806238640042 2.276083709337399 2.282431426272524 2.298798212133988 2.218710224419738 2.249215643223579 2.276623375622876 2.285010646348383 2.298614460480167 2.272099248417362 2.241807195779984 2.271433730245917 2.200834965704416 2.241696802422666 2.231287251281174 2.234961442781696 2.233003276939598 2.238471980781469 2.262579649486725 2.261246773101448 2.211667678997401 2.228289625283651 2.228002038744307 2.212735873694328 2.173474373179488 2.21363949264196 2.24312683428434 2.25835773939616 2.260740538447862 2.275702439639645 2.268377661162958 2.242754798971873 2.262599261037394 2.28527264836157 2.274701015980099 2.238083431126142 2.248021972401148 2.240391064195137 2.247906639066059 2.238363139003923 2.266914109801291 2.266234183764027 2.241838359746907 2.233591915675788 2.212473407676953 2.2225578763464 2.218912632859428 2.298132455864106 2.299724442740626 2.325118607967852 2.333612033242389 2.366455896833941 2.330717892422399 2.369466318970808 2.385124236570846 2.423252980643156 2.334535897493879 2.372293843800435 2.339604060027341 2.322978027259524 2.294689870699585 2.272212761921764 2.220313805701153 2.234907065997504 2.256154554164823 2.237597682418709 2.241278159825015 2.224894850867713 2.286439151088416 2.278522032031105 2.297416732053534 2.295947530148624 2.33987045977301 2.332334405811707 2.345605543119746 2.308914960347465 2.324367233261 2.340527995229422 2.307920874492993 2.207555881948792 2.160307300862769 2.145988654012399 2.196633647792623 2.189763357309857 2.227302624309232 2.244334905510186 2.309495731900824 2.298296904611561 2.371866605535615 2.34755011551897 2.312439276844088 2.307946458007791 2.290529795969633 2.256951652463613 2.254952535560733 2.264063324666495 2.234799136600486 2.200685670250095 2.22489868759294 2.202657921294303 2.192693173525186 2.193840795800497 2.134038894375408 2.156542952539894 2.210981963689846 2.214746272024058 2.195777185203042 2.236397934797424 2.206494898138772 2.237094975556829 2.171120841019729 2.259844382795563 2.324370540671225 2.461575161178189 2.605539002084697 2.833642616860743 3.133289268091175 3.582097961578256 4.110960121000971 4.610277058536667 5.25185651906213 5.997655080620461 6.835584348438715 7.779904187013017 8.801059669473034 9.893683377355046 11.04415880489978 12.36664377150009 13.74012275418863 15.10547273948032 16.49032075427385 18.02003152355974 19.44110627848931 20.76162736757033 22.11729839702275 23.47166241508239 24.8830719407415 26.24665196249407 27.64606543935042 29.00728962037101 30.24267408941887 31.47780417044305 32.67969864537827 33.79502150727058 34.95795467667995 36.1308943389613 37.27066984826524 38.48212328028785 39.70995820887401 40.87547450777856 42.04401308951492 43.17409385466817 44.29967613160989 45.42510069101991 46.62621637628763 47.84662004111124 49.03029067680745 50.19627890591801 50.21233563116493 48.23743566594567 46.32022433112434 44.3831677852213 42.19984428747557 39.89391810829693 37.3612187786639 34.71868043977884 31.84433860128411 28.81432853959996 26.15257305007617 23.76787713934755 21.65408995334292 19.73522027646686 17.98397191069671 16.43353790504625 14.97999999205058 13.65538187041238 12.49874551996709 11.46259733198895 10.55943572540855 9.707219619824173 8.94848495167389 8.291018538751814 7.692726958419371 7.168374328051868 6.732325571654656 6.266009093305911 5.828405933396425 5.451460569780465 5.159439078488504 4.860845008020988 4.608192758511905 4.434047174472653 4.215108790972863 3.975765102772129 3.834995472905575 3.602697359539889 3.430078961257095 3.319148032491285 3.208838986378396 3.085716177825816 2.948734856428928 2.819569236904499 2.742356978153111 2.725809480369207 2.68593320475884 2.612839786532277 2.603127545851748 2.576381899532862 2.559720352684963 2.478847958227561 2.481836060722344 2.426232747544418 2.445303787448211 2.423339301523811 2.402351728102076 2.40493069484728 2.40448181767897 2.406679496027209 2.420300726153073 2.363926932079266 