# Created by Octave 3.8.2, Wed Jul 05 13:44:50 2017 BST <co1ssj@node117>
# name: result
# type: scalar struct
# ndims: 2
 1 1
# length: 3
# name: params
# type: scalar struct
# ndims: 2
 1 1
# length: 18
# name: cleanup
# type: scalar
0


# name: num_runs
# type: scalar
6


# name: dopamine
# type: scalar
0.7


# name: targetCross
# type: scalar
1


# name: targetLuminance
# type: scalar
0.3


# name: targetWidthX
# type: scalar
6


# name: targetWidthY
# type: scalar
2


# name: fixCross
# type: scalar
1


# name: fixLuminance
# type: scalar
0.2


# name: fixWidthX
# type: scalar
6


# name: fixWidthY
# type: scalar
2


# name: fixOn
# type: scalar
0


# name: targetOff
# type: scalar
1


# name: targetOn
# type: scalar
0.2


# name: fixOff
# type: scalar
0.2


# name: targetThetaX
# type: scalar
0


# name: targetThetaY
# type: scalar
-17


# name: exptnum
# type: scalar
0




# name: r_0_m17_G0_L0p3_D0p7_scsum
# type: matrix
# rows: 6
# columns: 600
 2.283850569379865 5.813652577622634 5.678163743019468 5.45546755023679 5.320843767636688 5.203287104559422 5.238377447501989 5.363437063901074 5.580238204503985 5.979003721606205 6.594896386144683 7.431672703314689 8.281792882437003 9.426755688120465 10.55612077845581 11.70627789022546 13.02196641337832 14.37758890836267 15.85482861166565 17.37739634114405 18.87470530638529 20.39305893315759 21.80642508170422 23.11561683812033 24.28989206280676 25.24078660517625 25.92209438928694 26.26392812310951 26.16204356732669 25.6933776416663 24.68179434460399 23.20036664888903 21.22099525960948 19.19189862097119 17.41392535365594 15.78473509521427 14.35678863648718 13.13175407554081 12.0042589514178 10.98737683825311 10.00980317841095 9.108199658905505 8.390655704613891 7.74028560971783 7.163798073379439 6.66928009691037 6.167464397994991 5.723659245981253 5.386763322101615 5.078844267078239 4.78498564452093 4.508811594183499 4.200513329247769 3.9627867403251 3.765505361163378 3.56463417640407 3.433281773948693 3.264847694725177 3.153998528519878 3.060764439353079 2.9938434144442 2.873523892449157 2.789081786238967 2.699807674443036 2.696566449554666 2.649519579488697 2.576177609076694 2.512836203612096 2.496360352339252 2.512814360616176 2.429036261364672 2.369686650046788 2.342214790922299 2.318838710751152 2.299224743845116 2.270419243250217 2.343655622895312 2.297410301467607 2.357144991408859 2.345235132306698 2.30427614133805 2.297084042802453 2.30885174775176 2.299391148883842 2.323254579758213 2.289592906156031 2.292852191825659 2.322887863749202 2.379889840565738 2.382224113327538 2.404297406023034 2.416310526517918 2.345352819065738 2.293915154250499 2.310975492546277 2.347239894756058 2.334597740817117 2.300030043465085 2.281756879408931 2.274205021498346 2.229919161538419 2.21830710735594 2.252878580024117 2.256279584948061 2.246736427707219 2.228966635801044 2.265227513489663 2.235044846653182 2.288235678519413 2.296908128795621 2.247253750218078 2.28847195220078 2.313987527231802 2.297532045533444 2.257733903479675 2.171734354333239 2.150551318147336 2.170417512399581 2.202221993875355 2.270006819919217 2.225624205289932 2.188407578814804 2.198483628995746 2.314812541651918 2.356833977202768 2.325678562843677 2.312743752183451 2.30228332646584 2.315390134415793 2.33182258879242 2.352311830520193 2.334389240792916 2.357013310951515 2.343351553001412 2.321057161221688 2.345252022299974 2.342073694650026 2.324018937179062 2.284971566510649 2.261708845049725 2.29990157980501 2.302536028528266 2.254714871047327 2.226360972872499 2.224446359068679 2.2594461855806 2.279456694675901 2.291117182285234 2.27337146060745 2.275633368381023 2.321009127808793 2.255637235364702 2.283861738460473 2.222192841498327 2.225516951541067 2.237023295703693 2.273726058647298 2.274003258244193 2.271461400148837 2.229931411136931 2.194833780905356 2.213528186548501 2.221557528257108 2.239926163158088 2.268751832692942 2.288546053889149 2.26120583343436 2.245093062847445 2.269418423737079 2.256343180633849 2.264687378952658 2.232495773721894 2.278003705315314 2.320839121945028 2.305251818594115 2.309296128212736 2.293147960153874 2.295220882348076 2.318447299043328 2.2384683410055 2.270369003490487 2.331288827321259 2.297287666311604 2.327734113889164 2.307380461864341 2.296483590464049 2.278550999057188 2.256810426537413 2.279318000339117 2.329161687768647 2.284100131188097 2.270050793515111 2.302756346929527 2.335243545014237 2.292922939599521 2.278906548766827 2.297584839761839 2.311155545521615 2.287005991616752 2.317471381436917 2.319811061321161 2.337559318864805 2.291392685372557 2.265700049632869 2.258088524320556 2.234493868072605 2.20108512830484 2.226410118128115 2.261497079747642 2.293167987949346 2.301521718459298 2.354554315392306 2.386520288273459 2.412645106353011 2.424979081348283 2.397826897140476 2.351123435593763 2.333997150912182 2.368461965044844 2.383721482950932 2.331488192103279 2.329576732940041 2.308451239252463 2.303772743365698 2.280959583797085 2.29364725648702 2.307678813966049 2.278358279658278 2.278068623283616 2.226134899428871 2.243054138361913 2.253709576078109 2.170369948798907 2.177097577950917 2.128934341773856 2.125267820738372 2.223272637274931 2.2452603173424 2.278778542568034 2.292885007551376 2.230686904527829 2.22355363038514 2.247700204599823 2.232072194339707 2.263240636541013 2.268575957044959 2.291088355785178 2.346725708757731 2.32636968209772 2.346469659205468 2.351663074940006 2.340187576187418 2.337726247882529 2.333169314249972 2.392949389308342 2.362430872826735 2.333021047494185 2.341536535217529 2.32372262966328 2.318462424605968 2.354839824962255 2.3724365100461 2.379664080577641 2.341084078507265 2.357971270535927 2.351609414356062 2.318925487019442 2.267327656023554 2.233050300368632 2.215636125343735 2.298642165249476 2.361043599566983 2.304519623870874 2.253757194121135 2.215966323135945 2.200252651324263 2.195488379269591 2.203057334358164 2.248560150862431 2.245897057044203 2.228041643757024 2.276259967882652 2.295921624856419 2.281953703422914 2.312139155787008 2.364875232568011 2.351023513920154 2.370546090845892 2.34543798352388 2.388505012990208 2.295412018509523 2.244602861694148 2.248365783503687 2.250411777346017 2.323279142590764 2.238443767386343 2.225170308407542 2.307319797575474 2.312571932721767 2.307651373754197 2.281865027958702 2.286416148090211 2.241571967115306 2.286963890532206 2.23557548471581 2.259006117445097 2.294449965784224 2.256016503622959 2.220199082539693 2.217135016202519 2.287704274374846 2.319984253472285 2.334050503395702 2.359090581172495 2.378765425932215 2.425992521559238 2.446637912740698 2.426660500286744 2.52063373211422 2.499340121990826 2.490781994223653 2.527002806493329 2.586867532922042 2.673817376416991 2.777179109903045 2.96528580141603 3.159520468077972 3.448802519382298 3.743920994984364 4.118196675270156 4.495315377484076 4.98287197119862 5.53952022431622 6.177912344396645 6.932628667054814 7.774208360133343 8.779349668257055 9.930231678394193 11.10038492571766 12.22444444513167 13.24747577284143 14.33506531119929 15.40916087640289 16.43181892127905 17.46608659316189 18.46219375804867 19.49289286645217 20.45667174047412 21.18930172647526 22.02831119221082 22.91794097282764 23.71879481866563 24.63375055220604 25.57069048485027 26.50080710574912 27.50008399726357 28.27467168838484 29.08120554340712 29.93766507462351 30.7658128122639 31.67946728267998 32.58357976327534 33.36093138462456 34.21172417449998 35.04454960320072 35.87875892422744 36.33739318759763 35.61902646147792 34.79791423318238 33.89127892348552 32.89593695243093 31.78625131074295 30.84645219799131 29.83987382571831 28.62659226526739 27.41982284290134 26.32294030002959 25.2018998520507 23.960391814795 22.54817093375459 20.8329734484505 18.94609989029414 17.25659163703949 15.78606578848485 14.45618517693219 13.29201230697799 12.1820226507698 11.20889148947845 10.36716770766361 9.557497807360051 8.772099079603322 8.084145274831826 7.512132389103499 