# Created by Octave 3.8.2, Wed Jul 05 13:44:46 2017 BST <co1ssj@node117>
# name: result
# type: scalar struct
# ndims: 2
 1 1
# length: 3
# name: params
# type: scalar struct
# ndims: 2
 1 1
# length: 18
# name: cleanup
# type: scalar
0


# name: num_runs
# type: scalar
6


# name: dopamine
# type: scalar
0.7


# name: targetCross
# type: scalar
1


# name: targetLuminance
# type: scalar
0.3


# name: targetWidthX
# type: scalar
6


# name: targetWidthY
# type: scalar
2


# name: fixCross
# type: scalar
1


# name: fixLuminance
# type: scalar
0.2


# name: fixWidthX
# type: scalar
6


# name: fixWidthY
# type: scalar
2


# name: fixOn
# type: scalar
0


# name: targetOff
# type: scalar
1


# name: targetOn
# type: scalar
0.2


# name: fixOff
# type: scalar
0.2


# name: targetThetaX
# type: scalar
0


# name: targetThetaY
# type: scalar
-13


# name: exptnum
# type: scalar
0




# name: r_0_m13_G0_L0p3_D0p7_scsum
# type: matrix
# rows: 6
# columns: 600
 2.270458253638935 5.790708938155149 5.619634742164635 5.3940522721241 5.19229381535115 5.055928670612047 5.057040644518565 5.189863998723013 5.409469660848117 5.853617408291939 6.394017144146346 7.147596436043386 8.027079941737611 9.014917492146196 10.17815940540095 11.39897034169553 12.72389540116274 14.15160175662459 15.64220348755771 17.18544734271563 18.7912650702383 20.4028800172091 21.86658795729454 23.17905400195741 24.31643698619882 25.28874199877464 25.88440347676078 26.20154616560831 26.17389850005566 25.79585562189095 24.85791124138814 23.42596510779185 21.46429279438235 19.44859286782594 17.63446918189948 15.99122516427815 14.54089418621152 13.25378151909536 11.97825521358027 10.89716671127462 9.94399571491067 9.113980445130437 8.341657015269448 7.698798724959488 7.065752272043028 6.487723150545207 6.044460938512202 5.683389691974298 5.33060280126665 4.969551986450824 4.611207377703977 4.382763675777824 4.161133237579634 3.938574328800314 3.740432222883101 3.58693723048782 3.466226002707117 3.34510435743141 3.210979890525778 3.084704942209783 2.952948239095349 2.850025660754909 2.74836565651276 2.710350690558698 2.683461357009946 2.615258266261662 2.563550250513799 2.60821543840575 2.582455242547439 2.559057958387712 2.552467802310275 2.519353033425432 2.397079276954173 2.350412294548732 2.335349543263874 2.314596137304761 2.331874349818463 2.290257786255097 2.286042582862137 2.292839081754209 2.332084688256145 2.311916915859911 2.358900396664467 2.285565035454056 2.285617531611933 2.324493966909358 2.32704706289951 2.290770119851913 2.375394187423808 2.350243249173218 2.318994340093923 2.361147252639057 2.336012521114753 2.333038456923532 2.331587108499662 2.360630723025679 2.359430380740378 2.375260856722889 2.435057864917326 2.459689905022969 2.40016696586008 2.383787939539616 2.305733889879775 2.337759828518756 2.27054510367816 2.324677459339 2.292417830743943 2.302446747752583 2.306673425227928 2.3064972468419 2.279746148444247 2.228590360718954 2.262685709311427 2.209360344750166 2.239455885281131 2.263457618872053 2.275582434598618 2.303519866843999 2.28233395722782 2.23078919089312 2.108311719264748 2.10339229960482 2.083488987816963 2.138736784825596 2.184472104252563 2.186153478876804 2.166526581919243 2.210226471170245 2.21686495130416 2.227878514906479 2.277729158209695 2.24087928451263 2.19571739490857 2.175084051299564 2.168072720917735 2.178844934775952 2.236934728032793 2.219013662259385 2.260520306410399 2.34607743867673 2.38114189504995 2.379627744012396 2.329817102407105 2.314861443190239 2.228303040006722 2.257742852896627 2.271833060849531 2.298316844338842 2.299151410014019 2.343730715438141 2.318747519588214 2.356294722139864 2.360819387271476 2.351823775621597 2.33478117143386 2.355646447591425 2.371511629266024 2.412286485297955 2.403764701512046 2.417013071430119 2.444064164119482 2.442396534366708 2.446247135638259 2.435367764304829 2.408086572058892 2.379298449961425 2.368991328490665 2.383160192077412 2.412666513097065 2.368539689981844 2.389713355471031 2.362579928585546 2.347792420312544 2.370484221319202 2.384423501767742 2.359808599891039 2.356155364017468 2.380060095325462 2.359447912687756 2.360863401641836 2.380662764939188 2.31722496162547 2.335446508222958 2.328006314644881 2.286028603775776 2.288988274740404 2.331751216770499 2.332509976782603 2.322158427719842 2.335646450177592 2.308016862081786 2.308402730726812 2.322869398667535 2.296404537675699 2.379322465792939 2.337149972976476 2.343736470178555 2.327336178281257 2.324145382137431 2.351929373598978 2.339520725647162 2.329826166122075 2.335023539435497 2.349617825011592 2.314544171647867 2.312922805354901 2.32714638690959 2.345107600551273 2.378154647095471 2.388172780585592 2.374712455384724 2.375325270197209 2.352059531665873 2.423120908590136 2.406589613507094 2.436259340847755 2.434570771321887 2.427723316097399 2.491840360329661 2.480078695014527 2.454286770393082 2.432952074428613 2.479100781099987 2.389757315369934 2.374156316116569 2.351069797674427 2.329242529298426 2.272058900456614 2.247432115007541 2.159697246039286 2.140712222295406 2.164691498719549 2.162326897858293 2.2112199534713 2.233361199992942 2.189702187894 2.21873857015089 2.230893156021921 2.266053787825513 2.253165976930177 2.290159374791983 2.270312046861363 2.328338902738324 2.324891193438816 2.274645136742038 2.336948219126498 2.39131602839916 2.377566340757767 2.423484730374184 2.372389279240451 2.415478998915205 2.375798108281742 2.374653843413398 2.337351857946487 2.393158680890338 2.374924092102447 2.354999995499384 2.397970494621404 2.44253258873141 2.398170533459052 2.371620972277015 2.361599329695309 2.372657705287565 2.31924084252023 2.235583390909596 2.237334679190099 2.230253372676088 2.217027259783208 2.252742709126323 2.332154818512208 2.310687732780934 2.272575357383175 2.262864849661128 2.267820001678047 2.280237567270888 2.274893712936318 2.253688740973303 2.258878351698513 2.229529764186736 2.228601907590928 2.235205708224385 2.243690774521383 2.321006733462127 2.291263423179771 2.291846818494378 2.304285343590891 2.259077378809252 2.278221074684552 2.283184490275744 2.263250775894448 2.263260773954244 2.216877562023001 2.195104151101987 2.244012011913583 2.231906184573745 2.294019130757079 2.290656300297996 2.261771572775615 2.264838597438938 2.220726209765417 2.221759770442077 2.273037550061417 2.253653196049527 2.239620066342468 2.223087478156231 2.249951012847305 2.247103536112263 2.206079747782496 2.186897081990537 2.236953880383226 2.299452137571279 2.276993413546734 2.335856567202427 2.442854244651244 2.557893871551641 2.74894260145993 2.987014292964886 3.281059911701959 3.654650093987584 4.089052404369795 4.546391232981478 5.194472385810514 5.824032368511325 6.674557243968593 7.710354702285258 8.933202145373798 10.22666931073582 11.66152205952585 13.18522626871709 14.47192091485704 15.83539319887495 17.15283935204934 18.29925198975252 19.52498251937141 20.88652102251399 22.28520389375262 23.52863472991339 24.85827387099562 26.07914058828464 27.09792227961589 28.01096310148569 28.89355757491285 29.75808414553103 30.66816875745644 31.65230564619924 32.77631982342064 33.84508386105153 34.99879809364211 36.15776266079047 37.28004215884357 38.38925061837472 39.42169716424087 40.5191617505152 41.61279055677005 42.57310466222407 43.38883536910907 44.37104844030546 45.31728431303054 46.20345955015364 46.08617864607731 45.14750529681623 44.19262083446665 43.23290068050119 42.09345925369962 40.91127447640156 39.70568749576432 38.32445812609512 36.83359578282762 35.51655799837681 34.30062835616263 33.07546984969667 31.62322566707371 29.77440812685018 27.75611303639062 25.23799694098125 22.94988902039768 20.85350990376901 18.99421512448134 17.34589292883902 15.86560821829335 14.50962137214083 13.27088482571708 12.09169158563236 11.07891824630497 10.20969317035269 9.370557165973878 8.697692191224633 8.052371680936631 7.556056213506963 7.046758372831391 6.603187607910513 6.121428623358952 