# Created by Octave 3.8.2, Wed Jul 05 13:44:46 2017 BST <co1ssj@node117>
# name: result
# type: scalar struct
# ndims: 2
 1 1
# length: 3
# name: params
# type: scalar struct
# ndims: 2
 1 1
# length: 18
# name: cleanup
# type: scalar
0


# name: num_runs
# type: scalar
6


# name: dopamine
# type: scalar
0.7


# name: targetCross
# type: scalar
1


# name: targetLuminance
# type: scalar
0.3


# name: targetWidthX
# type: scalar
6


# name: targetWidthY
# type: scalar
2


# name: fixCross
# type: scalar
1


# name: fixLuminance
# type: scalar
0.2


# name: fixWidthX
# type: scalar
6


# name: fixWidthY
# type: scalar
2


# name: fixOn
# type: scalar
0


# name: targetOff
# type: scalar
1


# name: targetOn
# type: scalar
0.2


# name: fixOff
# type: scalar
0.2


# name: targetThetaX
# type: scalar
0


# name: targetThetaY
# type: scalar
-15


# name: exptnum
# type: scalar
0




# name: r_0_m15_G0_L0p3_D0p7_scsum
# type: matrix
# rows: 6
# columns: 600
 2.254801102928468 5.830235029447067 5.633609003383754 5.39899439542387 5.167841736121773 5.002934066924354 4.931183817534475 5.127210600872786 5.339582466764114 5.714960789118777 6.288304479592625 7.140761939623189 8.111659153786604 9.159185745564173 10.37899880647819 11.60295593181945 12.94328819238581 14.3625635141143 15.82037472969387 17.34663635435936 18.89279343875387 20.40841321862899 21.85359475691075 23.1965096263084 24.35757011694659 25.25081996921836 25.91226301093775 26.22031352492922 26.14703593095328 25.70105743665408 24.76833113058819 23.24008713031799 21.33556163260801 19.38181316073315 17.60697409702698 15.99145450591459 14.54916095981389 13.22342647479309 12.0699976285905 10.99107687171636 10.04543762621324 9.22091907938011 8.446390081502614 7.746984462581167 7.198801899372484 6.606175132394128 6.139404677494895 5.702104772317853 5.344376634060609 4.977617581749655 4.69270458448409 4.39698412870348 4.132278821416548 3.969936747700558 3.743006426735519 3.566832758236615 3.387767295178492 3.206247150784293 3.135892951821006 2.998137934515398 2.912891609033977 2.826891466964298 2.749191779581452 2.62202391961182 2.553895097451459 2.472136976771253 2.40169383421744 2.40441412207656 2.394493991756462 2.39054752112861 2.419337876839563 2.447287242335733 2.435860161415349 2.427727591759322 2.384237212416792 2.312774364225334 2.336032209072073 2.34958092366287 2.320014033473853 2.250744868364563 2.312595306917501 2.265259868712747 2.288628536356555 2.267481608869275 2.293021626208429 2.299828330695163 2.330844842588704 2.319214927127177 2.348903450098078 2.321501751172036 2.323035725985392 2.359049708185921 2.350538220865019 2.368562975078021 2.361774777491519 2.335033636521985 2.352025924999907 2.361643361527967 2.362431461820961 2.336816757131601 2.266794010756712 2.261086561960838 2.255351911764592 2.274118855239067 2.213867768892669 2.253910937353794 2.251280905700696 2.272623780656431 2.295709704194451 2.30688888761506 2.32266307305963 2.31961278966628 2.274594720985988 2.344125965199055 2.38582344275892 2.41853616177832 2.42028589999245 2.385017264859925 2.345486850310408 2.348480770255264 2.330074070239789 2.321062304199586 2.29642121579127 2.293840275153343 2.284933877283038 2.311371624491585 2.302713467561261 2.301097525836667 2.272502549292767 2.334153253365002 2.278949655657925 2.277773681940744 2.286485037038801 2.309308177997991 2.306684961054998 2.307224248856073 2.264630400939495 2.236193715198169 2.303725390203908 2.258713204792002 2.280268690818048 2.267253572692425 2.310306414932711 2.297691824482172 2.335576732379195 2.350248396403913 2.334556146095565 2.31739436252974 2.31419419726808 2.329617922150646 2.323385582035371 2.311217354657856 2.355656963118236 2.282947812356724 2.217212532439589 2.216828315198654 2.293447543936054 2.272976673651101 2.265442394596903 2.272333144605 2.294076349026 2.281603476461896 2.32060588656168 2.346809124344873 2.311408569632476 2.284847042388719 2.232091065519853 2.26865881386766 2.333353804140643 2.290540141835663 2.316619511984754 2.296305139934702 2.270382406975841 2.319922516311635 2.33678793854051 2.332913410617039 2.36854234706334 2.390180472819338 2.428386328956549 2.420243635089719 2.427005451650984 2.387804753525415 2.389542413450727 2.36600618326338 2.318297444737254 2.360950839294674 2.313696759989398 2.294069678740925 2.256398770812666 2.270232219234458 2.289948491030373 2.30615016923548 2.29028782930618 2.353092052333523 2.337953109155933 2.248719489249197 2.233283049274178 2.255230374801613 2.303991185879568 2.322593812514242 2.274190661184548 2.247829775889841 2.231028217007406 2.267817152471252 2.252332859343369 2.227658797963159 2.247363383034099 2.260650418054865 2.241698530051508 2.288979672477581 2.235685368730628 2.252666462743946 2.243721254337288 2.223886154610227 2.232445365187232 2.234996182298346 2.190390315139666 2.240421276936104 2.221575230571034 2.232394028360432 2.238492489523196 2.259947550581273 2.270072306542716 2.285218964236265 2.297365051337692 2.251821595138608 2.286737386290042 2.274237043289759 2.288027440299629 2.229031766662956 2.262608310469659 2.216735243935545 2.252270236633194 2.243446481137653 2.285510070963937 2.247192598500988 2.263830176438205 2.31028003778556 2.292431523717823 2.293044184247265 2.300582616069732 2.3693869869021 2.396054084354546 2.405101062367976 2.426166059722163 2.436017661410006 2.374363447059295 2.362127235304797 2.446031046252756 2.40862561573158 2.371321132380217 2.348476692703116 2.391856741433003 2.408171174050949 2.419131282958915 2.336360377799792 2.31501191841744 2.341398897484396 2.351342109919642 2.40849222072211 2.404034966188192 2.342460948748339 2.398881661036285 2.406552903768898 2.351125272582067 2.346698442706838 2.319776595948497 2.29685100907227 2.332152714763652 2.354638968095969 2.305624396634812 2.332944691865123 2.384579342155121 2.336544766338193 2.334655868020491 2.287530315275944 2.270749000435899 2.279840667500139 2.277932917553699 2.32110268829274 2.342758588754805 2.314368692266726 2.34413665687498 2.344023060652944 2.344460161595634 2.326190571962798 2.300914395636937 2.240656066420343 2.228976717447949 2.292004508459286 2.296404993223405 2.300618875677173 2.271246305077511 2.298836862499229 2.290383802144788 2.303926682201563 2.317052847495688 2.29747419805426 2.270686248368293 2.265748934349176 2.222556485696259 2.217884547572794 2.19362895253289 2.224735169867927 2.261132099062252 2.290284053444338 2.270190579103655 2.200103501148988 2.300592102525115 2.319104175254324 2.334156464388798 2.375387205809602 2.411278425901401 2.43640875476558 2.425786462328688 2.459853760665283 2.392560040039825 2.464216656420831 2.510031709123723 2.597928889845207 2.70874441088381 2.781421998894075 2.943122246288112 3.133797258255072 3.36943334335956 3.704414411498874 4.133168926371582 4.558927710044372 5.058012073699501 5.671780674820184 6.291747271588974 7.072253505230037 8.023637277212401 9.155201173285604 10.48332740559999 11.68218421319034 12.89263386847597 14.05906629153469 15.18956782907844 16.32128798624763 17.33431783516426 18.29542759438345 19.39122511113601 20.41833766432683 21.49903123981494 22.48347431824732 23.36940843702541 24.33961512194583 25.46631348293158 26.58079529975294 27.56451469677995 28.50420359157215 29.49150168848428 30.36958361493635 31.32696962414047 32.17276953313922 33.04761829401468 33.90453660885396 34.73994540331114 35.56287965232696 36.38730066836069 37.31170776247745 38.19990838057856 38.94633310563222 39.77313472253445 39.24340800007121 38.37514958653082 37.5069106773044 36.53866110264789 35.62233659473895 34.62956999549624 33.54940773107592 32.40371781154681 31.22608089596361 29.9048059310262 28.52863147316202 27.27060361930489 25.76505974664178 24.13326287112432 22.12911783297022 20.13228051890837 18.39283992589844 16.78342130216697 15.34192344956318 13.99989120913233 12.88504144077524 11.83249302469994 10.85928629928458 9.935396312277589 9.112883634312311 8.420622285389982 7.754275345534552 7.206707593977626 