# Created by Octave 3.8.2, Wed Jul 05 13:44:46 2017 BST <co1ssj@node117>
# name: result
# type: scalar struct
# ndims: 2
 1 1
# length: 3
# name: params
# type: scalar struct
# ndims: 2
 1 1
# length: 18
# name: cleanup
# type: scalar
0


# name: num_runs
# type: scalar
6


# name: dopamine
# type: scalar
0.7


# name: targetCross
# type: scalar
1


# name: targetLuminance
# type: scalar
0.3


# name: targetWidthX
# type: scalar
6


# name: targetWidthY
# type: scalar
2


# name: fixCross
# type: scalar
1


# name: fixLuminance
# type: scalar
0.2


# name: fixWidthX
# type: scalar
6


# name: fixWidthY
# type: scalar
2


# name: fixOn
# type: scalar
0


# name: targetOff
# type: scalar
1


# name: targetOn
# type: scalar
0.2


# name: fixOff
# type: scalar
0.2


# name: targetThetaX
# type: scalar
0


# name: targetThetaY
# type: scalar
-7


# name: exptnum
# type: scalar
0




# name: r_0_m7_G0_L0p3_D0p7_scsum
# type: matrix
# rows: 6
# columns: 600
 2.303466723089514 5.819404380592459 5.595852858936269 5.473716582779161 5.30868393270066 5.126420940749085 5.091752360152896 5.234154391693664 5.488741641085653 5.947611140458321 6.448146982525941 7.269046168328714 8.13339605476358 9.227815259087947 10.3821442410117 11.62989579620989 12.96261480780959 14.36560742202346 15.79404654152313 17.3080713641175 18.84238136913336 20.39493906902499 21.82314989822771 23.24571834856033 24.34657921124017 25.32458720461 26.06079200795284 26.35731705524813 26.31708585289016 25.70755874903261 24.70518042610638 23.26820116433737 21.36234065393364 19.36953912611352 17.62537635075932 15.92408369676559 14.45120399330335 13.1539592599438 11.99645764103479 10.91260405424691 9.920006255342741 9.178791560319951 8.392954647992156 7.639992499753134 7.082067353705497 6.580168129628873 6.108855219325051 5.645136803112109 5.243060335575137 4.837312833959004 4.517020041392243 4.26721548489968 4.073074179046671 3.876355887066893 3.620141377279651 3.462776826349 3.309538052417338 3.220567253836634 3.110755560905091 2.958986133031431 2.835662597010014 2.768034161124888 2.65301025741428 2.571683269723508 2.513075741029752 2.440935857321165 2.352573379543173 2.416996136442322 2.33098503805013 2.291731279619853 2.31695350141672 2.369311333810401 2.363122657210624 2.335461583552387 2.282174491083424 2.315186902458663 2.365099611525693 2.316666342150711 2.282757227891125 2.269568277053622 2.255327258128091 2.223214774299777 2.230269456144015 2.231554180623789 2.23788361836705 2.267780528114599 2.257984235075128 2.291145201168547 2.36625719373842 2.339089665671054 2.366519329978473 2.320710102496378 2.265209335953841 2.324462159289396 2.334029608377023 2.323738772622164 2.361295451572005 2.338330894088358 2.322089519970177 2.323034894834564 2.364186893148144 2.373752048802999 2.383335326368979 2.364174715272384 2.372732711723074 2.389584126831323 2.344911669109933 2.335245005593606 2.291039135867322 2.262658427265706 2.274614452645437 2.276297677839466 2.305004482528602 2.333821628213627 2.262069950498699 2.290308087416633 2.323393289876549 2.34287333040993 2.333329132070503 2.336188273206062 2.299721580453479 2.298368124374974 2.272182272747159 2.224427584151272 2.212762265651691 2.248035530814377 2.267850925240054 2.222446274819958 2.182258943532361 2.191512121833512 2.238219200233289 2.255187063266931 2.250818948648885 2.298411218573165 2.320372618807596 2.407006002038543 2.358059190857603 2.322474863525713 2.323306409896759 2.313482477828074 2.273732253568596 2.277182624566194 2.308257004955522 2.380931502550084 2.393618976260768 2.398675101154367 2.450601408825605 2.463320515587839 2.412137315968721 2.382279656951141 2.408779846391553 2.41405758534529 2.415111130770129 2.363318977018935 2.325536889793511 2.34772575664465 2.344802728024661 2.30581031593465 2.326855962093759 2.311097073481506 2.268705275078901 2.284283356901142 2.240348700022878 2.233934147938271 2.21713552597339 2.185437414278567 2.20959370316632 2.190398386395827 2.207503536141303 2.194132192518737 2.222191760777605 2.256238646077691 2.222597583736388 2.190103881162486 2.288820532407044 2.338950588251464 2.367706690771229 2.338940641449881 2.350168917757401 2.339856884314941 2.342951907558017 2.369050338566012 2.373350862617372 2.346392601670232 2.350497919967893 2.330200780173982 2.316288899441133 2.356397215033212 2.35969266507891 2.357639670903154 2.359905623197847 2.330765869905008 2.250085122464952 2.205174348600849 2.248219618370058 2.213121906141168 2.224566116248752 2.217066286008048 2.193643820703073 2.246272877600859 2.238980166283 2.24968607874689 2.246799343680323 2.285197660428821 2.302263174933614 2.268010973302808 2.286498189045233 2.315790044558526 2.287645536323907 2.280125193436106 2.26544151273265 2.258735276576772 2.217709326432669 2.211942182548228 2.224852653409471 2.190648235009576 2.198446623951895 2.228256421985861 2.150926057558536 2.14147349535051 2.152340493426891 2.197102045156498 2.185981970662397 2.2570398265525 2.265093211277417 2.287744376855699 2.304069462479674 2.301503100559785 2.308135861931078 2.285652756374475 2.267877658869111 2.272528798603162 2.240595793620741 2.277238754824793 2.306849184049497 2.297507383453194 2.295103543150617 2.27117288878253 2.276792098731676 2.303284927616915 2.311919470346766 2.281826901111344 2.219167549614212 2.285848671387612 2.227537431139353 2.19240593759605 2.256615891492402 2.212464812768303 2.273371001998385 2.301109835363604 2.332274938493356 2.387592482278706 2.4202903289397 2.479766190635928 2.456928202904237 2.460507097017398 2.463631621350942 2.417071406740433 2.353667914247126 2.391411723228885 2.420656866772333 2.436480208267312 2.416261446973294 2.402671732648741 2.395200592651236 2.403457866414101 2.405600486785261 2.397370153346856 2.358834252185261 2.376862215209258 2.358666707154043 2.39535484924636 2.319318265675975 2.339062978975562 2.358856607686903 2.354995775254793 2.37592136112653 2.321909391725058 2.336665345726942 2.346946458521415 2.326781198516983 2.332249664365918 2.338524244965811 2.356278247098089 2.3409529784185 2.345375512890314 2.304517117292562 2.260611687954224 2.266549621226659 2.258009452092665 2.241194703747169 2.205130178597756 2.154675108118681 2.209515103546437 2.227690659874497 2.174304375388601 2.158124117653642 2.195411030355899 2.169368300817951 2.17727958492469 2.161212996768882 2.199480668045908 2.361754905745329 2.551131173731847 2.810813625113951 3.136279831494903 3.617496787333948 4.20739482784893 4.84981360227539 5.661928728274688 6.636785728926043 7.790379751026194 9.198087886725261 10.77190010069171 12.54120921810681 14.24949969370937 15.96236716474596 17.55884164751114 19.14974701373285 20.84243073483231 22.53391561473109 23.86643937244662 25.11992494739388 26.30505222319698 27.61601937811793 29.04398621040309 30.35066626829303 31.77143558405078 33.25035236517942 34.74980737963051 36.19608063939177 37.43543940042582 38.62549574937657 39.77602594330529 40.88112949598872 42.03775298473192 43.08353405868911 44.17411206594625 45.27530457755711 46.22865283639658 47.27467186610011 48.28034978750293 49.32905390227097 50.4560072583954 51.57836467988818 52.75676828345422 54.04366926969669 54.98534370835114 55.9671225594393 56.95251769451716 57.85955481585552 58.67236904322635 59.49687612851994 60.26031420732033 61.00692484500178 61.73782449114515 62.61354349143221 63.31769697060372 63.24045347048741 62.47081818908191 61.56844217292746 60.74079774839265 59.80206363585239 58.87324864178663 57.67250065265762 56.3686250480896 54.76269875494108 52.79366201845551 51.06428212697938 49.42225721343857 47.71735994477785 45.94917148444802 44.08210417823102 41.48668186663872 37.80666168182142 34.29098350495406 31.04199857955973 28.12430626874266 25.4899095876026 23.10811811337408 20.99708357058626 19.09633148256398 17.38320690824912 15.8150657986007 14.47917724699073 13.28225931111228 12.18537299254604 11.24061473524125 10.41888769407888 9.60932295130624 8.859457982558524 8.185692284881952 7.54009006232809 