# Created by Octave 3.8.2, Wed Jul 05 13:44:44 2017 BST <co1ssj@node117>
# name: result
# type: scalar struct
# ndims: 2
 1 1
# length: 3
# name: params
# type: scalar struct
# ndims: 2
 1 1
# length: 18
# name: cleanup
# type: scalar
0


# name: num_runs
# type: scalar
6


# name: dopamine
# type: scalar
0.7


# name: targetCross
# type: scalar
1


# name: targetLuminance
# type: scalar
0.3


# name: targetWidthX
# type: scalar
6


# name: targetWidthY
# type: scalar
2


# name: fixCross
# type: scalar
1


# name: fixLuminance
# type: scalar
0.2


# name: fixWidthX
# type: scalar
6


# name: fixWidthY
# type: scalar
2


# name: fixOn
# type: scalar
0


# name: targetOff
# type: scalar
1


# name: targetOn
# type: scalar
0.2


# name: fixOff
# type: scalar
0.2


# name: targetThetaX
# type: scalar
0


# name: targetThetaY
# type: scalar
-8


# name: exptnum
# type: scalar
0




# name: r_0_m8_G0_L0p3_D0p7_scsum
# type: matrix
# rows: 6
# columns: 600
 2.284173250423919 5.87316818596446 5.612965341402742 5.405793467307376 5.219646288978765 5.071326366858557 5.084633607293654 5.221793483346119 5.493484357932175 5.890506515293964 6.544092612097302 7.288069018315582 8.175299863403779 9.224338833795628 10.32186521144831 11.52108481339383 12.81529348749609 14.15819574646594 15.60103675175924 17.0695622243511 18.6407526616531 20.16523949526527 21.6316974098736 23.09204560983198 24.26901423456729 25.27033041351024 26.05275654614525 26.41038598466548 26.36589913919488 25.86696442819084 24.85116737060162 23.36046514337795 21.40176377383614 19.33567541500815 17.55790084030741 15.98857744503039 14.53610077629128 13.25585513545957 12.02650764204554 10.98351697370526 9.99934613321966 9.174212909507332 8.370708606449625 7.68215441297798 7.076620910105703 6.548309124013031 6.083003839084995 5.663934459880693 5.352275624907634 4.981155437701091 4.645403799178894 4.348841826478747 4.010422185550851 3.808829068715568 3.662840719549422 3.436461165736546 3.311447463514924 3.154802729764924 3.105725014978816 3.021040778941824 2.837728445088942 2.737352865475259 2.67709026563989 2.582419496262446 2.583078307699907 2.56060366444035 2.503558130309102 2.459907598986319 2.413989558212052 2.384257701622118 2.42418571543385 2.436228933453094 2.450253075352521 2.41346065482503 2.353929475275436 2.324036129743035 2.318711397772859 2.331816065154271 2.29623119286407 2.25922826889655 2.255550087338634 2.267406904369636 2.263251707117888 2.26640209375546 2.248069539401513 2.269104804046947 2.254735540904221 2.212192228897038 2.243347714480478 2.217089974485134 2.235091335267498 2.283227443083888 2.273008425217995 2.213146738675277 2.229784633811505 2.221151529719009 2.250125336948258 2.247429204937362 2.266622875789835 2.293293587557855 2.297420183040231 2.25924361145735 2.242162194910634 2.285680614117155 2.229543486264447 2.25808759053325 2.264556587073457 2.268818988542989 2.304932827179073 2.241139668865799 2.261354233793099 2.182417656185862 2.284055871332384 2.30102242839348 2.237833344952378 2.237333246277558 2.257018127107585 2.255784983542981 2.252129021188011 2.253991779696662 2.21149200887703 2.18118761992082 2.189983429168933 2.174395092042687 2.184647002468409 2.197735466161248 2.265566788308206 2.248311104012828 2.248539640931995 2.202141478785052 2.196445844525442 2.20096650243795 2.219878428280936 2.246467527387722 2.276303783110052 2.251170132974949 2.280560099565264 2.274095186679915 2.307103757753794 2.28392132078443 2.255355666922696 2.285225554984208 2.321375197496309 2.291072267723393 2.322487212641136 2.306467795893695 2.276661909305403 2.268991015138454 2.235646421930142 2.274905183428928 2.283338470926537 2.279889154899138 2.251963529728528 2.271316086022125 2.223038694533898 2.255893231988011 2.292761328299093 2.291043206831091 2.290713700305787 2.297338023716293 2.267803228962293 2.314228247640131 2.309018808617111 2.333953194476635 2.290399692647043 2.212059856770793 2.211868788373977 2.205317147068854 2.192509172778955 2.139129999784927 2.18604000256164 2.249533979109401 2.202866216983239 2.242266166633271 2.235176799153123 2.183057680616912 2.161021894275109 2.14609725214541 2.154817151222232 2.138627544925839 2.195770838447061 2.198341508839803 2.253055582317756 2.231868748109264 2.228761193073296 2.24942509763423 2.272069936514526 2.239395568391046 2.251602201460628 2.246349716813711 2.216733055076475 2.214592151374745 2.213908131659991 2.253601633419748 2.251823554986913 2.203891137614846 2.237889866708429 2.265752682498714 2.246673657566134 2.26661912864347 2.325891906028119 2.322755262382088 2.289526547578134 2.297080960375752 2.282837035585544 2.351813567696809 2.384829116625042 2.352701247407822 2.349621739216673 2.380028657302319 2.40446375169995 2.382470388276488 2.35672001661078 2.329011143061507 2.366130254595191 2.399354830333323 2.426626297308758 2.410425845169812 2.381076053934521 2.369776104005723 2.304356835793442 2.290084983231282 2.275256771565182 2.266864020224602 2.274262434526463 2.238373144526122 2.280850802686473 2.274543401505071 2.267558082632604 2.277945808749791 2.246669978350837 2.277742382713768 2.263910785288317 2.290125502157025 2.279789889878884 2.304212311872107 2.32168977062247 2.32700418019158 2.300835360203564 2.331937121094597 2.380854205492142 2.379836855794565 2.357189484264381 2.374258738953358 2.344492141914088 2.369609351777399 2.315266768586298 2.318641480285805 2.296305099813253 2.27657825442293 2.309347082878958 2.275580055054888 2.281825888763706 2.269945162777731 2.289896112059068 2.32131416566699 2.355760058671876 2.325209180140519 2.30537305596954 2.290451170341839 2.291265949264925 2.281380304957565 2.275338518767967 2.32669292022365 2.280772825506574 2.286781164362765 2.252806788124872 2.299647535943222 2.346535010268781 2.270812004248 2.232927357301378 2.286048945403309 2.29591818546578 2.35921429138034 2.386778023115767 2.365765508875484 2.386373305460438 2.346090084557545 2.301704607245483 2.265675155642384 2.221925528756401 2.253447048711678 2.305997855450187 2.336535326649027 2.355597416470118 2.316710088660329 2.36216056442936 2.37824314552563 2.367105275705399 2.398430447508872 2.443345098679856 2.461757764223876 2.428516337800829 2.415623751403473 2.419877125001221 2.435627906972513 2.470029735692151 2.434743389529103 2.443866289104335 2.418817997444421 2.40811773751193 2.429997066788928 2.543320553550075 2.667559719231576 2.853919587090786 3.090093945669651 3.479361013696689 3.947174313434516 4.555476604289652 5.312420502115856 6.271136876699529 7.346521933977783 8.578470920550899 10.09860446380571 11.79828740545418 13.5106473904234 15.23785471900555 16.84109608125618 18.42803914874094 20.07230785901629 21.75437904286809 23.51489099395985 25.10473904369428 26.51911550715158 27.9695510711681 29.30481144559963 30.65725688153179 32.02554498179961 33.39885849731036 34.77401549530623 36.29134709722712 37.88561880830093 39.4937357006711 41.02124047358302 42.27799711357511 43.5546168948822 44.89115612331807 46.04387528886582 47.20788757815353 48.41202163098933 49.49313078698833 50.61877187080063 51.66011491739482 52.77731331468931 54.00373381350801 55.23567633123821 56.2721336245304 57.39073693392129 58.56544443932216 59.86799853975026 61.12651770866614 62.57247548734449 63.98829293108065 65.36116457271692 66.63844197742583 67.23901885903251 66.85377948180394 65.47884930724831 64.00673544123129 62.32594608912405 60.77361510252376 59.3877260072295 58.1554227309316 56.69703227361606 55.3140257182713 53.78962555308681 52.31029607866367 50.60849086189046 48.572162295608 46.21999007580598 43.66577827810397 39.88726559194765 36.19469368358477 32.83256703163715 29.73315084619207 26.92337164220226 24.47680663106985 22.26890371897025 20.2444996007398 18.45001635486551 16.80624068469115 15.29099907499403 14.03197929108137 12.80685658600851 11.70304395818175 10.72424247672279 9.875523178903677 9.082506666287372 8.454109005015198 7.857316127432568 7.240597465985047 6.756530176131491 6.312898950678573 