# Created by Octave 3.8.2, Wed Jul 05 13:44:50 2017 BST <co1ssj@node117>
# name: result
# type: scalar struct
# ndims: 2
 1 1
# length: 3
# name: params
# type: scalar struct
# ndims: 2
 1 1
# length: 18
# name: cleanup
# type: scalar
0


# name: num_runs
# type: scalar
6


# name: dopamine
# type: scalar
0.7


# name: targetCross
# type: scalar
1


# name: targetLuminance
# type: scalar
0.3


# name: targetWidthX
# type: scalar
6


# name: targetWidthY
# type: scalar
2


# name: fixCross
# type: scalar
1


# name: fixLuminance
# type: scalar
0.2


# name: fixWidthX
# type: scalar
6


# name: fixWidthY
# type: scalar
2


# name: fixOn
# type: scalar
0


# name: targetOff
# type: scalar
1


# name: targetOn
# type: scalar
0.2


# name: fixOff
# type: scalar
0.2


# name: targetThetaX
# type: scalar
0


# name: targetThetaY
# type: scalar
-10


# name: exptnum
# type: scalar
0




# name: r_0_m10_G0_L0p3_D0p7_scsum
# type: matrix
# rows: 6
# columns: 600
 2.272078836256696 5.890367411600892 5.635571435632301 5.44835166822304 5.250428276267485 5.158080541499658 5.024223928448919 5.083549020258943 5.331629756867187 5.809897383434873 6.41937725480966 7.143611842817336 8.010145353226108 9.153973719367059 10.24503850705423 11.49351820899756 12.87942325576296 14.20385468874883 15.64491645582893 17.20834760888829 18.74075135186285 20.39945416825503 21.9308856964708 23.19640691039967 24.29772518610844 25.24827741723857 25.99640838673804 26.33346281197737 26.19535241378617 25.70958932358917 24.76182075982797 23.34083777287742 21.40815028453289 19.33922113009976 17.51611288559434 15.85266850805056 14.42695095871932 13.12418416363653 11.97730436541315 10.8995259205185 9.992287390668935 9.17055505457256 8.441693524164293 7.694770997946762 7.113905138205155 6.620503923849355 6.10310766362818 5.622330830177816 5.170448634689819 4.865266513872484 4.598682315037877 4.413980471763352 4.142892751908221 3.895049991948326 3.711621160160576 3.633794986424618 3.418471984503412 3.306255780924403 3.115651900970988 2.963321304257988 2.914362414227071 2.818327513188706 2.713510081904133 2.692074092265102 2.654885288243349 2.667481880656851 2.579447099469689 2.586058358598166 2.542779202674865 2.488804940088812 2.496028122972348 2.43040738108175 2.386178193293745 2.378333719403599 2.295862095001212 2.2950349276216 2.259468935506447 2.264516790142807 2.240845164191342 2.256716378124111 2.195458067297295 2.201087318797363 2.237499931543425 2.314038788164908 2.330903552610835 2.38423502810474 2.357463021508011 2.363896144823229 2.335696303329314 2.278127997873526 2.245011877734214 2.20519628412876 2.16995055577172 2.189299892628696 2.165197007634561 2.232378272870847 2.245453092386015 2.223686995450407 2.233757709349447 2.194496379157499 2.165186951917349 2.162165343797824 2.203667294081242 2.253203303087503 2.274444896975183 2.226017819273693 2.304796602595161 2.302666511135612 2.278194763792271 2.346060916261195 2.356779137160629 2.328876007282815 2.375976105669906 2.357907413075736 2.32009493739497 2.342214494143263 2.261255894940405 2.246340031397267 2.261182800735696 2.327801278221159 2.357124604943238 2.374175123673922 2.403835216471634 2.438021973735886 2.500944993122175 2.455358766550489 2.436683906133112 2.380953387240879 2.326018338590984 2.367917462723199 2.348387972055207 2.32742833323573 2.356998923653009 2.368711999119114 2.386837586791444 2.391371054716728 2.362254039026084 2.347168276657612 2.329972381819971 2.293673594598658 2.250749076993088 2.320267617622449 2.25896830646343 2.278353780664474 2.283421903267481 2.395682375881734 2.445111985040057 2.432893080102076 2.390315772157919 2.372536082384613 2.38840055642504 2.380168566778593 2.404928434123576 2.422164710376819 2.35598387781647 2.323261231293145 2.337846229995193 2.335708652484755 2.39677144376401 2.387461218233511 2.366218512568594 2.360895409448858 2.347766912382212 2.233444252760819 2.234202882224054 2.259098406128032 2.291898608425981 2.301939383542049 2.35172211191275 2.320490199355845 2.353780463276053 2.254464495817956 2.24369548985851 2.21792565620126 2.286179422779242 2.263680364987522 2.267258193817725 2.215663776041765 2.268757745096082 2.279710502882153 2.275056343405595 2.329459088523436 2.277954208759184 2.270322826396296 2.276911509934507 2.255828708315676 2.26971504422545 2.270191321211314 2.276967102054186 2.34324457306866 2.309607319541101 2.330011206948257 2.270308066121288 2.258077503289314 2.235870413162047 2.242782264827838 2.289615670022613 2.255737459076045 2.251947497912624 2.242889509288943 2.228387826318794 2.220920206682422 2.243459058285225 2.267738537608238 2.277993733114272 2.330338167123045 2.304302880518662 2.316341273784928 2.314300567799364 2.329129717723845 2.299588451052841 2.266331771024852 2.230774125338939 2.261650114453005 2.275015982995683 2.292576848521549 2.342931607905484 2.268027279613307 2.278340442597255 2.287003097135312 2.32474329582692 2.290610242078401 2.27153279574577 2.310475484362541 2.30688448480214 2.308192844353471 2.286403764574061 2.219704991035542 2.300842339725932 2.297663567799646 2.311223234111822 2.296952000509918 2.305051101780919 2.267679291540844 2.237934735567251 2.246558766419184 2.236463825684041 2.270933332358254 2.346792269886464 2.322640960373974 2.254428387674125 2.231556490430194 2.213202223152621 2.225091277379761 2.214491796337825 2.219636337704287 2.198979647335364 2.224400104545566 2.198287852632347 2.22722098081249 2.305355413864163 2.290170466076233 2.239260221438599 2.276645247831766 2.281061614641658 2.299209193504794 2.307881780820026 2.316714602508 2.299593408642977 2.330217178950988 2.343984203229411 2.341339969101682 2.322640324764507 2.341187453941529 2.389481479847746 2.385046179988421 2.397595461090532 2.3857766761721 2.340989839205577 2.283494682924356 2.305510125024739 2.311895655540866 2.310457054110884 2.296442178336292 2.320983134261041 2.336630843732564 2.36945231658683 2.388768577460723 2.3429862774301 2.336175939575696 2.366301050602488 2.321972386955167 2.279642780391441 2.276030295033706 2.282123739580129 2.294213481221959 2.220916642048905 2.181361049806583 2.198738834085816 2.245053327504138 2.242583946615923 2.236453395824356 2.229110254460466 2.258017992684472 2.311722346312308 2.300004669908958 2.328113901212419 2.326861609404659 2.280447123088379 2.218039003542799 2.207303092753136 2.23371264776506 2.256254676416575 2.281201850200887 2.340193306212313 2.415732574008871 2.534290211946427 2.704280769969046 3.017077677333873 3.336693507102609 3.832993273987086 4.280689942728714 4.831805235604406 5.575613684828568 6.488153465914365 7.565719742264264 8.823936605702329 10.3645682388451 12.00996056485019 13.73992133506727 15.39417630609023 16.81656178082994 18.30109437762803 19.81092183191504 21.42147749552532 23.01662681568632 24.50468564364201 25.82416765948801 27.09182174825401 28.381426669348 29.66593810330232 30.98354507282056 32.27025896553096 33.56156924264724 34.97042786698148 36.37299782203263 37.81198452919489 39.26334195406162 40.68504805345947 41.91841288251089 42.9742555510893 44.04624740951112 45.23300310871127 46.41862278914778 47.66852981532429 48.93937571375136 50.16746547359253 51.3923625739917 52.53612249765501 53.74332339804823 54.95503972304869 56.16823240120721 57.27491203398677 58.42376665204938 58.89413777012305 58.03357785733533 56.9087637811208 55.80891387555312 54.67260891374463 53.35008769096748 51.91486042290126 50.54272950419636 49.17740319853692 47.79151238225859 46.20983155617432 44.42802973767175 42.71432049471696 40.83210797657375 38.67589803863302 35.84233734919871 32.52941991635453 29.50472638918654 26.80053248065997 24.36244768329561 22.15545051554363 20.1849446783599 18.41131233506167 16.81644047104419 15.33951689651258 14.0626809009409 12.85813933550708 11.77561736002099 10.82013702664699 9.975975378343719 9.229729248581862 8.589003445162234 7.906161461773081 7.355587351463328 6.849953292243299 6.397371717668648 6.00197517777633 5.652114073302073 5.294220064344699 