# Created by Octave 3.8.2, Wed Jul 05 13:44:41 2017 BST <co1ssj@node117>
# name: result
# type: scalar struct
# ndims: 2
 1 1
# length: 3
# name: params
# type: scalar struct
# ndims: 2
 1 1
# length: 18
# name: cleanup
# type: scalar
0


# name: num_runs
# type: scalar
6


# name: dopamine
# type: scalar
0.7


# name: targetCross
# type: scalar
1


# name: targetLuminance
# type: scalar
0.3


# name: targetWidthX
# type: scalar
6


# name: targetWidthY
# type: scalar
2


# name: fixCross
# type: scalar
1


# name: fixLuminance
# type: scalar
0.2


# name: fixWidthX
# type: scalar
6


# name: fixWidthY
# type: scalar
2


# name: fixOn
# type: scalar
0


# name: targetOff
# type: scalar
1


# name: targetOn
# type: scalar
0.2


# name: fixOff
# type: scalar
0.2


# name: targetThetaX
# type: scalar
0


# name: targetThetaY
# type: scalar
-11


# name: exptnum
# type: scalar
0




# name: r_0_m11_G0_L0p3_D0p7_scsum
# type: matrix
# rows: 6
# columns: 600
 2.315810979554954 5.895381273054227 5.728358652020688 5.513614036608487 5.299451212762506 5.133894711034372 5.086690454867494 5.132924567209557 5.410176077322831 5.792325779246312 6.352023182946141 7.080358430372144 8.088542757399409 9.085114329376665 10.251701083027 11.53524476668827 12.89689356982126 14.27151835666882 15.71553246139956 17.2644343686552 18.81052008224469 20.42672161442169 21.91206805497495 23.27040190553817 24.43378529703114 25.41342004328908 26.05909090126806 26.41336701074761 26.30001231158531 25.7984301556171 24.81316735638393 23.37558340939358 21.46829067751605 19.43178452166467 17.55487586798699 15.96724346188057 14.55619380293501 13.25471344508696 12.01064233261059 10.90590170526411 9.933051270290889 9.143062502342218 8.342351921430236 7.671358787090867 7.08074688740453 6.509087872698728 6.037136792911042 5.639426762878429 5.286607581354474 4.976427098357817 4.646118907701748 4.35821221981314 4.12834021386152 3.869610149376967 3.685913056036952 3.4876767884125 3.321921846145415 3.279697418751311 3.115266522210732 3.040927226495114 2.978107705683215 2.881014874430548 2.83681998306929 2.771931412054983 2.724836305140343 2.635567335360975 2.528437614182621 2.533759008085326 2.468598881161597 2.449558216496371 2.479429635190172 2.441168523626402 2.445481511294929 2.424543928524145 2.442406330472295 2.35132842134044 2.364070507817814 2.351359376021719 2.353748543082474 2.356130250216665 2.341975745344826 2.32602282033622 2.302998304867288 2.289604469522601 2.305144652847957 2.34839218387242 2.380136654886883 2.356020037990675 2.371137889684178 2.380608556466541 2.384643960031099 2.361380881713558 2.306539519682701 2.31631720151745 2.324321784581116 2.271735688766057 2.31184580027184 2.234561932476936 2.271639979269821 2.240743490117893 2.26565472051152 2.278458142423915 2.348643741223896 2.338045255382895 2.340312425527372 2.364656387959258 2.39788094234973 2.389906240749042 2.381866389105198 2.462299089682347 2.402629776393951 2.362690326415759 2.349358718725853 2.31684579274588 2.334200928060454 2.354500075125543 2.318665034621517 2.297546569659971 2.304393309004809 2.349280536158403 2.364932729022257 2.343791367875383 2.377831315119693 2.25735239428468 2.170657967060833 2.183019585612783 2.226082119370403 2.248717116162879 2.256285939150985 2.243371461599963 2.280853533386107 2.279094099518261 2.245942257453862 2.280635747614724 2.319280940171666 2.318455513144727 2.296672117583512 2.280048457938392 2.302887908617777 2.289309132960625 2.249847984287044 2.292312205809139 2.290237757195428 2.280296222819743 2.303737785990961 2.314923274570901 2.319118463310588 2.347721272730269 2.306135017213819 2.367802361819486 2.321883752003487 2.321515311428811 2.362631464959122 2.332553256888787 2.343280778477492 2.391727996051486 2.326295198963635 2.323250217094028 2.326703464328602 2.320247176714474 2.387915782648633 2.457455293420935 2.440209432148549 2.410516401021596 2.381952297713724 2.361555032744945 2.378843310718366 2.424101531636552 2.358651531114447 2.307450454478385 2.320355194482545 2.340786848950302 2.324966328998926 2.304766827224739 2.337045788362957 2.36005345049125 2.411626726941904 2.418030824581365 2.371987564907613 2.360667560969887 2.300147692949395 2.293189750493184 2.297543040604069 2.290671943448615 2.266176879507839 2.292547148419544 2.316027086035319 2.284999995110411 2.268524046387029 2.278331056899333 2.250766329703765 2.304633070401906 2.316108309278206 2.276591262250804 2.265183802450338 2.314119313730771 2.253147996249027 2.29411717037874 2.273700636571448 2.227323135975894 2.256736028844898 2.270085522781301 2.343484831937531 2.339868963994377 2.410470552908009 2.402327354888257 2.362316205613752 2.411475199640336 2.452400064998074 2.440212576202612 2.437584453400632 2.49187364205136 2.51127733856174 2.489944348692006 2.479640445078985 2.425361522267849 2.438304280483862 2.391953787043349 2.363491081196116 2.34583541808388 2.323520442747395 2.390218813699903 2.423850296720047 2.408981128754021 2.370879158723255 2.36261524202564 2.298212365960353 2.335942232122761 2.39178180802628 2.386445105890743 2.396914541575825 2.36750919296901 2.299351490049958 2.30388809255237 2.312275905860588 2.320162696298212 2.273032277575112 2.268661879810679 2.262417738085787 2.244337280164473 2.208252845965035 2.183041914318892 2.163855157534272 2.126766429051258 2.142669285909506 2.166592765213863 2.199334200846351 2.203740355922491 2.215457666781731 2.268935056988994 2.275685469294331 2.267004522487696 2.287024736549938 2.303300319606933 2.319461380266148 2.344280191897269 2.368979993792891 2.330936867227138 2.328585867366201 2.336209303750366 2.306626385674463 2.340239961784391 2.271412772708572 2.295976129091287 2.28763860539766 2.268625775221153 2.264331605547341 2.22846128769379 2.190844742774061 2.172663308754636 2.128230252437788 2.137608741581062 2.225247941001726 2.237335940601042 2.297706687553728 2.277096121702925 2.241302097514563 2.288067081928602 2.271976924879709 2.317110387411049 2.353448423520604 2.3492000465194 2.31667558973686 2.323580182401201 2.267242923015147 2.321924822430447 2.287603100150591 2.32484425434086 2.331156071959413 2.268532611466071 2.227121840962354 2.277943503659117 2.366282105926075 2.32988047330582 2.340207288587408 2.293591734953679 2.240804180742998 2.252988951870066 2.256612521985517 2.268567166622233 2.261845990564325 2.249365928477346 2.209463483348372 2.150262327455494 2.22105649337027 2.323110701654514 2.316498716310889 2.355852946235245 2.360917753165268 2.489842972136103 2.691224486719875 2.95837003881752 3.203459621683578 3.527472501846205 3.976688459348225 4.545264101769135 5.318129793329717 6.131218432979949 7.134209926138283 8.300399329145876 9.758703552550287 11.38848233179124 12.9090237048149 14.40475293117925 16.06409815779261 17.63367713370826 19.04119614682713 20.46367575241311 21.79788434616421 23.02448510637623 24.25736144560506 25.63715791928189 27.09878592285895 28.63123550754972 29.95886354086906 31.18422845266468 32.37030103928009 33.58407722676566 34.8692044725849 36.08044223651086 37.16842442174675 38.22016498201992 39.26001999011714 40.46074167550614 41.61726548263687 42.85235661596744 44.05672928124113 45.30451652477859 46.54742794334743 47.79055270450954 49.10038816567248 50.06225604539941 51.10654712579708 52.12847540275288 53.16374039375387 54.31743148592068 54.26267200070652 53.21697997084084 52.17443779409223 51.20102012866846 50.02861427718562 48.66706189585966 47.3701199288007 45.93136166444856 44.47205984687753 43.16189691830368 41.75122754257245 40.15640896761761 38.52856883785307 36.51715108768622 34.30891799186065 31.31635023812669 28.35538160519536 25.7192451969222 23.3380111236329 21.25127699986842 19.34356338048019 17.6395024921876 16.11124048938655 14.73615497886203 13.46745485120482 12.30923777488715 11.2681221581588 10.38945683598467 9.552784506628086 8.830004539100628 8.199439466210606 7.629403409366205 7.081138465560798 6.511972687711022 6.031762242182594 5.628095200933785 5.290633567637997 