# Created by Octave 3.8.2, Wed Jul 05 13:44:45 2017 BST <co1ssj@node117>
# name: result
# type: scalar struct
# ndims: 2
 1 1
# length: 3
# name: params
# type: scalar struct
# ndims: 2
 1 1
# length: 18
# name: cleanup
# type: scalar
0


# name: num_runs
# type: scalar
6


# name: dopamine
# type: scalar
0.7


# name: targetCross
# type: scalar
1


# name: targetLuminance
# type: scalar
0.3


# name: targetWidthX
# type: scalar
6


# name: targetWidthY
# type: scalar
2


# name: fixCross
# type: scalar
1


# name: fixLuminance
# type: scalar
0.2


# name: fixWidthX
# type: scalar
6


# name: fixWidthY
# type: scalar
2


# name: fixOn
# type: scalar
0


# name: targetOff
# type: scalar
1


# name: targetOn
# type: scalar
0.2


# name: fixOff
# type: scalar
0.2


# name: targetThetaX
# type: scalar
0


# name: targetThetaY
# type: scalar
-16


# name: exptnum
# type: scalar
0




# name: r_0_m16_G0_L0p3_D0p7_scsum
# type: matrix
# rows: 6
# columns: 600
 2.250449091508926 5.854269548639422 5.67217567798798 5.50768737787439 5.374033086591226 5.29318306526693 5.193341305457579 5.221107535529882 5.458590081507282 5.836481676098629 6.386288689165667 7.203364456239797 8.131337876533507 9.095260114729172 10.25242625534884 11.48453074651479 12.76988546575012 14.20981930765993 15.72440680412546 17.24694617494606 18.84660975793486 20.2989211415188 21.73085987689774 23.13351028706529 24.30327429176396 25.23939653055277 25.89932556278654 26.26964430237422 26.23818530519929 25.74625738134637 24.80508132361138 23.31363217439502 21.35982545115985 19.3027855499422 17.51049780469475 15.92735222544434 14.51793806526985 13.16520237662917 12.00755016486073 11.02975789923948 10.08474090446362 9.190748949113186 8.482212740571413 7.873887881178234 7.204319689481054 6.668199337924307 6.192951441655168 5.779717787030677 5.393275184364029 5.033457579986134 4.718679340334347 4.386159333553223 4.125778650537541 3.934936225152342 3.709481319197948 3.56977586479843 3.456240351526503 3.331893951239181 3.092931766383117 3.104671295837761 2.930890679992444 2.888347973654163 2.85780795122264 2.760787186434754 2.725453151739202 2.697596112979227 2.599056608134561 2.538658941193717 2.560865598374221 2.52844639820978 2.482739109458635 2.44142908111462 2.409662356025365 2.392207256438269 2.386363201669155 2.352669607193093 2.372891303235519 2.365491317206761 2.396188437498495 2.336314749249141 2.340908645688614 2.391672837118676 2.365150825600722 2.37568792620732 2.368185250768875 2.365071384592738 2.297969628169085 2.296872400764187 2.389803422928935 2.370296122229774 2.369378600589698 2.391599544593191 2.35818369230401 2.35919635425671 2.409748537524138 2.403592318740266 2.453045275422483 2.442826725844498 2.408495589901577 2.464598614034912 2.456694917676941 2.357690449956863 2.316781683039153 2.330314378079493 2.347874544677779 2.433048027096447 2.442721973122389 2.437722571456106 2.374817070702193 2.389330381440232 2.366321096371394 2.34221462995265 2.332759684315533 2.303055678406963 2.326806405486423 2.27658010459345 2.29810163527236 2.327412139395165 2.280773795049754 2.315535380374058 2.278407357407559 2.308729818309075 2.298268390470184 2.308380381073221 2.302887934303726 2.248013384123624 2.242897993677616 2.234056158058593 2.27411818010296 2.224965554834398 2.171373433549888 2.227947366683111 2.229040587728377 2.233924514985119 2.250777691442636 2.30601664572896 2.296658243860293 2.326648215028399 2.377584839941846 2.397285293485766 2.358683543752704 2.283174570511619 2.339445112545945 2.314706380886491 2.329273908988398 2.351053598988074 2.345910867363273 2.37113861711623 2.370546876678418 2.368551882525935 2.383856350601491 2.358964265382383 2.371193169146864 2.361124261288751 2.363461833192559 2.385177255659073 2.354506926287286 2.274813806729071 2.358762909731013 2.35659985528946 2.282496825897397 2.293042823097494 2.300907766133605 2.340965449691794 2.314527541327152 2.32777164008894 2.335358180556796 2.251490233349614 2.272511409929393 2.327469033920352 2.350638169980812 2.36454775355196 2.337007476400686 2.306029845858575 2.255051076497693 2.249216795215034 2.252533245973609 2.28851548480452 2.24625453454064 2.260077253638883 2.270246458800102 2.300794992126612 2.296929623183132 2.278160307984308 2.274685882286576 2.266406166669185 2.283845126774395 2.283985623642366 2.254301034015953 2.215535867842846 2.286555230257363 2.282833440171089 2.281862020288827 2.314351345259638 2.292233755375491 2.202885970771604 2.222919717547484 2.241945615634904 2.211856046043977 2.242907859241313 2.217050611896411 2.21127113593684 2.206711272650864 2.197955872365128 2.262786298364517 2.240610102075152 2.253005526861671 2.254413539158122 2.305852933735878 2.344615963011165 2.357327278143202 2.404296862419869 2.439445368931047 2.426750977319898 2.394538259897672 2.379085669781489 2.396224078767773 2.400996621739068 2.357736849588036 2.39677786660468 2.400204489509633 2.368887458324025 2.356251895838795 2.301488675322616 2.230540768210631 2.286316121346317 2.33767221684684 2.323913524286581 2.346127550124947 2.322697245188465 2.363484233934287 2.321595132013499 2.337270709678705 2.285516065683623 2.322844005691877 2.37982249083143 2.343562121299328 2.319364174567454 2.307372876413865 2.317010970749834 2.279862437786505 2.290364094718825 2.2805354132106 2.280113123706542 2.305722213786794 2.260839036200196 2.2186180274457 2.244465832223796 2.270128268173721 2.291178707087965 2.280959408672061 2.329855080311972 2.323223071078246 2.309209571503743 2.289872148274299 2.325889142997767 2.269934170531997 2.262731848466501 2.177996294361947 2.215573184204914 2.222767399496661 2.241871302547224 2.249029988357506 2.267331593018753 2.272020598964446 2.278026615320414 2.284744972850604 2.302021402192622 2.361317967508512 2.366665749061212 2.406769816155247 2.411148093768134 2.384289813326177 2.373297344573075 2.379883652400167 2.325977771124599 2.336778862507344 2.298940221298835 2.290929181875981 2.286772802117412 2.308609322077245 2.252544134971686 2.266653527618473 2.304206944263569 2.303670434339438 2.343936243145436 2.327532501898531 2.345160085089447 2.358706603725295 2.398793340504199 2.361611569191155 2.337759958822517 2.281000725764898 2.260119288206624 2.283147057029055 2.308577092771884 2.375531954137841 2.330141202768573 2.414277921543544 2.358322483421944 2.353584474178206 2.340897982496244 2.344357408725045 2.32403974893532 2.295948170776683 2.284907953100628 2.252551871139076 2.323519459292584 2.285343882977031 2.269526427437086 2.272405000239814 2.34282952101421 2.323969556189695 2.299362150017259 2.285697377992619 2.323365094365727 2.331571723119851 2.315788831627287 2.304810734944112 2.293388942798629 2.337225629566092 2.352968619899912 2.423524322424782 2.578350131509069 2.732432076687473 2.962461372135294 3.250804182831416 3.597870463323488 3.980382920562988 4.447467671539926 5.03756774750218 5.679760487044405 6.384354688179883 7.229603487772692 8.228822276250867 9.408443711890868 10.69708799171713 11.95939865669061 13.21132424152893 14.50077781830623 15.76436645585272 16.93381771282293 18.04059637292812 19.14239554345841 20.24393609761682 21.33436552178318 22.24147795214412 23.19082229730338 24.17795090562868 25.24591211288862 26.38124780699582 27.46952129396959 28.44872774899704 29.47047811954326 30.54549902211784 31.53139052491315 32.50931235282042 33.41145859645621 34.26018477909565 35.04383617657277 35.9368336490661 36.72701501751362 37.47667904706032 38.21384180758105 39.0882923679892 39.99484173570818 39.5607744662193 38.69232222247592 37.87962291052099 37.05729392224566 36.07807053305805 35.06904172566101 33.944195300719 32.75914844193539 31.51763086221399 30.07199854542705 28.69721175484301 27.44949032735531 26.11394671962989 24.48001516919976 22.46932534817279 20.41867578008532 18.60352457557747 16.98190335003164 15.47023749856089 14.13399089084032 12.93872373080376 11.86774252762552 10.85868162694896 10.00683218459744 9.24611829195419 8.551667384539542 