# Created by Octave 3.8.2, Wed Jul 05 13:44:44 2017 BST <co1ssj@node117>
# name: result
# type: scalar struct
# ndims: 2
 1 1
# length: 3
# name: params
# type: scalar struct
# ndims: 2
 1 1
# length: 18
# name: cleanup
# type: scalar
0


# name: num_runs
# type: scalar
6


# name: dopamine
# type: scalar
0.7


# name: targetCross
# type: scalar
1


# name: targetLuminance
# type: scalar
0.3


# name: targetWidthX
# type: scalar
6


# name: targetWidthY
# type: scalar
2


# name: fixCross
# type: scalar
1


# name: fixLuminance
# type: scalar
0.2


# name: fixWidthX
# type: scalar
6


# name: fixWidthY
# type: scalar
2


# name: fixOn
# type: scalar
0


# name: targetOff
# type: scalar
1


# name: targetOn
# type: scalar
0.2


# name: fixOff
# type: scalar
0.2


# name: targetThetaX
# type: scalar
0


# name: targetThetaY
# type: scalar
-9


# name: exptnum
# type: scalar
0




# name: r_0_m9_G0_L0p3_D0p7_scsum
# type: matrix
# rows: 6
# columns: 600
 2.320839999600139 5.914779918632121 5.7198059178736 5.458303924729989 5.340720029977092 5.243172316477285 5.150387383615453 5.235661610557145 5.468780049370253 5.774584986955233 6.395735871055876 7.131460681041062 8.040699276309169 9.148892300967418 10.30305796513858 11.56844797420126 12.86697830176854 14.26007201509492 15.69324401184713 17.24615446415555 18.83172544503213 20.40532901721599 21.79777080856729 23.16710427567887 24.37743125935958 25.27599367792209 25.93737791052263 26.26253865143008 26.21690765939638 25.72645415519219 24.84551367085623 23.39765557508508 21.47041934488516 19.40500492210776 17.61806643713135 16.04433527163565 14.57957913788414 13.23431945981474 12.04184216646536 10.94912373419356 10.01698737812694 9.135001044829551 8.338913093535666 7.640815733655472 7.052016118352185 6.542403928680869 6.045215681631817 5.602141756520723 5.201286554267426 4.927302204225271 4.629247404518537 4.390398547722725 4.158884622622281 3.960543681998388 3.786500540350971 3.592307121674821 3.452821640901675 3.312202573419199 3.199887049306199 3.01528414128552 2.927761292583455 2.820249305488687 2.721066278623766 2.728161775135959 2.665742964920355 2.656318046332672 2.658535940907313 2.572282595057914 2.566159091355075 2.516561561146773 2.523299803491682 2.448690643039299 2.476779760934733 2.448926937158831 2.433832228711253 2.384309584285802 2.398193716930109 2.375863732657308 2.346122489820118 2.366008819735725 2.362550747144269 2.385925665454124 2.327614813140826 2.343074710221117 2.291703583036906 2.327223703208801 2.383053329951508 2.349968669637747 2.393670996216315 2.364918000603211 2.358368905872339 2.327765649271896 2.281334345349023 2.352059163240483 2.378542123813531 2.432055777164351 2.395194258155243 2.443030870459552 2.436537159379441 2.454658562899567 2.512736209711875 2.509003583905724 2.508721835818505 2.453133429458831 2.428990941083612 2.479520636108646 2.445188893550949 2.403565613785759 2.403889130197058 2.410607566209364 2.473214531577469 2.438194625050528 2.499584342000162 2.492025824067241 2.496380793789285 2.483261068657157 2.420557596429717 2.333577503176002 2.371445498542016 2.317624549919856 2.319245804843376 2.322008365365036 2.310063797055591 2.38401162784794 2.377323634591448 2.333878880662951 2.319272711589292 2.369208244932452 2.37262114015175 2.341598708255333 2.321728823255398 2.349094420453184 2.366764138716462 2.363238858299155 2.261989917547908 2.266259893585811 2.29429466813599 2.308185227986542 2.397985511648585 2.396348926835344 2.406854148135608 2.407971004126011 2.389137826907245 2.354684162357444 2.351669508261693 2.310141492100229 2.324974366512834 2.351669623251155 2.329158115164319 2.326048353446822 2.320198768651608 2.342346203498892 2.273135425573855 2.316297389916144 2.331918594165472 2.321917688459507 2.322688300213485 2.308357547426567 2.29065085498587 2.281906455660646 2.291636292706244 2.229862327119918 2.213028838836181 2.239090225244581 2.29579418409412 2.283715259611199 2.279183305487095 2.324210490492987 2.331595617855783 2.316922517900821 2.338679903263255 2.310150337911182 2.251555824055686 2.244524533428375 2.251828681526604 2.222650003430317 2.199884870064125 2.183383624567796 2.196446785281296 2.243769283250003 2.210494301747531 2.234417329491407 2.205819688664633 2.247831535776641 2.195627787539706 2.214064609870547 2.219961742433952 2.239929195446166 2.269695614166267 2.292089455862879 2.281099270803679 2.313256220168114 2.347255674867483 2.281225810460455 2.282426476214823 2.256135084427115 2.278634579401114 2.296474193712129 2.235282005487534 2.255655997287249 2.254868341307883 2.272747639857698 2.250502765768033 2.326368933201593 2.340828879590845 2.316195647799759 2.265846060967306 2.218190048366523 2.201336472207913 2.213940766385349 2.211095315346029 2.203574584771559 2.244094510726427 2.209437547478956 2.173702539417718 2.125501835405885 2.15654624630406 2.200745512818685 2.220824184580124 2.241121952538379 2.248843961140665 2.259821942010603 2.26326528755817 2.321333334788505 2.311815498265787 2.315454959225463 2.329620662028901 2.33630441787318 2.327020749886287 2.299025794123736 2.275664962780866 2.229348311600916 2.185399978981877 2.210093410976697 2.207867248700495 2.210817797498748 2.279696749465074 2.311013088183245 2.270043894204719 2.240017320880725 2.2844657647438 2.306541089754319 2.278085681682569 2.218729252133926 2.225949006842711 2.257853850147512 2.257563269335151 2.331368995823141 2.291091584396781 2.205352767276054 2.270398613531142 2.252871506221709 2.309754367039204 2.303640477679437 2.290206735829997 2.303450760235137 2.292806005571038 2.276243931613863 2.233485727585503 2.229951027147763 2.206559709185967 2.189759631248307 2.228838819115481 2.215144264009723 2.211204658005954 2.153226996932062 2.190973201755696 2.194837576473219 2.269152525426762 2.238541352191532 2.235813787665393 2.238234660762828 2.239413195369707 2.274700396381377 2.273947206387675 2.296804919296846 2.314863193474594 2.302191701361153 2.314142161991185 2.322466108787921 2.303367959657407 2.352119287817914 2.339598310529254 2.307175807225576 2.311881364599685 2.343513622585306 2.312018254640861 2.300152564464952 2.273667332512559 2.239511944171682 2.219034321715299 2.26953127982415 2.28021651090603 2.259904215370625 2.31282215358442 2.309498420981981 2.320046934495622 2.308211405488692 2.284033641080896 2.230014423977991 2.249454625314684 2.301117942108249 2.339742050080531 2.369694013721528 2.535359586114282 2.727923664711852 3.049172052633367 3.370621316207689 3.859724286718119 4.409867637557909 5.149516657423192 6.0145609790452 7.019906811598048 8.307554841012461 9.750669088840368 11.42529841408395 13.09128365432116 14.84813217756891 16.51688671164266 18.24875109065033 19.88488173157793 21.50591300764063 22.92683822588879 24.30335769019803 25.77563791912689 27.32680473364235 28.85975405441604 30.30806418985958 31.82858676415344 33.19740891435504 34.52175700060616 35.75351481833786 37.02511578449412 38.42397310185333 39.78715859413205 41.13625368758221 42.57918776423139 44.13665407371082 45.72694935744221 47.04181600955053 48.23154893272294 49.36783793098584 50.55179591161868 51.82407734473236 52.97175847794279 54.11527441757062 55.25698994319464 56.44547445450735 57.47378856135037 58.58606267815412 59.79965818370511 60.97761167701174 62.30912375865591 63.37066165792203 63.10383302164337 61.70968119359895 60.44462934020703 59.22830203361082 58.15078991335395 56.98147176952625 55.71073035062727 54.3512960376429 52.95106338705591 51.48590229442561 49.60156847222243 47.71744964693789 45.78739310118544 43.7615816425714 41.18922404452314 37.71090253102739 34.16445267713243 31.02177347886391 28.11313620668807 25.50346591400739 23.16476283671363 21.03206385132944 19.1416017311567 17.4309011971327 15.97566853357785 14.59623788266617 13.39434400483151 12.24616684814828 11.3342539455989 10.42160124920701 9.571266562241362 8.779806445454597 8.169054362169845 7.508264338423032 7.023120787023799 6.527389736162149 6.057569918510126 5.719692829981796 