# Created by Octave 3.8.2, Wed Jul 05 13:44:49 2017 BST <co1ssj@node117>
# name: result
# type: scalar struct
# ndims: 2
 1 1
# length: 3
# name: params
# type: scalar struct
# ndims: 2
 1 1
# length: 18
# name: cleanup
# type: scalar
0


# name: num_runs
# type: scalar
6


# name: dopamine
# type: scalar
0.7


# name: targetCross
# type: scalar
1


# name: targetLuminance
# type: scalar
0.3


# name: targetWidthX
# type: scalar
6


# name: targetWidthY
# type: scalar
2


# name: fixCross
# type: scalar
1


# name: fixLuminance
# type: scalar
0.2


# name: fixWidthX
# type: scalar
6


# name: fixWidthY
# type: scalar
2


# name: fixOn
# type: scalar
0


# name: targetOff
# type: scalar
1


# name: targetOn
# type: scalar
0.2


# name: fixOff
# type: scalar
0.2


# name: targetThetaX
# type: scalar
0


# name: targetThetaY
# type: scalar
-14


# name: exptnum
# type: scalar
0




# name: r_0_m14_G0_L0p3_D0p7_scsum
# type: matrix
# rows: 6
# columns: 600
 2.309312196037354 5.888940402037406 5.720750859720283 5.500413374371419 5.319381363522552 5.231797128115431 5.285516961654139 5.388112706168613 5.588844339108618 5.97375845809438 6.583271242765477 7.340793545587076 8.248188399986248 9.297780010645511 10.40794415185519 11.64353553986257 12.96607771380513 14.32357505254549 15.81619981287076 17.35297383180296 18.86965840900666 20.38711890403647 21.82329886299704 23.14658264736136 24.37760632696882 25.26941910262394 25.9095696922243 26.23199114424642 26.17814249985895 25.64891121235996 24.74839382521895 23.29016214744115 21.38128266624699 19.33002781515825 17.55449939708706 16.00697978022799 14.51870988973951 13.2947279243308 12.15502962164828 11.06198597225011 10.15802935248576 9.285626077660709 8.462189283811313 7.816086721531974 7.201628237646219 6.655004061271029 6.120620281351876 5.732026938874696 5.349336380524619 4.964977633997478 4.652094332202978 4.343091208545957 4.107086893578526 3.902661392735354 3.727152228937484 3.513590716111139 3.404326858828426 3.295755088427541 3.199588823983504 3.022398862347472 2.990221523679793 2.889480268502666 2.867687023703184 2.804896416477277 2.743403347627464 2.654427642919472 2.572739555958833 2.500246045477979 2.40957006962708 2.434753236359029 2.372370773162402 2.369341693103706 2.395397163843882 2.398083117310307 2.359615829896939 2.366895952633058 2.411116178980592 2.392913884657901 2.424585898028454 2.457744890449248 2.432449624575383 2.343414522355488 2.348188152815055 2.352152301275055 2.359315554993373 2.395866917198873 2.429187914218346 2.40001510619004 2.436990702673938 2.402920004849875 2.395970568450139 2.39095743064172 2.415496495663319 2.375979242351605 2.366024725874013 2.29647376183857 2.298287983947375 2.256092519077356 2.186025219656585 2.19006877575157 2.178026215584396 2.247836828759318 2.197196862187411 2.203073840704747 2.1580603476541 2.145269351283787 2.207763130132662 2.224456115116482 2.221812447637149 2.276252787818521 2.31103180959326 2.289691820515145 2.30844189185882 2.232889987360977 2.302665585259092 2.313194304009812 2.305264241127588 2.32847785775084 2.330913748926832 2.295705281681876 2.273414216171659 2.332331650541164 2.291257197517552 2.228134812357894 2.273738050182146 2.255831169932208 2.219537235794633 2.292966140441422 2.262726169676171 2.277083117237453 2.329266874479799 2.305676991873042 2.308881155935524 2.333792272023857 2.354986531092436 2.28442145606823 2.244368051411584 2.268574216494017 2.315479638040415 2.334096878326818 2.275097317316977 2.294697916200676 2.321246612089453 2.309229636397504 2.277826846693642 2.286365168405609 2.354507201911474 2.342984068476653 2.329045336049603 2.323516936361557 2.330204140187561 2.361216763991251 2.355030911894573 2.347942794644041 2.37842514408112 2.361217165453127 2.352421250863699 2.366152269903978 2.347030274442659 2.296954533811913 2.254590693144564 2.230116481332516 2.224581402992044 2.200051917203382 2.216431567812833 2.22604332881383 2.199534457547998 2.183815307387704 2.233215800813923 2.270282209401557 2.1978453626798 2.206791015261842 2.239865320527315 2.189322178368457 2.173293752399331 2.154796728114889 2.181530678390118 2.195986297119816 2.193414929326536 2.187841624207067 2.233302571643435 2.254773264779942 2.261911954847164 2.306053532454825 2.223456085746875 2.243635978737075 2.234423777743359 2.211577285375824 2.217066440409326 2.277048603998992 2.270556558445605 2.268854080837627 2.268182332974902 2.324073119747482 2.273656238376134 2.253698051776155 2.215501098595269 2.231946751904616 2.231445538393018 2.216190666833427 2.269265381313744 2.319873234129773 2.312794518777082 2.297028628825501 2.30007767798088 2.264105045852375 2.315828088383569 2.322660433990677 2.296959157625679 2.31828771369328 2.332215825772437 2.329078464608756 2.304710332031391 2.329325385137054 2.313196783783496 2.361864825023076 2.347624111815094 2.293506128874469 2.292430471788975 2.327270051126106 2.305322802749288 2.23187172195685 2.23400964213215 2.242588073113438 2.22618457358476 2.248494747156656 2.322343646315858 2.318836611426377 2.341815548054001 2.311696244018094 2.254588777708705 2.256620454034419 2.290565318638983 2.256550421094289 2.279982043975906 2.23420188046839 2.253736208247574 2.210920030087436 2.199504318818072 2.230169131342336 2.202777042446542 2.233922100756899 2.267922072220244 2.276567917095235 2.243372204586194 2.245615384912526 2.218213314692548 2.219664384079806 2.199606376496376 2.184605894562992 2.192283498985489 2.196772233039155 2.201978591570878 2.17950203863802 2.164744785583025 2.186443449954822 2.17300372005775 2.165072498661175 2.148720175493509 2.136981979521806 2.179332384315785 2.230725170054939 2.246702599393757 2.226552877278664 2.28553419189484 2.316424300077415 2.274081166648102 2.304617913629045 2.29279605402553 2.292380139877423 2.29481446439604 2.35400897810905 2.402823820095364 2.376137166953413 2.366009668527113 2.380495892417457 2.362612946659283 2.345161058670783 2.376809186964238 2.341859249321715 2.365063995108358 2.332310616699033 2.284778558074322 2.282740967995778 2.27037160081818 2.263219073331129 2.228959401680186 2.205481711087486 2.194688854604465 2.222283693172358 2.230894531894592 2.239657962243655 2.257817628145858 2.28092776435733 2.267953741320525 2.274445467470287 2.28088482754174 2.310430466670368 2.31577479571024 2.329352293490956 2.358399860779173 2.27511749173209 2.277051604149165 2.311381412619085 2.298968798659189 2.233242498907202 2.291788080399783 2.344834338859073 2.322633510208107 2.341706876119133 2.316460500469475 2.317004133943556 2.313169917353662 2.320864773134417 2.27516787255081 2.256953594989682 2.256194008266903 2.361363700074435 2.472316854295059 2.612276678541093 2.761674371962727 2.941842695778178 3.175910043319163 3.493742517501232 3.848396143726859 4.332344887814543 4.803665474173613 5.342265786315693 6.043013713540859 6.933794475873583 7.886180920500919 9.081823888975123 10.34683008952925 11.69184052027776 13.0176601449748 14.41325813959884 15.70579672002896 16.81524795112273 18.00017513647072 19.26289998822176 20.49063971522264 21.67843518147311 22.75132977275643 23.85611121827242 24.95899302300677 26.03977516276427 27.12117850127106 28.0349231743603 28.99306880246877 29.96516396781226 30.98290925403126 32.02439726589728 33.00699286803138 33.9905343614555 34.94915725839019 35.83469909701307 36.77818631363698 37.66504475202964 38.51397530495888 39.45598916569725 40.36242931002562 41.2331428787802 42.2138957882562 43.18650335510029 42.74973356146074 41.71958301452469 40.8297969813284 39.81484462877415 38.89549139232258 37.85364768053114 36.71573299814554 35.48434268215351 34.15127115876385 32.87968934737364 31.59047651370929 30.20048467108063 28.56700514618569 26.82897791882351 24.76942458684061 22.4572253839724 20.48008020663474 18.65501924667478 17.06791632605564 15.59995427583999 14.22926532860401 13.04421959437605 11.96911770894803 10.98521719328346 10.14027227952465 9.395075372089195 8.670214556404972 8.029347726409469 7.458257572852744 