# Created by Octave 3.8.2, Wed Jul 05 13:44:46 2017 BST <co1ssj@node117>
# name: result
# type: scalar struct
# ndims: 2
 1 1
# length: 3
# name: params
# type: scalar struct
# ndims: 2
 1 1
# length: 18
# name: cleanup
# type: scalar
0


# name: num_runs
# type: scalar
6


# name: dopamine
# type: scalar
0.7


# name: targetCross
# type: scalar
1


# name: targetLuminance
# type: scalar
0.3


# name: targetWidthX
# type: scalar
6


# name: targetWidthY
# type: scalar
2


# name: fixCross
# type: scalar
1


# name: fixLuminance
# type: scalar
0.2


# name: fixWidthX
# type: scalar
6


# name: fixWidthY
# type: scalar
2


# name: fixOn
# type: scalar
0


# name: targetOff
# type: scalar
1


# name: targetOn
# type: scalar
0.2


# name: fixOff
# type: scalar
0.2


# name: targetThetaX
# type: scalar
0


# name: targetThetaY
# type: scalar
-12


# name: exptnum
# type: scalar
0




# name: r_0_m12_G0_L0p3_D0p7_scsum
# type: matrix
# rows: 6
# columns: 600
 2.303553338169877 5.857301200521761 5.658166026936669 5.486593508401711 5.313911764562363 5.160970088556496 5.181484170163458 5.281219428441545 5.506458247662522 5.908848681458039 6.522742563516658 7.285754611233642 8.209733792071347 9.153045795759681 10.29813024352916 11.52821037504327 12.8754951464216 14.32414913945104 15.84825873267255 17.33378460093809 18.92078963949461 20.50687760951405 21.93743393122713 23.3353067931821 24.49412275115355 25.4229788224402 26.03722362839835 26.3635442334562 26.27752012814017 25.72029115680925 24.72292412993193 23.26914683292853 21.34449898155663 19.32324446723214 17.47233792999577 15.89678460824507 14.46163619187428 13.15622484466439 12.00721645933845 10.89423951905337 9.957786780922106 9.079060706706514 8.242120501625323 7.533535009388288 6.918392922427302 6.411556250723152 5.937974081731227 5.547103768625675 5.15338314222754 4.863708761495218 4.642597551412109 4.315885442389117 4.037031411774478 3.839903517306084 3.545085572073731 3.370982395030296 3.214955294897663 3.127126592435161 2.980682645575143 2.870548909784702 2.801943594757176 2.73064580647042 2.73304359557369 2.658764355959647 2.624766224453197 2.619715556385927 2.596186748854961 2.475048728996626 2.389161633473122 2.392617892444832 2.342443879890197 2.287894104440056 2.209448976063868 2.16948680501082 2.207777204468584 2.246340805781074 2.160616578559711 2.201067217178206 2.183240323227437 2.200371014332632 2.227286396326235 2.214131848413672 2.211991314426996 2.242435542531894 2.310775353806093 2.295066307626257 2.239731496112654 2.239182903394976 2.226408076894586 2.247929019413277 2.268368363677382 2.249050910890219 2.214945750303741 2.196161029318318 2.189022097143607 2.204550663729606 2.194057279155459 2.191133281407019 2.181754042179818 2.193592004154198 2.197856494887674 2.264091296041443 2.268359991328907 2.261650980715785 2.272735438549716 2.245762509868655 2.269237717966462 2.307243671028118 2.317793050689943 2.280355544215126 2.309228834419628 2.321060651494918 2.315565709229304 2.331047905718151 2.336141141153348 2.347885989558563 2.333735851745587 2.320344799529266 2.340455054185441 2.354439012080547 2.389702917189425 2.370802396733779 2.358680686171283 2.392578408512236 2.448428837999018 2.403686944278888 2.411602012798539 2.355114791105734 2.335935252900526 2.283288290898781 2.23856131496359 2.224648198178329 2.226663518442365 2.201095575401268 2.257063461845974 2.232827332481975 2.28229831520548 2.273916950340208 2.276520978033659 2.285638036100863 2.287695486997109 2.325819730300282 2.399321608463652 2.422020221765706 2.379379354126286 2.357402922032634 2.364445270766737 2.364307593637932 2.370786856328778 2.403194261605677 2.408453399661084 2.407690381536668 2.413107182695967 2.341521950591414 2.255095421402075 2.244515992497327 2.24663999544282 2.232485345666646 2.203742090685409 2.244921470119152 2.222185188838921 2.217708767755539 2.18699239470152 2.236544138613681 2.209582759216573 2.243065985028807 2.250489997783006 2.260986241300998 2.22091375207674 2.274988752804347 2.312457272921165 2.352840738158193 2.3659228109791 2.296923121446525 2.255825344320328 2.194116595594096 2.143377345571935 2.15342822249022 2.17030290816183 2.170265100230608 2.215485503747914 2.230302842557649 2.233299867300957 2.225445419928292 2.293009150795115 2.230884378401242 2.214142839875421 2.2617235145226 2.267337863715511 2.33993310814185 2.308075845587155 2.377307941360414 2.39603595436347 2.40887879746515 2.422345718354336 2.437292337388499 2.374560092357569 2.367008316912688 2.364531500410521 2.340788059825627 2.338031439481711 2.387182440164906 2.391729265134927 2.427860363543004 2.395408284726727 2.476609084798838 2.54428550106968 2.521212448278675 2.487130181783868 2.439715655724285 2.436776709531841 2.443442863710516 2.434965274402202 2.495239188567211 2.457611124804316 2.391861160213011 2.405691418716742 2.407995680114254 2.372209492490583 2.369841240579262 2.406842763884924 2.437098940808937 2.381776590424124 2.306965754829434 2.348343847115757 2.350528978642615 2.358301057305653 2.415142552199541 2.425162620809715 2.396056364210381 2.394706898921868 2.343891363281728 2.33389115076352 2.28572381117192 2.231262360597611 2.273968063360371 2.257115796277503 2.281307226330682 2.295617602303537 2.303107172940145 2.285983232795843 2.353900398935366 2.368312602164224 2.343962327100598 2.327826862368966 2.327820031969168 2.348248698050156 2.369419128350273 2.338200489481096 2.333487453732232 2.312289519681144 2.329112054241705 2.268692404360991 2.30577222838474 2.27111219168728 2.303348005356384 2.293333771558537 2.252959570520034 2.300520812848845 2.271361082006479 2.239020331708161 2.253093582334259 2.326004456066585 2.338530072454887 2.328808541940816 2.268456491057805 2.242012155147677 2.282402522079792 2.290232312610897 2.287938694829791 2.318506485135003 2.309031056749518 2.310703904126967 2.335490550760369 2.315213679488807 2.343672915030766 2.321224827839615 2.380800158447528 2.302993728393631 2.330829328682739 2.299981885571469 2.272865841041494 2.287815876308741 2.296183081556592 2.275469474174315 2.26884792054625 2.246695109774009 2.249530542401772 2.226659930018286 2.236063449967332 2.206160076728338 2.247630909478175 2.271448069430335 2.261186417817953 2.235908589296741 2.250654862909869 2.234517990003951 2.219892008692113 2.240562560928083 2.23648374077311 2.247955054190243 2.251127045798057 2.23712456071371 2.244110147403262 2.260435731608595 2.324889028724101 2.308975845910027 2.382293745688003 2.413167700513441 2.475234006891696 2.625856181886775 2.753633347481809 2.928074756477145 3.225421397975879 3.535199194418965 3.977402365286252 4.563806069854763 5.255966038192128 5.981339732476044 6.950997452142474 7.991412147726805 9.206245938687061 10.62947921118939 12.04798792474321 13.4366410132061 14.84503680521811 16.12063237759139 17.39238393671621 18.61972336839972 19.89473166622338 21.11200330378779 22.31188587885117 23.40071142202578 24.62943487309167 25.94976733600379 27.29539507612208 28.39479941894388 29.52409305817855 30.54987239147522 31.56306517587655 32.55052052929386 33.42022028390784 34.39554405708623 35.275023228387 36.17356336124794 37.14724890324578 38.18461600050432 39.33380290430068 40.36538460596785 41.41623154304762 42.59525078450679 43.71067456695164 44.80117513737423 45.86236639533308 47.00748933183786 47.97094766319606 47.92389670274861 46.90546035411171 45.61077212258533 44.43022039251628 43.20232457598468 42.02619476168184 40.66732237677934 39.46324612422541 38.36260008683712 37.19426557441693 35.96199348411392 34.58947911451105 32.89000775582826 31.14646438158525 29.11347133413074 26.51980319369159 24.1094609330903 21.90826660592575 19.99413579993416 18.18965826917338 16.56860983684601 15.12476996909754 13.83793866096039 12.68719724474067 11.65466845070478 10.70697773758002 9.872582393621997 9.154742176375294 8.405370476859389 7.861506119381374 7.280161893068907 6.776535153359873 6.313164673030769 5.853649247095746 5.497325444464877 5.143491154285584 