# Created by Octave 3.8.2, Fri Oct 09 10:10:15 2015 BST <pc1ssj@node117>
# name: fixation_off
# type: matrix
# rows: 1
# columns: 15
 0.5 0.45 0.4 0.35 0.3 0.26 0.22 0.2 0.2 0.2 0.2 0.2 0.2 0.2 0.2


# name: target_on
# type: matrix
# rows: 1
# columns: 15
 0.15 0.15 0.15 0.15 0.15 0.15 0.15 0.17 0.2 0.25 0.29 0.31 0.35 0.39 0.5


# name: gap
# type: matrix
# rows: 1
# columns: 15
 -0.35 -0.3 -0.25 -0.2 -0.15 -0.11 -0.07000000000000001 -0.03 0 0.04999999999999999 0.08999999999999997 0.11 0.15 0.19 0.3


# name: lat_mean
# type: matrix
# rows: 1
# columns: 15
 204.75 209.75 203.875 205.5 201.125 195.375 162.75 130.125 111.625 95.75 83.5 78.875 77.5 77.875 76.75


# name: lat_sd
# type: matrix
# rows: 1
# columns: 15
 3.91881906409863 7.685793945418298 3.399054490379851 4.503966505838413 6.468329437674439 3.543101950067402 0.7071067811865476 0.3535533905932738 0.5175491695067657 0.4629100498862757 1.195228609334394 2.416461403433896 1.927248223318863 1.552647508520297 3.770183777256185


# name: params
# type: scalar struct
# ndims: 2
 1 1
# length: 18
# name: targetThetaY
# type: scalar
-12


# name: targetThetaX
# type: scalar
0


# name: num_par_runs
# type: scalar
8


# name: dopamine
# type: scalar
0.3


# name: targetCross
# type: scalar
0


# name: targetLuminance
# type: scalar
2


# name: targetWidthX
# type: scalar
4


# name: targetWidthY
# type: scalar
4


# name: fixCross
# type: scalar
0


# name: fixLuminance
# type: scalar
0.2


# name: fixWidthX
# type: scalar
2


# name: fixWidthY
# type: scalar
2


# name: fixOn
# type: scalar
0


# name: targetOff
# type: scalar
1


# name: use_insigneo
# type: scalar
1


# name: cleanup
# type: scalar
1


# name: fixOff
# type: scalar
0.2


# name: targetOn
# type: scalar
0.5




