# Created by Octave 3.8.2, Mon Oct 12 09:28:26 2015 BST <pc1ssj@node117>
# name: lums
# type: matrix
# rows: 6
# columns: 1
 4
 3
 2
 1.8
 1.5
 1


# name: gap
# type: matrix
# rows: 1
# columns: 15
 -0.35 -0.3 -0.25 -0.2 -0.15 -0.11 -0.07000000000000001 -0.03 0 0.04999999999999999 0.08999999999999997 0.11 0.15 0.19 0.3


# name: lat_means
# type: matrix
# rows: 6
# columns: 15
 164 162.25 164.625 166.625 163.875 165.625 155.875 125.75 107 90 73.125 69.375 67.375 67.625 67.875
 171.375 176.375 175.125 176.375 174.375 174.375 159.125 127 108.75 91.875 75.5 73.625 70.625 70.375 70.625
 204.75 209.75 203.875 205.5 201.125 195.375 162.75 130.125 111.625 95.75 83.5 78.875 77.5 77.875 76.75
 219.625 220.125 221.875 225.25 219.25 198.5 164 131 112.625 97.75 86.625 82.875 81 82.625 79.75
 280.75 293.5 282.75 271.625 238.375 201.75 165.75 132.25 114 100.625 91.875 88.625 87 88.125 88.125
 443.5 393.25 343 293.375 243.875 205.75 169 136 119.125 106.25 102.375 102 101 101.25 101.375


# name: lat_sds
# type: matrix
# rows: 6
# columns: 15
 2.267786838055363 2.375469878330842 3.739270364274675 3.204349722308279 1.959409532049315 3.814914340921881 1.552647508520297 0.4629100498862757 0 0.5345224838248488 0.3535533905932738 1.302470180629319 2.326094212561969 1.685018016012207 1.125991626459603
 1.505940617307715 6.501373481262029 2.03100960115899 3.925648263117098 3.77728171346236 5.040904113917888 0.6408699444616557 0 0.4629100498862757 0.6408699444616557 1.309307341415954 1.922609833384967 1.302470180629319 1.407885953173359 0.7440238091428449
 3.91881906409863 7.685793945418298 3.399054490379851 4.503966505838413 6.468329437674439 3.543101950067402 0.7071067811865476 0.3535533905932738 0.5175491695067657 0.4629100498862757 1.195228609334394 2.416461403433896 1.927248223318863 1.552647508520297 3.770183777256185
 14.15160263513844 13.92261777519895 11.72832347049532 15.04991694329241 10.33371735077529 1.309307341415954 0 0.5345224838248488 0.5175491695067657 0.4629100498862757 2.065879266282796 3.522884370187913 1.195228609334394 2.875388172552906 1.98206241793023
 48.54379466007988 64.31618325562727 25.43759871865716 18.33760772682351 1.597989808656935 0.7071067811865476 0.4629100498862757 0.4629100498862757 0 0.5175491695067657 1.457737973711325 2.924648941081891 2.138089935299395 0.6408699444616557 2.16712449375401
 0.5345224838248488 0.7071067811865476 0.7559289460184544 0.7440238091428449 0.6408699444616557 0.4629100498862757 0 0 0.3535533905932738 0.4629100498862757 0.7440238091428449 0.7559289460184544 0.9258200997725514 1.281739888923311 0.7440238091428449


