# Created by Octave 3.8.2, Fri May 26 12:53:34 2017 BST <co1ssj@node117>
# name: result
# type: scalar struct
# ndims: 2
 1 1
# length: 1
# name: r_m15_0_G0_L1_D0p7
# type: matrix
# rows: 1
# columns: 14
 -15 0 0.5 0 1 -14.028275 2.611225833333334 0.9878632499999999 0.05833115688580506 0.1938680281887344 0.009906876538546366 147.6666666666667 0.4923659639173309 0.7




