# Created by Octave 3.8.2, Wed May 24 11:18:42 2017 BST <co1ssj@node117>
# name: result
# type: scalar struct
# ndims: 2
 1 1
# length: 1
# name: r_m11_0_1
# type: matrix
# rows: 1
# columns: 12
 -11 0 0.5 1 -9.374102499999999 1.22153 0.6784840833333333 0.2418459280813828 0.1073613151931365 0.01151488924241789 139.25 0.4522670168666454




