# Created by Octave 3.8.2, Fri May 26 12:53:35 2017 BST <co1ssj@node117>
# name: result
# type: scalar struct
# ndims: 2
 1 1
# length: 1
# name: r_m14_0_G0_L1_D0p7
# type: matrix
# rows: 1
# columns: 14
 -14 0 0.5 0 1 -13.05851666666667 1.915765833333333 0.97175125 0.08305395654012955 0.1694834799918609 0.009608114431657124 147.0833333333333 0.5149286505444371 0.7




