# Created by Octave 3.8.2, Mon May 22 14:48:12 2017 BST <co1ssj@node117>
# name: result
# type: scalar struct
# ndims: 2
 1 1
# length: 1
# name: r_m13_0_1
# type: matrix
# rows: 1
# columns: 7
 -13 -12.97708 1.515197 0.8589715999999999 0.08134690870313134 0.1336605464974612 0.01180437111318421




