# Created by Octave 3.8.2, Wed May 24 11:06:23 2017 BST <co1ssj@node117>
# name: result
# type: scalar struct
# ndims: 2
 1 1
# length: 1
# name: r_m13_0_1
# type: matrix
# rows: 1
# columns: 12
 -13 0 0.5 1 -12.50610166666667 1.292105 0.8355801666666666 1.063804920614791 0.1669557447893956 0.04844117825650806 139.8333333333333 0.3892494720807615




