# Created by Octave 3.8.2, Mon May 22 14:47:47 2017 BST <co1ssj@node117>
# name: result
# type: scalar struct
# ndims: 2
 1 1
# length: 1
# name: r_m10_0_1
# type: matrix
# rows: 1
# columns: 7
 -10 -8.574509166666665 0.8956494166666668 0.4768230833333333 0.5348037990355702 0.1247084139805245 0.02130931297240858




