# Created by Octave 3.8.2, Mon May 22 14:48:06 2017 BST <co1ssj@node117>
# name: result
# type: scalar struct
# ndims: 2
 1 1
# length: 1
# name: r_m15_0_1
# type: matrix
# rows: 1
# columns: 7
 -15 -14.11673333333333 2.63823 0.9732098333333333 0.09255012728573658 0.1591459605062427 0.01298845599917189




