# Created by Octave 3.8.2, Fri May 26 12:53:36 2017 BST <co1ssj@node117>
# name: result
# type: scalar struct
# ndims: 2
 1 1
# length: 1
# name: r_m13_0_G0_L1_D0p7
# type: matrix
# rows: 1
# columns: 14
 -13 0 0.5 0 1 -12.8098 1.44529 0.86365675 0.09478991123915698 0.1791459585213841 0.01966895403294237 139.3333333333333 0.6513389472789296 0.7




