# Created by Octave 3.8.2, Fri May 26 12:53:28 2017 BST <co1ssj@node117>
# name: result
# type: scalar struct
# ndims: 2
 1 1
# length: 1
# name: r_m12_0_G0_L1_D0p7
# type: matrix
# rows: 1
# columns: 14
 -12 0 0.5 0 1 -11.35531666666667 1.591919166666667 0.8732002500000001 0.2957865994669848 0.1421509738692271 0.009967372455120308 136.9166666666667 0.2886751345948129 0.7




