# Created by Octave 3.8.2, Wed May 24 10:42:15 2017 BST <co1ssj@node117>
# name: result
# type: scalar struct
# ndims: 2
 1 1
# length: 1
# name: r_m10_0_1
# type: matrix
# rows: 1
# columns: 12
 -10 0 0.5 1 -8.324884166666667 0.8924745000000001 0.47176325 0.8927415854694543 0.1102614498408215 0.03361060851502097 136.3333333333333 0.4923659639173309




