# Created by Octave 3.8.2, Wed May 24 10:42:26 2017 BST <co1ssj@node117>
# name: result
# type: scalar struct
# ndims: 2
 1 1
# length: 1
# name: r_m15_0_1
# type: matrix
# rows: 1
# columns: 12
 -15 0 0.5 1 -14.03801666666666 2.571586666666667 0.9885212499999999 0.08255980568746235 0.2116257771003649 0.01110592141095746 147.6666666666667 0.8876253645985944




