# Created by Octave 3.8.2, Mon May 22 14:48:49 2017 BST <co1ssj@node117>
# name: result
# type: scalar struct
# ndims: 2
 1 1
# length: 1
# name: r_m11_0_1
# type: matrix
# rows: 1
# columns: 7
 -11 -9.704599166666668 1.291973333333333 0.6896735833333333 0.1807844845242454 0.08703657614979338 0.009454409769167685




