# Created by Octave 3.8.2, Wed May 24 10:42:14 2017 BST <co1ssj@node117>
# name: result
# type: scalar struct
# ndims: 2
 1 1
# length: 1
# name: r_m12_0_1
# type: matrix
# rows: 1
# columns: 12
 -12 0 0.5 1 -11.30046666666667 1.559211666666666 0.87615725 0.2242464201937169 0.1114694043496268 0.009239197614954564 136.8333333333333 0.3892494720807615




