# Created by Octave 3.8.2, Wed May 24 11:09:35 2017 BST <co1ssj@node117>
# name: result
# type: scalar struct
# ndims: 2
 1 1
# length: 1
# name: r_m14_0_1
# type: matrix
# rows: 1
# columns: 12
 -14 0 0.5 1 -13.1098 1.832268333333333 0.9647495 0.09334794149748656 0.1454096327829096 0.01151013699073362 146.75 0.4522670168666454




