# Created by Octave 3.8.2, Fri May 26 12:53:31 2017 BST <co1ssj@node117>
# name: result
# type: scalar struct
# ndims: 2
 1 1
# length: 1
# name: r_m10_0_G0_L1_D0p7
# type: matrix
# rows: 1
# columns: 14
 -10 0 0.5 0 1 -8.394928333333334 0.8649585833333333 0.4712364166666667 0.7680100259624141 0.09534374575994946 0.02703341914088874 136.5 0.674199862463242 0.7




