# Created by Octave 3.8.2, Fri May 26 12:53:34 2017 BST <co1ssj@node117>
# name: result
# type: scalar struct
# ndims: 2
 1 1
# length: 1
# name: r_m11_0_G0_L1_D0p7
# type: matrix
# rows: 1
# columns: 14
 -11 0 0.5 0 1 -9.4951525 1.2757625 0.6848168333333334 0.1449692474050337 0.08568002590240251 0.007272490942940506 139.1666666666667 0.3892494720807615 0.7




