# Created by Octave 3.8.2, Mon May 22 14:47:57 2017 BST <co1ssj@node117>
# name: result
# type: scalar struct
# ndims: 2
 1 1
# length: 1
# name: r_m14_0_1
# type: matrix
# rows: 1
# columns: 7
 -14 -13.1652 1.917095555555556 0.9605446666666667 0.09603944502130378 0.1770149336292783 0.01013021220162735




