# Created by Octave 3.8.2, Mon May 22 14:48:12 2017 BST <co1ssj@node117>
# name: result
# type: scalar struct
# ndims: 2
 1 1
# length: 1
# name: r_m7_0_1
# type: matrix
# rows: 1
# columns: 7
 -7 -5.166311818181819 0.4535591818181819 0.3230928181818182 0.1351796887715149 0.0412963809935403 0.01699852236412437




