# Created by Octave 3.8.2, Wed May 24 10:52:49 2017 BST <co1ssj@node117>
# name: result
# type: scalar struct
# ndims: 2
 1 1
# length: 1
# name: r_m7_0_1
# type: matrix
# rows: 1
# columns: 12
 -7 0 0.5 1 -5.107153333333334 0.452564 0.3257038333333334 0.09129581503236747 0.02481382712045113 0.002595704908054264 135.0833333333333 0.2886751345948129




