# Created by Octave 3.8.2, Fri May 26 12:53:34 2017 BST <co1ssj@node117>
# name: result
# type: scalar struct
# ndims: 2
 1 1
# length: 1
# name: r_m7_0_G0_L1_D0p7
# type: matrix
# rows: 1
# columns: 14
 -7 0 0.5 0 1 -5.063636666666667 0.4458273333333334 0.32295625 0.3341658373359317 0.03041861795418103 0.01525916265500234 135 0.4264014327112209 0.7




