# Created by Octave 3.8.2, Wed May 24 11:02:14 2017 BST <co1ssj@node117>
# name: result
# type: scalar struct
# ndims: 2
 1 1
# length: 1
# name: r_m8_0_1
# type: matrix
# rows: 1
# columns: 12
 -8 0 0.5 1 -6.168663333333335 0.6217568333333332 0.3155130833333333 0.8336702061185208 0.05021939487494906 0.02260337192246218 133.4166666666667 0.5149286505444371




