# Created by Octave 3.8.2, Fri May 26 12:53:34 2017 BST <co1ssj@node117>
# name: result
# type: scalar struct
# ndims: 2
 1 1
# length: 1
# name: r_m8_0_G0_L1_D0p7
# type: matrix
# rows: 1
# columns: 14
 -8 0 0.5 0 1 -5.931472499999999 0.5961369166666666 0.3106589166666667 0.7490686015570511 0.03773021512951785 0.01832209235500005 133.5 0.5222329678670935 0.7




