# Created by Octave 3.8.2, Mon May 22 14:48:05 2017 BST <co1ssj@node117>
# name: result
# type: scalar struct
# ndims: 2
 1 1
# length: 1
# name: r_m8_0_1
# type: matrix
# rows: 1
# columns: 7
 -8 -6.409291666666665 0.5724006666666667 0.3183388333333333 0.4203768498581562 0.05455032936166991 0.0131347413437291




