# Created by Octave 3.8.2, Wed May 24 10:43:15 2017 BST <co1ssj@node117>
# name: result
# type: scalar struct
# ndims: 2
 1 1
# length: 1
# name: r_m9_0_1
# type: matrix
# rows: 1
# columns: 12
 -9 0 0.5 1 -6.354810000000001 0.6821269166666667 0.3528378333333334 0.1319360590313629 0.01231641412143184 0.004784306539155492 134.0833333333333 0.5149286505444371




