# Created by Octave 3.8.2, Mon May 22 14:48:09 2017 BST <co1ssj@node117>
# name: result
# type: scalar struct
# ndims: 2
 1 1
# length: 1
# name: r_m9_0_1
# type: matrix
# rows: 1
# columns: 7
 -9 -7.041912222222224 0.6331974444444444 0.3604922222222222 0.06053229587950923 0.01359784431547066 0.002607892145861177




