# Created by Octave 3.8.2, Fri May 26 12:53:33 2017 BST <co1ssj@node117>
# name: result
# type: scalar struct
# ndims: 2
 1 1
# length: 1
# name: r_m9_0_G0_L1_D0p7
# type: matrix
# rows: 1
# columns: 14
 -9 0 0.5 0 1 -6.251847499999999 0.6912377500000001 0.3489386666666667 0.08496238099353683 0.01534666776460846 0.003276143556998164 134 0 0.7




