# Created by Octave 3.8.2, Wed Jul 05 16:42:12 2017 BST <co1ssj@node117>
# name: result
# type: scalar struct
# ndims: 2
 1 1
# length: 3
# name: params
# type: scalar struct
# ndims: 2
 1 1
# length: 18
# name: cleanup
# type: scalar
0


# name: num_runs
# type: scalar
6


# name: dopamine
# type: scalar
0.7


# name: targetCross
# type: scalar
1


# name: targetLuminance
# type: scalar
0.3


# name: targetWidthX
# type: scalar
6


# name: targetWidthY
# type: scalar
2


# name: fixCross
# type: scalar
1


# name: fixLuminance
# type: scalar
0.2


# name: fixWidthX
# type: scalar
6


# name: fixWidthY
# type: scalar
2


# name: fixOn
# type: scalar
0


# name: targetOff
# type: scalar
1


# name: targetOn
# type: scalar
0.2


# name: fixOff
# type: scalar
0.2


# name: targetThetaX
# type: scalar
0


# name: targetThetaY
# type: scalar
-8


# name: exptnum
# type: scalar
0




# name: r_0_m8_G0_L0p3_D0p7_scsum
# type: matrix
# rows: 6
# columns: 600
 2.267994792327954 7.373894696342177 6.971279084064008 6.554688417247235 6.228396899590734 6.138033110219112 6.003919663504348 6.02046207737294 6.180072646198823 6.48846986674107 6.913580837986956 7.555878190516523 8.377276744322444 9.246890844406153 10.23392480394978 11.39431457636238 12.52210296839621 13.81880801772786 15.12291241156709 16.31657483359504 17.49863944714525 18.47341969662375 19.29143568966538 19.6666764892434 19.45316703021672 18.61769263153838 17.0042042806017 15.47300227165397 14.05087828173419 12.74893703387352 11.67255248516449 10.67615516379738 9.790186703539803 9.022117997039459 8.257136491614801 7.635639255189744 7.063920168475306 6.538250102978054 6.076176729395229 5.642599562816031 5.267516668973258 4.885094939658302 4.548030667425337 4.25238140901638 4.026210278931103 3.821431581354773 3.611609493453216 3.423571739978797 3.344787946396536 3.20384080806798 3.072878079194197 2.992061203043704 2.857789305744518 2.766508740776771 2.703771475153189 2.567329245932342 2.543329984502634 2.497283632947074 2.503373595798621 2.35834654591963 2.325043754412036 2.347698631958338 2.32632667629332 2.340854771371596 2.372493066963216 2.365276737775275 2.306515602351283 2.371067781146849 2.387085778918845 2.315622952479316 2.286219926652848 2.288411955305492 2.312944004965175 2.275986353219196 2.306621090807312 2.335030338243087 2.32916633818968 2.26554471214331 2.314272525902197 2.309053319102532 2.30063587064069 2.26322424117825 2.297379147712491 2.360629580594832 2.340207244600606 2.349029731973133 2.327624407422263 2.274170550303097 2.268836470175302 2.351965306432248 2.342964077688521 2.309051678847027 2.323070688420557 2.300599419511855 2.289180829648103 2.275370753143761 2.252309096234967 2.220852220627421 2.230295333672984 2.261431546554377 2.267652425769484 2.306402498979878 2.342661015705744 2.326084552158136 2.313270032813307 2.263507070892956 2.254923835324007 2.265770917630562 2.267800916146371 2.27239271185681 2.251748821079673 2.24169195070499 2.257129955352866 2.25965510399692 2.287716472710599 2.275871421621559 2.287351442028012 2.289446711074561 2.237044708879694 2.211475303589395 2.209608267457952 2.23252151340057 2.259958456277673 2.286557544430252 2.237111922113399 2.198861079756171 2.188619202019254 2.177797000968894 2.181981991372595 2.131192910728714 2.124378650663857 2.152475287848574 2.229575516197656 2.206236625264864 2.194327589997556 2.176977683146106 2.138887329660065 2.122488738074026 2.181543077387687 2.277347673185432 2.259424744413991 2.262317634171268 2.334113327771774 2.283435340272263 2.259614900642191 2.257649193967154 2.225842846948581 2.213597362431756 2.217681416084815 2.219883399709943 2.237753198353857 2.2714944770496 2.309847811680811 2.328563014760221 2.322303631430259 2.291423034275795 2.259440770834772 2.218563643487869 2.260446202573803 2.260738386277808 2.261508007082739 2.295685651075473 2.279030087331193 2.26817380571083 2.28848988898244 2.317961808115797 2.279965850895678 2.241071686814394 2.317407764232485 2.310244280810366 2.356350628590008 2.319860061938925 2.314181998597633 2.325415901446831 2.277660344589094 2.279664688827324 2.304475138822454 2.315711795239622 2.284778879424266 2.250417383784225 2.216548773762042 2.245736549288267 2.285198485298679 2.311394395699608 2.333423797485011 2.307416503135755 2.298910496527242 2.29165735738934 2.296748327151363 2.312364206336497 2.250419328443968 2.237672708317405 2.245779248463805 2.294160852397908 2.291978617543464 2.255804866494145 2.332306020231044 2.33456815090176 2.280469377381451 2.273087798435881 2.317929086300865 2.360979806377145 2.355840682921553 2.302210851408745 2.347410933034553 2.362898808161844 2.422325704825198 2.480151052099245 2.453128153156285 2.45014948539756 2.380887835752219 2.429050066792115 2.447222828239319 2.363166983835981 2.394383727208378 2.350091179889205 2.34026349146734 2.335010137740028 2.320884584140003 2.303956594310876 2.32099212682806 2.290421188259643 2.263048915534455 2.293780395546491 2.247935614417656 2.268447408798238 2.222136920347111 2.247451354276564 2.278486562514445 2.231524641782016 2.226515426818878 2.278293992712861 2.341067564117111 2.350927757288446 2.304451278578199 2.276467612478882 2.271429758891827 2.260721217251557 2.284878168888099 2.332452984985139 2.270252938025806 2.268730169598712 2.306160994296079 2.328666664587217 2.2842222195668 2.292921490003209 2.307851157718687 2.311053802433889 2.259539398088236 2.265905258298517 2.204629591600678 2.184970114656608 2.186324992588197 2.209715203342057 2.201520043250639 2.205649867009924 2.214271261706017 2.209617941130091 2.16689967363709 2.179808927510749 2.161843990848865 2.179890535851882 2.129812663084522 2.219769624243781 2.247271211694169 2.264686151971546 2.202718187605569 2.233986601297147 2.220916864149331 2.224978000851479 2.261767405199862 2.23626646365301 2.222199978670687 2.213076194952009 2.216833611474613 2.232250859691703 2.324309473984613 2.452502181917225 2.595540203606788 2.84187206322531 3.203561111549789 3.558487956287536 3.986756771530054 4.573231297581515 5.240369488630677 5.932483312717522 6.751779738377081 7.567106493130268 8.536672330497822 9.586518363579671 10.70483587034687 11.90179364595224 13.14335103185658 14.47528309120389 15.83845026221388 17.20144397308195 18.5869862420659 20.02600479381363 21.41652210860047 22.87384033286799 24.22079480798129 25.55998428832936 26.91308932464744 28.30920474412414 29.77170926227154 31.1732984293867 32.57651706584875 33.84075168820709 35.11918952065389 36.40399766029077 37.62148066638656 38.85976756612945 40.07912626845064 41.26554708530966 42.54070673734714 43.67617712915671 44.84404607047691 45.97319770993818 47.14647767343558 48.25793322207755 49.27640918962061 50.26389174008364 51.21121323585066 52.18032888263406 53.1229297079044 54.08236030344779 54.96894482068456 55.78319701597502 56.58815645024515 57.44205560284172 58.19819876282418 58.9488064520192 59.56613210814976 58.80893155122612 56.89680017271166 54.81231809066958 52.44897265236432 49.6949143347374 46.73918979213704 43.31958860665327 39.30611449203207 35.59289096671273 32.26661436423819 29.22589501695984 26.50838905232376 24.07371830681586 21.883868364097 19.89305726649764 18.12383223355573 16.53445500491944 15.0933567314205 13.82596056772309 12.68566164356707 11.66927883207973 10.74739886227326 9.868610312987585 9.122348323762708 8.400174402624543 7.78918429290934 7.20923462121209 6.688305118261269 6.209764914519837 5.780959925643401 5.379076861478097 5.066887852204673 4.757738828606307 4.492015436407428 4.217180648949579 4.010447034488607 3.781779574968823 3.637773796253896 3.531962248856871 3.354863918018054 3.234520543912367 3.124815936593222 3.022129939869046 2.989413445055106 2.900691008355352 2.831455733023176 2.80202880052093 2.75220672791329 2.717936467641266 2.675304664486248 2.588957713327545 2.549289032267552 2.465729689727596 2.398846083160606 2.392743103431712 2.419140709251224 2.401265768174198 2.278819335777371 2.279097149366862 2.229505073963082 