# Created by Octave 3.8.2, Wed Jul 05 16:42:19 2017 BST <co1ssj@node117>
# name: result
# type: scalar struct
# ndims: 2
 1 1
# length: 3
# name: params
# type: scalar struct
# ndims: 2
 1 1
# length: 18
# name: cleanup
# type: scalar
0


# name: num_runs
# type: scalar
6


# name: dopamine
# type: scalar
0.7


# name: targetCross
# type: scalar
1


# name: targetLuminance
# type: scalar
0.3


# name: targetWidthX
# type: scalar
6


# name: targetWidthY
# type: scalar
2


# name: fixCross
# type: scalar
1


# name: fixLuminance
# type: scalar
0.2


# name: fixWidthX
# type: scalar
6


# name: fixWidthY
# type: scalar
2


# name: fixOn
# type: scalar
0


# name: targetOff
# type: scalar
1


# name: targetOn
# type: scalar
0.2


# name: fixOff
# type: scalar
0.2


# name: targetThetaX
# type: scalar
0


# name: targetThetaY
# type: scalar
-14


# name: exptnum
# type: scalar
0




# name: r_0_m14_G0_L0p3_D0p7_scsum
# type: matrix
# rows: 6
# columns: 600
 2.340852408517094 7.479800861896365 7.158755872122128 6.702990800011321 6.41652340312794 6.171468702943457 5.988305304832465 5.934359138067521 6.1119182206603 6.477605155392666 6.979284042361542 7.650173554386129 8.434512224366699 9.254261101963493 10.21285198855185 11.35864859947833 12.57788173462905 13.71695982099482 15.09885489114822 16.39907796836087 17.52240552127478 18.47838729573414 19.24552596094873 19.55137156171077 19.39467964152027 18.54991384287132 16.86918892528411 15.29467444701731 13.93494190763977 12.64191347747692 11.60912074542284 10.59786231930593 9.73888068771339 8.934236173543468 8.278217587372637 7.667992990333005 7.116184437656557 6.598426079834098 6.053648549601348 5.639369381111464 5.266887575624423 4.909295826837479 4.55578874128787 4.244665605008777 4.113507671798288 3.940027658129111 3.730751521412458 3.635915837294306 3.455575922580465 3.312097803209326 3.16830626517185 3.029266824261867 2.95397978152323 2.817558815542725 2.740280458856432 2.685002244266798 2.585159811078483 2.548198314674664 2.547546536647133 2.516368876402794 2.552245340950321 2.540946409339085 2.526324598102292 2.468753152043064 2.463290981251703 2.396893558881857 2.414055091178398 2.39759345366474 2.364775246467616 2.338962126399565 2.299067071784521 2.313174830997013 2.268705164693529 2.235930351038405 2.216874484038271 2.193542366841939 2.196316892026516 2.223634762354777 2.276057487855724 2.246741444992949 2.276698733665398 2.27242194896462 2.27795204713766 2.272960228310694 2.263725508702919 2.297572068979207 2.322456179070286 2.338691296630714 2.291970629208663 2.29354044610227 2.315748441513279 2.299564851040486 2.245484593986475 2.255402900567788 2.233702052425542 2.241634507918207 2.222104514105013 2.212053829643992 2.194753159514221 2.194087179042981 2.196182136603966 2.271969964451273 2.252446554550261 2.300856988542364 2.25389358800021 2.250690385837515 2.26924829147265 2.238591779736453 2.313919937927494 2.270824807006647 2.282393017147115 2.327662524068728 2.399827312852722 2.308275848328776 2.363866679203738 2.300808704691008 2.313938294559193 2.323551615514589 2.308827105161072 2.345562171070924 2.386760932771722 2.356391221976082 2.32235462423705 2.276943254819344 2.250188834374057 2.247891690117285 2.20202443490416 2.21870578234666 2.197376049845843 2.243099343624635 2.22122251138353 2.190215967995755 2.200345749923144 2.183114386072702 2.200769366048917 2.220204607316191 2.249300560091797 2.281291980587412 2.323420287066256 2.314980459952494 2.362126741238171 2.35845875650557 2.337320554110192 2.286514410021482 2.22839615256089 2.225113044645695 2.206404994038166 2.23767586089707 2.260011768272307 2.313224395737052 2.329796778634773 2.281851717329118 2.30064018342091 2.344385986762063 2.259803810517042 2.225565134089265 2.222254678063109 2.289979021748877 2.300236523609783 2.264140318700811 2.269170083127392 2.330438860210052 2.334904217026633 2.338399304657287 2.299791558217294 2.286705878301291 2.287833746158867 2.307980265155493 2.300805481056159 2.261121894651296 2.237184624052134 2.277297084598104 2.276407242006826 2.244968273043924 2.253890629788657 2.269410388613323 2.309408243436337 2.270649426647651 2.231170628172549 2.277717377452063 2.302933666986064 2.308854534410784 2.296810607636871 2.234913253589184 2.27671303202078 2.263621574878925 2.288719126772776 2.171640058608318 2.214031128405622 2.228267140650132 2.269710075583134 2.310373819944289 2.263169804286008 2.292162472786003 2.334605268209998 2.342951247392193 2.359226451251743 2.332194989328855 2.321118775420473 2.346274843868741 2.344964121646626 2.34052384368988 2.321910239534191 2.274728783388127 2.276950990974001 2.295045531005599 2.305440831816668 2.230852548487746 2.201433110698417 2.215435819212871 2.22459653554688 2.211065550000058 2.276273332488927 2.254291589757486 2.273174881716841 2.281136236026214 2.300775970543327 2.346384085765749 2.327998491782637 2.297468210905208 2.349611325311344 2.304291321695928 2.309209054670646 2.276947701604513 2.324397206815775 2.351309474994196 2.338305122984821 2.361150385175279 2.359110131186753 2.29316709795421 2.289800271115382 2.32285782515828 2.296218328530813 2.27601639166096 2.270502423900325 2.297702727213618 2.289257712527615 2.315931950513914 2.333943759613248 2.384133776973613 2.431739413172181 2.446535061164468 2.433436131403141 2.412490504691959 2.39554536702417 2.394232905178796 2.367155926120176 2.378451322838373 2.326252983442828 2.320906843095145 2.38738966913661 2.331900435434363 2.336815655544342 2.33080578316185 2.398864824979682 2.349445142739569 2.398782236652551 2.349609288110514 2.346782726646779 2.32089571452525 2.319540255741231 2.290113159135217 2.251173223245587 2.236725751714403 2.215128003786958 2.259368248236569 2.19621665403065 2.176208414119174 2.21590265820123 2.204106318047707 2.22206025437481 2.223857818036777 2.17227209889279 2.234096841792962 2.30753574364644 2.322862588524004 2.331008198631025 2.302735710778506 2.34057110665708 2.276680726688937 2.326284825401672 2.315615823045846 2.26275003633782 2.306652293311345 2.339645590349392 2.374689408272388 2.45939220398941 2.561083297398 2.761383404318622 2.995753293034795 3.231315969636853 3.605238197353174 4.03984346186553 4.581125787473866 5.134737556298205 5.728535496091354 6.476049509394215 7.198168335809896 8.054719311719964 8.92278588818408 9.844396926338959 10.83802764352185 11.85157385114871 12.86437148204641 14.04411299802814 15.19459171532435 16.28762428951813 17.45717109323959 18.70479188813624 19.98355341118804 21.12573597234314 22.13526201415516 23.25055613426593 24.27127292083605 25.36755255721437 26.36302185939348 27.3239842201292 28.26930640349019 29.24374126415205 30.25778440233444 31.29062665278252 32.29297027024586 33.26756985179964 34.20153859693164 35.14779198557517 36.07429012972716 36.93802341857554 37.7993410056115 38.65145698428023 39.48103675691527 40.32286153548921 41.13859250044334 40.59445867182512 38.99765687356557 37.0506681081024 34.79145273706854 32.48789830837995 29.94093364696164 27.34296535762405 24.87413776938047 22.59016875138695 20.55382784363428 18.69867858877296 17.03960432120584 15.63133629116783 14.26418511165684 13.04244659014876 11.92382953225388 10.96204190783465 10.10794990242721 9.269247182717663 8.556574705604362 7.925243588768353 7.393334240696277 6.896902838198002 6.476908897442627 6.077783912405721 5.695000152151806 5.400792683784857 5.105336177330173 4.889430547860684 4.604721962428812 4.397862485790029 4.20483284736838 4.044092979682318 3.852246961040692 3.657510268742044 3.505647439516906 3.352600162364979 3.279052333501568 3.159510315339503 3.109783381794841 3.012244232835656 2.931442144516041 2.815262419779174 2.731228831078624 2.720887842986485 2.645723748588352 2.610762768141285 2.561173328736913 2.507414928651997 2.521598458391964 2.476197128955391 2.424236596369155 2.439913942765997 2.465716534530657 2.464431080865324 2.472877281445108 2.444397570143337 2.477699100089922 2.438452775670157 2.428424734918735 2.467770086754172 