# Created by Octave 3.8.2, Wed Jul 05 16:42:14 2017 BST <co1ssj@node117>
# name: result
# type: scalar struct
# ndims: 2
 1 1
# length: 3
# name: params
# type: scalar struct
# ndims: 2
 1 1
# length: 18
# name: cleanup
# type: scalar
0


# name: num_runs
# type: scalar
6


# name: dopamine
# type: scalar
0.7


# name: targetCross
# type: scalar
1


# name: targetLuminance
# type: scalar
0.3


# name: targetWidthX
# type: scalar
6


# name: targetWidthY
# type: scalar
2


# name: fixCross
# type: scalar
1


# name: fixLuminance
# type: scalar
0.2


# name: fixWidthX
# type: scalar
6


# name: fixWidthY
# type: scalar
2


# name: fixOn
# type: scalar
0


# name: targetOff
# type: scalar
1


# name: targetOn
# type: scalar
0.2


# name: fixOff
# type: scalar
0.2


# name: targetThetaX
# type: scalar
0


# name: targetThetaY
# type: scalar
-16


# name: exptnum
# type: scalar
0




# name: r_0_m16_G0_L0p3_D0p7_scsum
# type: matrix
# rows: 6
# columns: 600
 2.276505323625315 7.487151326611638 7.049042030266719 6.709083865163848 6.337278240927844 6.112526255754346 5.970202705917472 6.025410121634195 6.213471205610404 6.52460351663467 7.010799848547322 7.625174801811227 8.458887704779045 9.38287713513273 10.28397025851882 11.39148720808589 12.53165293868005 13.77615346142193 15.0055809372152 16.2936567598008 17.453737409327 18.46379251015969 19.20379905919253 19.61709069057542 19.41863816820842 18.62122158513375 17.10697952446208 15.48386331888287 14.10228653122249 12.79156496358337 11.5854559840227 10.53863780246638 9.643409820902889 8.78377403597915 8.04448131006211 7.41472432964656 6.850985789609695 6.311446981871995 5.7976839191615 5.386765757750254 5.036699585529277 4.678822336878511 4.395456203659705 4.129196811665679 3.88473182855887 3.674894985779247 3.518547425032011 3.392164917291666 3.220647234633361 3.109858258027089 3.006099886122684 2.956769776908914 2.945076678228361 2.871966655322467 2.792044960437124 2.747551203281546 2.656955377380655 2.698805003386951 2.698609936895082 2.682400090048759 2.62353141182939 2.59429052744963 2.569166751563898 2.519744661847653 2.505339505751181 2.384968425430998 2.425779836215952 2.406329852386989 2.379747801551275 2.400928836839739 2.324537291111483 2.340656653395854 2.316802851833927 2.355790059333231 2.309207538519331 2.27066299096623 2.293764461872343 2.312595600586064 2.263686066253285 2.251745586887409 2.287852838855542 2.298119567429239 2.289029824976751 2.288950483420194 2.263013645537285 2.279587819255539 2.3031236255556 2.357029721577419 2.329364403172804 2.281870755736236 2.268624682019436 2.319663850666984 2.302748285062989 2.29711267114908 2.316725739849062 2.276120170579816 2.292484181467444 2.291744538444618 2.278311311449215 2.325565001068753 2.364850791760546 2.378092121216469 2.360650693330172 2.419258211280976 2.398569973280246 2.415439735426844 2.407326278720575 2.425849897521402 2.424722273417501 2.373923021035807 2.371351191417489 2.346938408412825 2.339524646202335 2.283729677117663 2.262644092465052 2.273227531031807 2.30238040444965 2.271736575425166 2.310266147371294 2.294257268105866 2.248064253664779 2.24435349608757 2.260858711497349 2.283752722909412 2.251142186289144 2.292300528191845 2.256635199068114 2.200160046253586 2.206628060357616 2.20611391651255 2.182490497900289 2.233390849127318 2.264955262980948 2.286753792970558 2.279140795228159 2.280605447333073 2.312354717971175 2.331359830835936 2.303505352538195 2.322822524489311 2.284616322387592 2.272431991264966 2.257188060768385 2.250451275886007 2.26474983206208 2.268772229541355 2.248144512377621 2.266051790784331 2.299525977186022 2.308697274353108 2.283416066136851 2.318905570117749 2.275433813592826 2.290087341894832 2.28507522097425 2.252457837363181 2.238998411070497 2.230527162100771 2.203632391840074 2.163651884562569 2.203608400515805 2.194273170156521 2.227679641680879 2.228204868933972 2.206890673714952 2.232368135948491 2.260182547353907 2.248341379672638 2.227190038662229 2.252655390577274 2.213788300228771 2.233216898617684 2.257683185251153 2.268076473123074 2.274784320750769 2.286537589890941 2.217702421818103 2.239034735404857 2.196157322057843 2.23446163925837 2.222791396136017 2.187999433264849 2.190825667770696 2.218369399078938 2.18798002114454 2.241168574561016 2.190034349656344 2.201498769893078 2.192228732637886 2.218821839629527 2.239527613877726 2.181667289623874 2.270101611748032 2.281257727453976 2.288448552855698 2.313958026952605 2.343996095354669 2.330466842031456 2.316301979320997 2.275342076893139 2.240407455574314 2.188587007130991 2.181753990913421 2.21138322736806 2.259424504889466 2.194437179365195 2.188628635332861 2.271265861780194 2.270286583705456 2.226983098651544 2.263240300799225 2.309560085850535 2.249571802660284 2.257709056290878 2.297516160620944 2.24741993002317 2.248002612050186 2.227406841284392 2.292057061853484 2.260468784988916 2.249640166432073 2.210374429208969 2.195423716402729 2.183466324353503 2.1916662541189 2.257417878492561 2.272684057104925 2.293057736680566 2.323483298988322 2.324754828237928 2.34261134847111 2.303463432952412 2.2638032970317 2.23804440114327 2.257770915528454 2.267666042591372 2.263955109963717 2.204379147446161 2.242674628734676 2.236333655780982 2.204029040613023 2.282856630317838 2.219974803432706 2.258561718568671 2.24377705229972 2.220937366098951 2.224424096220901 2.184191314860072 2.158337630784445 2.19102018853664 2.151262722902175 2.203084672270052 2.176705927056901 2.233547216123043 2.281059742381331 2.262580956077727 2.264024273936229 2.28099949220632 2.271093612464028 2.317452599952958 2.322067774337484 2.29619530727723 2.259386510926561 2.189570993068628 2.252557847394201 2.32288251848513 2.303901503210909 2.271211705199676 2.301128540757418 2.251332169536909 2.306782108491461 2.290005054681387 2.272366969624272 2.295034489245154 2.27924675709437 2.324390153698914 2.273524637508672 2.282235691996902 2.296931112054153 2.288341587867762 2.313663618377177 2.277839801972732 2.231359262121259 2.256701642741973 2.226440192780501 2.228842767348397 2.213166792234915 2.236667855475389 2.355723752651102 2.546317308362632 2.68743232358247 2.943358721160621 3.270870538999588 3.634313481352365 4.121914760900836 4.633943388041189 5.21732156365033 5.953085403289151 6.708340395060077 7.529215746999398 8.40732803460196 9.393714779217589 10.38924984435653 11.49630898611304 12.64429107001342 13.85856452113148 15.13876552449801 16.35857256742383 17.65222397166508 18.98787353350417 20.14162994805156 21.3294565851902 22.57891608830687 23.74772643858523 24.94619860749663 26.15331864671316 27.32714071578448 28.45525836492016 29.63079804873269 30.72328118047881 31.87172690500665 32.91047186808282 33.91676343766267 34.97213466455651 36.02630429393503 37.11806305500795 38.17796660038584 39.19956460775575 40.21571119038708 41.15804856718751 42.09476090853423 42.92332514488953 41.80442785222476 39.97048487866596 37.96833847884409 35.87471362149881 33.70272093379117 31.30353470973023 28.69369377023395 26.11837219126392 23.71331687745987 21.489524349563 19.60726362221976 17.92505467059527 16.43628262618222 14.96499544522067 13.6874250016117 12.54671273179702 11.52460232633894 10.60686619313674 9.732965294901078 8.963598663965058 8.275638996055932 7.688562419494701 7.098392038045858 6.611249854380731 6.17782920395257 5.743540028539428 5.450104827864834 5.189443136499904 4.919906735616678 4.639778971446503 4.426502258735127 4.19604853794408 3.983430265587231 3.80674332477065 3.644589029885537 3.550396841834299 3.48725134234337 3.344776772570185 3.234641931645456 3.12543759347318 3.032326455693692 2.911001741966174 2.854816586288507 2.761530638541444 2.699692702997709 2.666220983512176 2.667506565470831 2.648018189473078 2.606610121860285 2.563167139061989 2.553223641454679 2.538310873562295 2.432732827764994 2.415952777697385 2.433176154740067 2.389567710383744 2.361045775702223 2.400472167293628 2.371309095946344 2.302294497152616 2.341363987990917 