# Created by Octave 3.8.2, Wed Jul 05 16:42:13 2017 BST <co1ssj@node117>
# name: result
# type: scalar struct
# ndims: 2
 1 1
# length: 3
# name: params
# type: scalar struct
# ndims: 2
 1 1
# length: 18
# name: cleanup
# type: scalar
0


# name: num_runs
# type: scalar
6


# name: dopamine
# type: scalar
0.7


# name: targetCross
# type: scalar
1


# name: targetLuminance
# type: scalar
0.3


# name: targetWidthX
# type: scalar
6


# name: targetWidthY
# type: scalar
2


# name: fixCross
# type: scalar
1


# name: fixLuminance
# type: scalar
0.2


# name: fixWidthX
# type: scalar
6


# name: fixWidthY
# type: scalar
2


# name: fixOn
# type: scalar
0


# name: targetOff
# type: scalar
1


# name: targetOn
# type: scalar
0.2


# name: fixOff
# type: scalar
0.2


# name: targetThetaX
# type: scalar
0


# name: targetThetaY
# type: scalar
-13


# name: exptnum
# type: scalar
0




# name: r_0_m13_G0_L0p3_D0p7_scsum
# type: matrix
# rows: 6
# columns: 600
 2.281802289060579 7.520293139736168 7.129218933225275 6.758687048364663 6.37471600574645 6.066102552822485 5.953070982246572 5.92404086040915 6.128649410668004 6.4798620321817 6.964796560801915 7.668443673283036 8.475170813082514 9.386344409722369 10.38874942645816 11.45349208704647 12.55658539786236 13.87006557852874 15.12837589722039 16.4007679380411 17.65250409954933 18.67036854270555 19.42164070244326 19.80508896783431 19.63015905457905 18.76486229927468 17.09827164233866 15.49503037252725 14.10969461390778 12.87297598836449 11.73411374606803 10.7107773356438 9.834736912318476 8.96092845108069 8.226775841634662 7.607303522174334 7.028878738660296 6.460975539936044 5.89687948669598 5.554181330575375 5.249175034692598 4.902859615864145 4.626572570363351 4.332733743845893 4.063811700067163 3.834559790826461 3.675370317319903 3.450613370740029 3.263785412535071 3.145952666049197 3.018892023501394 2.900641761963925 2.866272093811858 2.787021929452749 2.730716799800575 2.735190416300611 2.619054769920695 2.564624485279637 2.497553461807911 2.558314075788076 2.548767805790703 2.542769380957907 2.496738854830255 2.501523660317616 2.474911595905724 2.464139339073881 2.448306830119691 2.37190434688091 2.307282693287561 2.344817012140993 2.297983577256673 2.2968610292628 2.405617603901192 2.438457242948061 2.459533461799765 2.435731246954674 2.47683379418595 2.466503632560489 2.404677401085792 2.372782233527687 2.374548215600953 2.356907179857444 2.405485359427985 2.405112589593045 2.412599688879709 2.406918301741825 2.418599682860076 2.40873839482083 2.396489722414117 2.415925376066298 2.453571443458713 2.428732305997983 2.409861237745645 2.439529200759353 2.40498865844711 2.378736592912901 2.429428588453447 2.483245918498142 2.506728369211487 2.544884336015457 2.565099774001283 2.529735304691712 2.491530429419072 2.460360714394483 2.521081783510454 2.48962696687795 2.401805969246197 2.346955907960364 2.333703511085332 2.311715736868791 2.301750411064859 2.267225622908882 2.277542680996703 2.215716998460266 2.265707389523413 2.260492936653463 2.244113111286424 2.268019969691522 2.284200058868009 2.242751811201742 2.248668848256784 2.236507675753273 2.257509596998716 2.245811237246471 2.221882102625386 2.306045861747407 2.326761388001614 2.319294076492952 2.355704511977819 2.327395636209985 2.267719148178003 2.283229185815799 2.29671287491874 2.272266487765592 2.266613700535345 2.305418673762688 2.303210627231238 2.296305113057315 2.293327598155884 2.316266919649934 2.262904184884974 2.30659228377408 2.315068784722826 2.282468216825691 2.282224437549303 2.26604577101898 2.358763053537587 2.399774059653282 2.347822056675795 2.299963617915637 2.337952563204453 2.359456216014223 2.356584239125368 2.33357791241724 2.334978684320959 2.310126652861072 2.340123067675449 2.307474614524835 2.305192048333993 2.251612670435861 2.23627870092605 2.199513749234029 2.213918211440614 2.262521033664598 2.303469147336727 2.294442233665904 2.247419243256445 2.263260178406199 2.254596676097208 2.216673141840147 2.20985427962114 2.210143913562206 2.15687975691435 2.167044557667396 2.231475274820696 2.196427962830057 2.173323465038266 2.192806518476573 2.200954231557262 2.224130210095609 2.21587784614394 2.252378867342486 2.260695060384023 2.268106457362592 2.23473324492079 2.228831397193062 2.210984639445087 2.284402921253786 2.289048516053299 2.282475851410709 2.306294082271052 2.3483574479651 2.303006197547802 2.274270989008073 2.373676884868473 2.359911991450645 2.354937794421858 2.303603147862304 2.294851603970528 2.310228532322071 2.337191696202353 2.300543624958664 2.277008568549718 2.251423052555765 2.310688136589306 2.336900123867963 2.325451882235939 2.332052196777113 2.372983069464681 2.296645905893456 2.291922157128283 2.28025746766798 2.236533533232432 2.252649927933817 2.267193013671204 2.224931980701513 2.220515115150192 2.209936613537138 2.223392423780751 2.219587176408822 2.258510564071912 2.268510264859287 2.253711965695402 2.28056474654295 2.275626614398789 2.210682319469925 2.232268998226573 2.240195705995575 2.287414557478769 2.201846743102578 2.200285051607352 2.196962507921853 2.197884512592282 2.231017686273844 2.199240660520445 2.205538306141534 2.227535400663328 2.217801314091048 2.262714756252535 2.263136493063939 2.145967812095478 2.160153047529093 2.156002658659418 2.187516432422854 2.169720961771418 2.166481267830022 2.186585045990796 2.207553148193256 2.212566018377402 2.313241886629839 2.352018247784144 2.326032102675526 2.302655698600574 2.26188960102445 2.282705166115193 2.309334161258448 2.301770249920082 2.263503016041795 2.276975796952684 2.331952208707662 2.331163416849449 2.324715956492582 2.273900911448436 2.265664997517888 2.249552969100478 2.264576404606487 2.262706626570434 2.355163878841267 2.355679532429349 2.321891976642291 2.24522131667436 2.219051794623738 2.176528401665564 2.185887108444149 2.18806612292974 2.195500156023627 2.20629632357668 2.216530744874035 2.185840384547191 2.153721219521685 2.165240709589852 2.231051267952353 2.273996275245736 2.287735577432613 2.29880687208788 2.326904071473109 2.436556344557175 2.589260616085085 2.76301541957946 3.112992882055551 3.514897425346135 3.940729939837183 4.546935901693359 5.169793272201787 5.938114015953033 6.756137317332104 7.627141216107702 8.539860303833848 9.588989302283153 10.71158573107095 11.91884450481666 13.19018713756304 14.56427579932279 15.99851507827407 17.52877535969128 18.95650942358043 20.33858087488989 21.7441821162829 23.08050566033489 24.47860808824771 25.79416505719564 27.1602169075959 28.59818130230997 29.93079000261059 31.20626739141153 32.49246684484388 33.74396334988705 34.91886047523803 35.9910365515716 37.03056773691424 38.12845316102175 39.1306534927644 40.21489761241173 41.37759352040302 42.49716838790846 43.66587974010417 44.84879906155766 45.98306851760572 47.02009992160492 48.13950833040326 49.2021565008472 49.59464807988843 47.95149232479889 45.88103610613325 43.66478753624415 41.53685124269759 39.11780575171724 36.408932301405 33.55306698260756 30.6067029371261 27.76294863570229 25.20027538238719 22.91243129967552 20.82364772480651 19.00085009860049 17.25415120317848 15.77072447029786 14.4454991119128 13.21171027220407 12.09668565470929 11.10995453008672 10.18138136938796 9.417068054237461 8.687753747657553 8.050235021626577 7.451360296758139 6.945442706622998 6.454289478140709 6.055304826721112 5.68000368130015 5.347605836577713 5.063463155522186 4.775025481409102 4.507777193219226 4.276235722907586 3.99429565194805 3.814041398781228 3.639903548384609 3.495553284919879 3.349589680823556 3.228048841745476 3.108207071736615 3.042042413078889 2.978757542550738 2.931817852189852 2.809135150160728 2.694663738831878 2.691992702391872 2.612607482886233 2.629517299734289 2.597765837359475 2.57953485899634 2.589775003806608 2.535522410689737 2.560528010799317 2.588003936187306 2.597184289337747 2.540754248053418 2.493464728620893 2.474784315696525 2.462654979843137 2.457662599762443 2.39460175297063 