# Created by Octave 3.8.2, Wed Jul 05 16:42:12 2017 BST <co1ssj@node117>
# name: result
# type: scalar struct
# ndims: 2
 1 1
# length: 3
# name: params
# type: scalar struct
# ndims: 2
 1 1
# length: 18
# name: cleanup
# type: scalar
0


# name: num_runs
# type: scalar
6


# name: dopamine
# type: scalar
0.7


# name: targetCross
# type: scalar
1


# name: targetLuminance
# type: scalar
0.3


# name: targetWidthX
# type: scalar
6


# name: targetWidthY
# type: scalar
2


# name: fixCross
# type: scalar
1


# name: fixLuminance
# type: scalar
0.2


# name: fixWidthX
# type: scalar
6


# name: fixWidthY
# type: scalar
2


# name: fixOn
# type: scalar
0


# name: targetOff
# type: scalar
1


# name: targetOn
# type: scalar
0.2


# name: fixOff
# type: scalar
0.2


# name: targetThetaX
# type: scalar
0


# name: targetThetaY
# type: scalar
-7


# name: exptnum
# type: scalar
0




# name: r_0_m7_G0_L0p3_D0p7_scsum
# type: matrix
# rows: 6
# columns: 600
 2.301257974948385 7.552042206778424 7.127796305336233 6.713861389136582 6.345548134671844 6.096939494364506 5.992794049107033 6.031240258682374 6.192360829285462 6.528348665084195 6.960712473923195 7.633684481974342 8.385005566990003 9.222465325488884 10.21522319419455 11.33822450653679 12.53057988862929 13.81438002965297 14.9968330421907 16.22886453631509 17.38926729132254 18.41666523146341 19.15802220473051 19.5898381813895 19.43223161003698 18.51123131903296 16.86971901746256 15.29923914038955 13.93862924638233 12.68761272937263 11.62100893991737 10.55166787408962 9.644206997036235 8.865745426141075 8.180215726752067 7.55688859847578 7.029454159455781 6.576713588634448 6.070256715702271 5.608452275806485 5.297433511499548 4.898253470713826 4.606967873442045 4.297803093380935 4.024127564644004 3.75192727184367 3.535517604406778 3.309505332843401 3.182544778599549 3.060759193984268 2.97955351787823 2.854639159282669 2.747784825551207 2.695122970733792 2.634929096842825 2.686680741513555 2.640731525310912 2.529091623400745 2.505839122663019 2.460856319788945 2.50486854200426 2.497579098955612 2.418893367008423 2.371036126245599 2.387183389015263 2.392202541632287 2.409704743105976 2.388438665511785 2.364686928738593 2.371376881419565 2.342809978250443 2.337106863775261 2.372899130401493 2.45814527978655 2.48813748527391 2.47069015431407 2.417175803231657 2.437165727693355 2.397113948685728 2.344088303612807 2.313276219167165 2.299988092181593 2.30910401523397 2.243289392441511 2.209609803800049 2.247221839290432 2.283031420474799 2.291767875236474 2.292608112657035 2.262850793937105 2.325727801973699 2.371731766674202 2.338271245676879 2.383393124411668 2.368174297589576 2.307814970510663 2.313053529986064 2.334989120790851 2.349155966483522 2.316217752108059 2.273647272199014 2.265776575195559 2.304528104568817 2.275016878142196 2.267740719020367 2.317921472727903 2.318070735811489 2.338404811351211 2.29469612700268 2.374003095676017 2.354389539264957 2.299405267462134 2.31411073226991 2.303613515978213 2.284383580958092 2.231065788124397 2.242337392952322 2.206013217160944 2.201447976411146 2.218874533486087 2.242659758696391 2.304737496222515 2.272992738220637 2.195886411951506 2.226478501557722 2.230003542255872 2.228089557993371 2.267196919944581 2.292870417724771 2.255452369874547 2.290818897574354 2.309111718132044 2.281950600277924 2.299241712637013 2.2972556420209 2.299949068146816 2.32922369598964 2.361771951294941 2.327708827988317 2.388362621550186 2.325428150867083 2.308326053853307 2.285703596648091 2.236341756135516 2.214473926047503 2.163826326701383 2.184115610431036 2.16149634089652 2.167165656177531 2.172709537994706 2.119427254994662 2.184811184473801 2.185713175662386 2.17537915767025 2.251451075408113 2.301093064113957 2.25359722362191 2.253920807021132 2.262741278420435 2.256966643784835 2.261202204868823 2.274781006100966 2.254142476056586 2.21390121605873 2.213827868120461 2.198283751313284 2.247615101754491 2.221587134536094 2.219690919153436 2.291712371352332 2.263578903704911 2.310170161959832 2.311483871781093 2.334193775972381 2.38179767987458 2.321440644071117 2.34370451898576 2.320724408898968 2.36591056427369 2.340684366710775 2.343958403966099 2.37715850137829 2.34571647435223 2.353433419641078 2.370231282686291 2.416874754067976 2.401939833467623 2.387860378166806 2.329927412431061 2.362347935944854 2.360409259257722 2.36762081469351 2.33153444268828 2.317774869439745 2.264112733741058 2.28889266654005 2.311610407996341 2.296194860486139 2.278695697983494 2.263816447368299 2.288267883297522 2.303417020633788 2.249599116934405 2.232952115391527 2.256804051918152 2.248640574780438 2.229016787423461 2.262516595204943 2.315397600692449 2.29525988187379 2.338975531063625 2.353677874783898 2.373471127881203 2.371570128636449 2.296064951111475 2.284630519352504 2.283997853584879 2.276157828513533 2.286504921725282 2.356841323886329 2.385414677384688 2.395574709415087 2.32938603270668 2.337116676331789 2.365046684841218 2.354742088687999 2.359509130434162 2.311017231804726 2.317555902940512 2.33845563523937 2.317328740486118 2.318106290989817 2.263978047951241 2.280879079426086 2.2673108397139 2.232112259160203 2.232633629097108 2.215092073212872 2.196867559279781 2.147071341874835 2.152339080552338 2.173907653479546 2.207867657652969 2.205476271832595 2.182059042585024 2.191769176391972 2.211730600807641 2.152263312735158 2.171218871630117 2.222916993923718 2.276797336904565 2.295522235832323 2.295577342156321 2.266943527690273 2.278740223386194 2.296819223050989 2.286165937890473 2.35238142761591 2.307153842819389 2.248770644167962 2.267620235415961 2.268083709361235 2.246683104101976 2.237858863794827 2.262072375586285 2.262445157444745 2.262272207341084 2.298452419643581 2.246817159721104 2.243255126923032 2.273978081066161 2.248815082155488 2.244794508224004 2.278483635360317 2.310868086351547 2.34903857971949 2.435182401826751 2.606414732807025 2.747565706846217 3.013298959445819 3.275350690113555 3.601652111276053 4.056072134899296 4.556129861102818 5.05981341246661 5.680632474792219 6.40074074410586 7.163656836228256 8.038871365515661 9.003922992353182 9.991194847782026 11.056623942839 12.19913774349698 13.42149051582692 14.67989984063752 16.05142078658537 17.37312517280589 18.72863525540015 19.98768004210797 21.33256870625883 22.66862278641565 23.95733799096342 25.10764924179966 26.24294883717812 27.44158189841255 28.52719176626124 29.56153350663226 30.63469418091699 31.65755873829767 32.67775525933394 33.75445553571262 34.67172585121443 35.67622978060535 36.65231894655153 37.68754895060556 38.65719824112239 39.60321130162811 40.53376688679418 41.44221289665438 42.31196498783538 43.20254081369058 44.02761523821391 44.90995647234377 45.78725510126969 46.56413718619297 47.38511999025559 48.20105614160275 48.96767432988418 49.72531365570831 50.48037213819589 51.16475610994166 51.78354383713304 52.42456624125771 53.08756810452178 53.71728063234696 54.35098010918591 54.81138574311262 54.22080655803074 52.28954250124298 50.11152616304025 47.84652034582177 45.403808959858 42.78139307847232 39.68984947473291 36.15379287695396 32.79358601841159 29.72111619121642 26.98399155258812 24.48843466535254 22.27677594146007 20.29906004209624 18.46797834033714 16.84110463114121 15.36371003509703 13.9989231472864 12.86535514261777 11.7275380447827 10.80953563842195 9.959231412336521 9.163132787571158 8.496940515629831 7.890644253508071 7.313542475909344 6.796049189655605 6.345564238176848 5.960338871875138 5.58235693523784 5.246819739339116 4.958709639742665 4.725350535172765 4.462405701910029 4.275227344332961 4.063505594458547 3.88991891729529 3.685294727649307 3.57091852783924 3.419526138939545 3.309742029123299 3.188954099630791 3.068322573424666 3.042157583495282 2.951013094840164 2.911420972544875 2.848291895517832 2.783460034122982 2.720630423340481 2.689791929700732 2.644751618536247 2.559812487175805 2.52786243333685 2.47031267354032 2.426737435962423 2.410570000720327 