# Created by Octave 3.8.2, Wed Jul 05 16:42:18 2017 BST <co1ssj@node117>
# name: result
# type: scalar struct
# ndims: 2
 1 1
# length: 3
# name: params
# type: scalar struct
# ndims: 2
 1 1
# length: 18
# name: cleanup
# type: scalar
0


# name: num_runs
# type: scalar
6


# name: dopamine
# type: scalar
0.7


# name: targetCross
# type: scalar
1


# name: targetLuminance
# type: scalar
0.3


# name: targetWidthX
# type: scalar
6


# name: targetWidthY
# type: scalar
2


# name: fixCross
# type: scalar
1


# name: fixLuminance
# type: scalar
0.2


# name: fixWidthX
# type: scalar
6


# name: fixWidthY
# type: scalar
2


# name: fixOn
# type: scalar
0


# name: targetOff
# type: scalar
1


# name: targetOn
# type: scalar
0.2


# name: fixOff
# type: scalar
0.2


# name: targetThetaX
# type: scalar
0


# name: targetThetaY
# type: scalar
-9


# name: exptnum
# type: scalar
0




# name: r_0_m9_G0_L0p3_D0p7_scsum
# type: matrix
# rows: 6
# columns: 600
 2.260390414990979 7.381449657885241 7.090355078726134 6.776885017741733 6.397549406890903 6.181207808549516 6.022161400913319 6.012797610219422 6.134651175271756 6.458287087541976 7.006330562042422 7.667324264322815 8.427538111322065 9.36960024376458 10.26040515675231 11.45804744414636 12.66241555073066 13.88126474703677 15.19177476743062 16.35388037012308 17.46094290301698 18.49004292669269 19.25267538484331 19.5690304683294 19.4438694831988 18.54214412027795 16.87907761556198 15.30736439398243 13.96036381115118 12.72957128083544 11.6049964331105 10.59141052499763 9.671699257 8.852583560968924 8.154071374367049 7.495454679861723 6.861676802236616 6.391406874430686 5.904166777116188 5.493613324884791 5.138943600471976 4.768926253986137 4.429839306329086 4.191232074968866 3.929265543585643 3.785437085374724 3.636042225518395 3.441664650148596 3.292193477747787 3.195070282679808 3.107425348110155 2.996118894199753 2.865099092676246 2.771147548453882 2.786293094519351 2.737963883919292 2.688368992818141 2.690529418679944 2.627765051816823 2.589703948508941 2.532335503135982 2.537397998814413 2.533184728836204 2.533281716725469 2.531770225020409 2.474173634313047 2.435821937651781 2.432833512844809 2.47658171729563 2.497702547134395 2.465397638930881 2.41236870620196 2.461708378024923 2.413530672640263 2.384684516546258 2.314135947151954 2.249954733037157 2.247623428003863 2.274338435930986 2.275898395615059 2.258827748020849 2.214633318399137 2.254208730038954 2.231196908796846 2.218945318738406 2.302798998040089 2.326305641319777 2.305699292504869 2.343241060505534 2.300622026770725 2.333029456671284 2.413776150766353 2.340778276009587 2.397653509735392 2.411519623557979 2.294060488477044 2.32747377378837 2.344820418828022 2.358263009900838 2.439463642062037 2.433187058857584 2.443216626139474 2.410678478341651 2.385432074188429 2.370292842046183 2.380945739998424 2.334280389959531 2.331255953447908 2.302755651493499 2.335130745737843 2.376823320497351 2.350964704099169 2.311374067878205 2.301713533423026 2.3301581221167 2.326656267776343 2.348185862618266 2.375698735610058 2.381009372249537 2.368556716472085 2.401371239462605 2.405484291422908 2.398714059920167 2.346669079935964 2.359874038185808 2.343590028125618 2.353315918451699 2.387342491393611 2.375951054111283 2.400559206711478 2.396449908507748 2.450271283465554 2.439395059387607 2.42205937880135 2.417150492801738 2.419044501482858 2.47000708197811 2.479790600365959 2.422074986705411 2.433792386496862 2.409252131622452 2.367355204420164 2.338816266847061 2.31052315152192 2.294402752057067 2.291810149989033 2.307248060998973 2.306443357450917 2.283612762133998 2.264699609542731 2.272573313202884 2.249325568081986 2.258159245335264 2.297327278414741 2.298289597445546 2.31250766228186 2.275338829927932 2.279523685476306 2.294512976106489 2.22620063812974 2.203974109761475 2.205263603675121 2.171136155850036 2.18954598770506 2.18952554059797 2.208932549798192 2.260711059207097 2.292500173818553 2.286128165964328 2.328774796449579 2.32116605880401 2.332652780904027 2.362603276844311 2.293623005560221 2.309037349303253 2.349263522963156 2.318526536580976 2.322368311994069 2.327840830910645 2.354608780795843 2.313816202044109 2.276482550780202 2.298940815206151 2.267027268011589 2.294744159684342 2.302865149922582 2.283084642076574 2.280012921761227 2.31299525302893 2.281468974066229 2.291781119369261 2.257041541804028 2.27690925611023 2.298954295308704 2.298272416821419 2.317104889236361 2.250506627344294 2.272705623308866 2.366759208020085 2.355385390619631 2.373346486208902 2.343347822512442 2.368984833530703 2.304830584671436 2.269154091929522 2.30757377151167 2.288784238371591 2.268048979632113 2.340017343005456 2.38073538341996 2.349816807716707 2.302421281574425 2.294400643189874 2.24478060556612 2.229512673839054 2.228816508963064 2.236611251166323 2.250983799451205 2.258764558227995 2.221608492214727 2.303376753192424 2.298960721323965 2.347238538881356 2.351965226480388 2.306239742293201 2.306623282238434 2.323806518259516 2.30889705266236 2.28838622033436 2.247158929090801 2.296408448377406 2.276264127081959 2.288283318121103 2.267625956257689 2.21969407582219 2.250808837758086 2.262768966345902 2.233551088167587 2.237461965098191 2.253033125132788 2.326264759401965 2.345342043219716 2.289123939815909 2.315533784792933 2.324775691269679 2.362871613004245 2.333033149068797 2.277009161025489 2.300317046188866 2.361084968139039 2.422147982855677 2.422088796403841 2.393563495439594 2.418696021821233 2.383844709951063 2.335934750692104 2.317651569210284 2.263075361050142 2.236895767189708 2.299481787591503 2.316705480291603 2.300358060442704 2.3009731524362 2.2727509127144 2.247657458574395 2.245161333798023 2.204045846527151 2.20340127338568 2.18006940266423 2.186132113271015 2.269264225455117 2.310620942043897 2.284064954561472 2.288426546079791 2.313163609218464 2.393219720266643 2.527132249682836 2.689089074192452 2.961902418759564 3.303073192510055 3.750607978741755 4.23793090361869 4.819634167040931 5.414334744966254 6.174102604094514 6.982270866908948 7.886331627545587 8.918269379712001 10.05092439757209 11.18615760255852 12.49204476926752 13.73685271844079 15.13665516796391 16.60860914779369 18.19438998495889 19.87586887132784 21.49652582134877 23.08036097522563 24.62780443084193 26.10696385151095 27.66027782202946 29.17737304602633 30.5283143284687 32.05088142287059 33.45314989207691 34.8567762106386 36.31657222463764 37.79313517160335 39.23520675946747 40.45884345698869 41.61544578388748 42.79429031303152 43.99023945738736 45.27576966816559 46.58821898867245 47.84626232249138 49.1928551436722 50.45776072209992 51.61661688415916 52.75161018973449 53.92115399870727 54.98762279202674 55.97370792569563 56.96172901690079 57.94343859610308 58.81260019422371 59.6917660926083 60.53828970719042 61.31216080510967 60.57900511247135 58.66441709259379 56.40243817903684 53.90839671785216 51.34165814662265 48.70544388614508 45.57078559012552 41.93527916647872 38.00519225506287 34.44280595312011 31.21582306025448 28.32079000192243 25.69161917213205 23.35429600350835 21.25590933801868 19.34980661007285 17.62952489742202 16.05453348526498 14.66830755556293 13.386413380671 12.28797622366983 11.25526497724059 10.34402500168562 9.511823744542198 8.798609305085847 8.168345589489036 7.539746780184942 7.025045600483281 6.470727572552278 6.017117806837632 5.610027872106002 5.359858277991407 4.994325968296835 4.716464383045604 4.476237539009162 4.253547802461981 4.035452086100122 3.853284826291201 3.677056520413316 3.516605076663836 3.393508974986617 3.294256234148634 3.230802122692694 3.08608867975272 3.060362137111952 3.005798689140647 2.979465608193095 2.856060477461142 2.766962924753898 2.697522296079114 2.626160403171525 2.630179834297451 2.605141654152249 2.604654930408287 2.586556232578005 2.566987796104513 2.625610582370427 2.575105850010004 2.574523799230519 2.578487153152309 2.514661386449006 2.490896875082399 2.461796893190694 2.432038773207751 