# Created by Octave 3.8.2, Wed Jul 05 16:42:13 2017 BST <co1ssj@node117>
# name: result
# type: scalar struct
# ndims: 2
 1 1
# length: 3
# name: params
# type: scalar struct
# ndims: 2
 1 1
# length: 18
# name: cleanup
# type: scalar
0


# name: num_runs
# type: scalar
6


# name: dopamine
# type: scalar
0.7


# name: targetCross
# type: scalar
1


# name: targetLuminance
# type: scalar
0.3


# name: targetWidthX
# type: scalar
6


# name: targetWidthY
# type: scalar
2


# name: fixCross
# type: scalar
1


# name: fixLuminance
# type: scalar
0.2


# name: fixWidthX
# type: scalar
6


# name: fixWidthY
# type: scalar
2


# name: fixOn
# type: scalar
0


# name: targetOff
# type: scalar
1


# name: targetOn
# type: scalar
0.2


# name: fixOff
# type: scalar
0.2


# name: targetThetaX
# type: scalar
0


# name: targetThetaY
# type: scalar
-15


# name: exptnum
# type: scalar
0




# name: r_0_m15_G0_L0p3_D0p7_scsum
# type: matrix
# rows: 6
# columns: 600
 2.249072497550515 7.321961105248192 6.984979842964094 6.565542860242203 6.267854325276858 6.123507451433397 5.953289453927027 6.005081291203169 6.135940098851279 6.515623260514985 6.950182065129411 7.6253484859335 8.396150779670279 9.214889116832637 10.22312271129522 11.36496674708906 12.47938188507942 13.71844660789793 14.96941445549601 16.28677541380603 17.4385492946094 18.42743314982727 19.14406293737557 19.52883876638225 19.34922052259572 18.55372465238543 16.99174777721055 15.4548242182409 14.13777349638985 12.81915165916143 11.71208356934494 10.71170288510621 9.74374728793191 8.93387008686841 8.166747305571334 7.543283641276503 6.953623514638821 6.444605059579771 5.985281053839572 5.564657868882932 5.180722724908264 4.834522430752259 4.546302642353112 4.260846552839212 3.997971548007627 3.778890981259792 3.580621684755897 3.401844351188629 3.275389800233825 3.197665250863793 3.114948798283876 2.983150939122424 2.958800941720256 2.830713727216789 2.755449118281831 2.709425526692939 2.624366499105236 2.600481648227287 2.566300145572313 2.536062846294953 2.555330135044642 2.591654812342313 2.583212293411634 2.492467936252069 2.444779633313374 2.386984616434347 2.400467234812822 2.379969815711775 2.379586168717651 2.330323631049396 2.331744729206548 2.318807133153314 2.319202836857585 2.424793316335126 2.36509295203723 2.358238393644569 2.262749482848449 2.275893159152474 2.266468185061967 2.278931672997714 2.284182612588666 2.281090086180484 2.248976532115194 2.250264435078861 2.304836744442582 2.261320728282953 2.316191646736115 2.315895157640625 2.315759092783992 2.314514457433688 2.312563189814682 2.280446234282863 2.291204735025531 2.299290631988697 2.30714069104215 2.261599775358263 2.27912371545608 2.290078413800074 2.317119372128218 2.314911698260403 2.386631774330453 2.438228024311684 2.470555350333598 2.392127580351371 2.403006619213556 2.406059523578733 2.382195776903245 2.393837586534573 2.431540298101027 2.372990455995023 2.30205458319324 2.281697395614174 2.250188399413673 2.292492417956964 2.251866502025223 2.238969733196427 2.218963727340451 2.262674269612035 2.281941750028636 2.245940069715289 2.275192710636475 2.210730208753375 2.20685508673705 2.200694369006669 2.214145439771528 2.264332636073959 2.200593557747197 2.159305196924834 2.171342340101546 2.186863632083259 2.214145501427993 2.210598321478756 2.205739069282572 2.233462102667545 2.211817758359757 2.242251920833041 2.287563464649793 2.292902755936666 2.326348651095032 2.311961053674167 2.281219472182784 2.259473642090597 2.256727993390086 2.288312844274515 2.274455795744871 2.314572866362141 2.259353700530482 2.232407722069183 2.228294273852953 2.236166566548491 2.255798082434922 2.282535226127948 2.311968942762178 2.282860340856132 2.256757458331776 2.294630031814449 2.268922924196886 2.258656012949359 2.264579234608391 2.283072568308853 2.310895712449565 2.288435740025307 2.30741946787748 2.346360928113427 2.322959295246619 2.309858111599169 2.299019233210856 2.314558174661215 2.344074621960317 2.348159391713125 2.328389177677309 2.280437370245636 2.308875875332888 2.319169612375845 2.371098823685315 2.336433663029311 2.336671935485356 2.320697643786843 2.328536013759731 2.335254210129278 2.288900204544916 2.304537568081287 2.292159282127614 2.352346092708103 2.355718348444498 2.328801955845847 2.350216317192462 2.328849924486349 2.354612828177778 2.420072394641466 2.409541819859442 2.340851024371659 2.315226764432737 2.273920570140035 2.279658762032341 2.310007760723238 2.280267825703049 2.326089905172921 2.329084080920438 2.294702043800498 2.264147098274407 2.282809545955388 2.25145645676821 2.22780819012587 2.257698646259087 2.237973567345762 2.222461765230037 2.240464023834647 2.276259591268172 2.289558622356708 2.272338101985952 2.262748601853673 2.258178211315681 2.205676495548687 2.212099716438388 2.238468685169209 2.27380392385021 2.22228011410516 2.263378162133449 2.262779578868503 2.274264841282275 2.238922392534732 2.156614031453501 2.138890577407437 2.202518011676148 2.200508532274398 2.15991829468112 2.169881233658543 2.176750630629613 2.181974446139066 2.220462148911793 2.20025536472167 2.140447319776285 2.116368482085818 2.108998723713739 2.119785635779408 2.104174331114336 2.156461042170122 2.186645377438253 2.192558563696366 2.224079007988621 2.248538434727379 2.277964973327471 2.322540123532235 2.305959503777558 2.336285959216184 2.313440668767726 2.327692499551631 2.298170105605095 2.327888286271445 2.320758684923931 2.33064749474579 2.298142946652661 2.300797283649445 2.295592656611916 2.291759916764931 2.34402083351597 2.356288485392724 2.337478669520351 2.285531926729163 2.309358522656112 2.299679141604429 2.306092120347785 2.331191048604524 2.336796868523379 2.376694803737337 2.342990143893985 2.375836593688291 2.358162690268728 2.384415778193215 2.393830073589925 2.42872283809993 2.430889541203214 2.336889455524215 2.277755909508414 2.269429186310845 2.214954074444904 2.264532244422298 2.282815802002006 2.332966105124797 2.336981844498951 2.286344239542586 2.319224104667228 2.34302274712536 2.357354755287815 2.429396952451498 2.416815627548203 2.435842273323033 2.501788523761206 2.602068176875036 2.635838721995242 2.7843008634336 2.952440655157261 3.204514739387378 3.52366787592473 3.883848757479427 4.337828647676361 4.810216248391953 5.354089032560296 6.011776184142946 6.728382452583901 7.534981011325726 8.385486168259376 9.279440241018165 10.26103250681263 11.27650340802211 12.4084752191593 13.5068818245054 14.77971290138521 15.9002431091576 17.07792588743905 18.28470454468697 19.4922098454681 20.65498620209837 21.85337734323548 23.06769766241177 24.2448136739913 25.5215288849613 26.70657995974398 27.82097488410545 28.9250142043602 29.97725005369284 31.08157594603108 32.16710021926338 33.23800787294749 34.27326310479111 35.44494639439472 36.604575266756 37.65176139007235 38.63463535349001 39.7052575299349 40.75281031038685 41.75407589840324 42.76535696509018 43.06180181947275 41.51829797170649 39.55509280342085 37.35190368333861 35.18199851760073 32.70663567166775 30.13361424287905 27.43569909343569 24.9009715747161 22.6203399369515 20.52624875336915 18.69445469914353 17.04534350085305 15.54740926368686 14.24542850680518 13.10092293510479 12.08229452480737 11.12992663379555 10.25737521163683 9.475452222897729 8.699352663003083 8.014631332371209 7.424597101999098 6.925799257574909 6.485971945294295 6.061857520115154 5.614832653225676 5.291474533638393 4.980078084841807 4.717719556138036 4.472307093583368 4.261932997636904 4.044837231231213 3.893280059142853 3.726157694400172 3.594077251927956 3.419208672501554 3.314893360298811 3.183971122314233 3.121427340890477 2.951706979347364 2.863020750117357 2.754958874473232 2.729309960002865 2.667461196306249 2.623507648037048 2.576239439162237 2.540523958545236 2.506842715931271 2.451477215159684 2.430515812095109 2.377986204701301 2.421484550228342 2.373823033522058 2.348002080500009 2.355901590197391 2.332114118544268 2.331212153545493 