# Created by Octave 3.8.2, Wed Jul 05 16:42:19 2017 BST <co1ssj@node117>
# name: result
# type: scalar struct
# ndims: 2
 1 1
# length: 3
# name: params
# type: scalar struct
# ndims: 2
 1 1
# length: 18
# name: cleanup
# type: scalar
0


# name: num_runs
# type: scalar
6


# name: dopamine
# type: scalar
0.7


# name: targetCross
# type: scalar
1


# name: targetLuminance
# type: scalar
0.3


# name: targetWidthX
# type: scalar
6


# name: targetWidthY
# type: scalar
2


# name: fixCross
# type: scalar
1


# name: fixLuminance
# type: scalar
0.2


# name: fixWidthX
# type: scalar
6


# name: fixWidthY
# type: scalar
2


# name: fixOn
# type: scalar
0


# name: targetOff
# type: scalar
1


# name: targetOn
# type: scalar
0.2


# name: fixOff
# type: scalar
0.2


# name: targetThetaX
# type: scalar
0


# name: targetThetaY
# type: scalar
-10


# name: exptnum
# type: scalar
0




# name: r_0_m10_G0_L0p3_D0p7_scsum
# type: matrix
# rows: 6
# columns: 600
 2.265671594468586 7.433988370263251 7.027419631489465 6.674359396285581 6.366889121076383 6.071651372654742 5.979538173065521 6.033758538222173 6.228158702615474 6.588571697080624 7.057276519059087 7.623676001916465 8.345330107593327 9.276345953800046 10.28421066916053 11.40334488515691 12.56346039836353 13.79844512239652 15.06998268534517 16.28817798700766 17.50485594036945 18.57696373697763 19.32102203770046 19.66402119019767 19.49985312071294 18.6929988177435 17.11681044218858 15.44744063977123 14.02637696082456 12.76935109818623 11.59233103726365 10.56752187622624 9.683638690075895 8.852720827420853 8.129983889495634 7.547497516992735 6.947869556304795 6.396851638710359 5.906940828292136 5.470668950438267 5.153881870870464 4.813228138646082 4.430648009642027 4.184679550984583 3.967519221172552 3.752702562953345 3.591512705119385 3.449835795896433 3.301663332666976 3.174550134361198 3.098198727573163 3.006925473309821 2.94385874067666 2.908491982807391 2.814925589886116 2.765576367695758 2.668575732781392 2.587359577184543 2.612630623621953 2.566668538278464 2.665145696624677 2.564224345074763 2.483464138633281 2.491791083903991 2.514044498857402 2.472165019797103 2.437070311058051 2.437153192295227 2.365920529700816 2.353512667632458 2.336769863581139 2.3924526320734 2.421710432150576 2.400561003736357 2.389186808311933 2.432570587181544 2.424525675527548 2.401640262503861 2.431509340516641 2.37828548521793 2.361254416246084 2.284137423252105 2.272873288378833 2.23282667294734 2.170812820229912 2.236271966346976 2.220669139376696 2.248883870437567 2.22605515415853 2.264001086412463 2.296530301431631 2.32616262904412 2.317330986094021 2.27741049110773 2.285650756617542 2.266669426151566 2.285398433152295 2.300194951196318 2.254298935487896 2.26801856145903 2.257324192116357 2.301730972356381 2.266876699179193 2.251399988686899 2.235741369997413 2.22461746594854 2.214884973152948 2.161827937241469 2.160785257748103 2.125257640296695 2.128184139044606 2.117552833951777 2.134395901550306 2.169890399691212 2.200346650257416 2.200722239442257 2.194450123377464 2.216088654095074 2.153866713037132 2.215227252090699 2.276438500499353 2.314832339863642 2.282403422883363 2.28351421667503 2.192943667207146 2.207974885021031 2.175703963715932 2.163738379440474 2.199715587230457 2.195951718436845 2.152417117875302 2.202584046534867 2.246944982398418 2.237758052453501 2.277156454430951 2.26154843997756 2.231347932784047 2.227831296659133 2.205329837401223 2.248875563826005 2.301917768469139 2.227616800388205 2.181364021711488 2.246584377979161 2.273809476442693 2.24747777065204 2.249137151204195 2.256178544386785 2.301092953210173 2.255653809890646 2.232822652687901 2.210662305333244 2.262103499349905 2.239738741998735 2.273494346132793 2.303149758081418 2.251987049787203 2.240844708798249 2.266561766758969 2.29546248279803 2.260994679279975 2.287338523055951 2.305294205880273 2.327763443045114 2.336081549903611 2.295105462446372 2.267984781723499 2.282033095492807 2.279362183213379 2.225001703596945 2.201536960259546 2.127148003593902 2.191101772456022 2.14867991850042 2.190602839509666 2.188359885010868 2.19265092612477 2.245984223081905 2.27586110095217 2.242886630956491 2.288115664615361 2.316386842067004 2.30293898848322 2.297183785085508 2.311888612193798 2.347211419615633 2.331106937206641 2.296938175448304 2.332675578269118 2.340054976222746 2.344672195187741 2.304669556040608 2.339635578580783 2.35091352721065 2.339568784922449 2.298244565834466 2.346405276228325 2.269071190463364 2.314566443761578 2.301276938414958 2.267568400777236 2.322689852264375 2.299584539432544 2.274330543059477 2.342319654861058 2.335353014983411 2.391681361714291 2.369422115236375 2.420669109582377 2.415500301231077 2.417858628796239 2.44749637098721 2.413532037120603 2.403193810481753 2.375768962752772 2.328410824200546 2.322803776336514 2.406502264668234 2.350713280226046 2.403857543398772 2.389182899467414 2.382351059371558 2.375030233080906 2.409760189701046 2.341065317988978 2.348577473509067 2.29979808814096 2.266852715503774 2.256873429290863 2.256383836407622 2.25272493776356 2.307119735698507 2.346970903246984 2.305425384060072 2.273879895619757 2.248453855314438 2.174667704705826 2.217569548665779 2.263748006564128 2.333173782619269 2.33568572335389 2.343411821451809 2.313781097167521 2.348829643069621 2.290428990407236 2.257354067742199 2.259321942663519 2.263158392452169 2.27377961921411 2.232271399152523 2.226997778961959 2.241064859787002 2.160280419571791 2.169005381841998 2.178043117466586 2.210629416243137 2.202509638154879 2.208109184241039 2.253475895224256 2.260225714562694 2.300656556639296 2.357972427726963 2.357721730906633 2.335856896082987 2.321493531409942 2.349209927309857 2.319400152071466 2.281536399099423 2.312045675949776 2.371865960532887 2.356021434563445 2.321136144917546 2.363338680239394 2.371821380678739 2.375779718116974 2.356438087153947 2.351180739351548 2.348321314839268 2.376119134740293 2.51168514429537 2.640014649432487 2.838914382333314 3.140333068706241 3.425695273239398 3.856372279202333 4.394182991723937 5.002748426602921 5.750245841285505 6.513081370248983 7.435811810519226 8.388043105409452 9.470749206084292 10.57095777967697 11.81975956327187 13.23408432500582 14.61967426437332 16.05070535765299 17.58353465508935 19.10885147344379 20.69359071777581 22.14028174306441 23.54798408643546 25.05058983978233 26.5358842491587 28.02383737181663 29.4612006430325 30.88064059612225 32.21273968719834 33.53563511333778 34.83917006134288 36.08082683142129 37.36200990137877 38.59788462266988 39.8850259300234 41.13704261117527 42.33702848344183 43.68408091675519 44.90972683964355 46.14932677222168 47.3654530877684 48.55618369835793 49.59961901723 50.67900411397932 51.78140247915508 52.83758548771584 53.85500030143157 54.97305399044853 56.06906271660409 57.1606158408722 57.94256087139001 56.99203152264818 54.89381715119089 52.64055190592808 50.1351842792792 47.43568493892235 44.6141130999149 41.37711558201408 37.76584506689323 34.24413311400349 31.01835160791961 28.15636237962281 25.54593128717534 23.1673949156575 21.09303006762275 19.19876819825731 17.44382575759482 15.99146020290937 14.60388901198894 13.44466511425708 12.39549822929439 11.37618502530677 10.49244457367604 9.637243163746462 8.920374699417152 8.174030188694815 7.59041774430807 7.024221341467637 6.543344138848624 6.034241761750309 5.655756993393879 5.334495199852427 5.039247499596968 4.704363671735337 4.4762453928779 4.280191116362403 4.064129980764847 3.816584135636731 3.677966915543948 3.564699213857239 3.430322706888546 3.345916397152905 3.228643995656967 3.146850140725292 3.062978064101117 2.967724382200686 2.897083108800871 2.819219572651491 2.755265954801871 2.69813896859705 2.681666087504709 2.646647581066645 2.594290578344953 2.604065038085537 2.55212781510636 2.580908846688544 2.493508341623965 2.450525798503804 2.443921598845918 2.45756046360475 2.430108983699029 2.437976251667351 2.416457845822151 2.416365071436303 