# Created by Octave 3.8.2, Wed Jul 05 16:42:12 2017 BST <co1ssj@node117>
# name: result
# type: scalar struct
# ndims: 2
 1 1
# length: 3
# name: params
# type: scalar struct
# ndims: 2
 1 1
# length: 18
# name: cleanup
# type: scalar
0


# name: num_runs
# type: scalar
6


# name: dopamine
# type: scalar
0.7


# name: targetCross
# type: scalar
1


# name: targetLuminance
# type: scalar
0.3


# name: targetWidthX
# type: scalar
6


# name: targetWidthY
# type: scalar
2


# name: fixCross
# type: scalar
1


# name: fixLuminance
# type: scalar
0.2


# name: fixWidthX
# type: scalar
6


# name: fixWidthY
# type: scalar
2


# name: fixOn
# type: scalar
0


# name: targetOff
# type: scalar
1


# name: targetOn
# type: scalar
0.2


# name: fixOff
# type: scalar
0.2


# name: targetThetaX
# type: scalar
0


# name: targetThetaY
# type: scalar
-11


# name: exptnum
# type: scalar
0




# name: r_0_m11_G0_L0p3_D0p7_scsum
# type: matrix
# rows: 6
# columns: 600
 2.331320918900019 7.394528255943442 7.030915738479962 6.621951819663082 6.355926038479083 6.133742501191591 5.977700056944741 5.978317790664732 6.191081711825973 6.491478331427061 6.984025214125722 7.624843226065423 8.403832163072366 9.306004262212809 10.314905334184 11.41483158341725 12.63990139546513 13.88925472016854 15.12988977068744 16.37719909372754 17.48176413448527 18.35977478683344 19.01089996821975 19.31872665701667 19.14144044176646 18.35047893344745 16.79231989979235 15.24983709493245 13.82389099628199 12.59291397718334 11.50382605212508 10.47517328191316 9.65389573317043 8.808842888072832 8.146515177581023 7.522908236278454 6.945258824431221 6.496986830574315 6.039954416017281 5.625681361880197 5.259791501113796 5.010929130286968 4.695027486835897 4.424966308757575 4.150170586337481 3.878832284302916 3.743677845439379 3.620489243345219 3.42448517730918 3.36735899305495 3.235435678827344 3.027581188594922 2.930702611774905 2.81822116694002 2.712774114181229 2.676976388771436 2.64401680618721 2.661934993255272 2.618124787855777 2.579614766156737 2.50211290014704 2.429287031810418 2.406940469245455 2.412611282328726 2.384440404559427 2.320488329984073 2.31081776125211 2.312910761345847 2.297860116683296 2.273817398328902 2.312839293103025 2.257948719994602 2.32874241013451 2.315706109249732 2.361997058418638 2.343384084495483 2.322755523146043 2.306838629921913 2.282820664800965 2.287252561211972 2.316680200028713 2.334221702127252 2.376623502022994 2.41246732050422 2.384658467337431 2.369730498525314 2.378695444003824 2.410942595790402 2.394729874729819 2.417546273525659 2.361240443990027 2.345441073885013 2.340877004824506 2.354182755661895 2.320482319053554 2.314375243016912 2.321475041844678 2.29340621708252 2.299007676039764 2.333216218776215 2.350577047731349 2.350958157148852 2.32817677883213 2.25938187000429 2.246200148318167 2.193762200186029 2.258471312317852 2.206782696601294 2.264515704771839 2.250478137520986 2.2858576628023 2.317379125895968 2.268353342322371 2.314996523458831 2.295507312316658 2.318635389652627 2.289647979559959 2.315749218963902 2.27987710574962 2.226427112713282 2.223234576180403 2.222066267517221 2.282313399638952 2.327544786508952 2.339178347687266 2.285477910445479 2.242850664966682 2.214679973641978 2.209836520429235 2.218079302881961 2.203092577674397 2.211386760593086 2.215351638926222 2.237700223980937 2.162823544626008 2.197852268061979 2.216351074905106 2.244680805422831 2.259619141645089 2.285800874960842 2.278320765977696 2.277583173890889 2.234878541765283 2.247698147501069 2.30169432841285 2.274245014177723 2.274474835936417 2.294958052269067 2.232845812308369 2.2665695072792 2.299755640407966 2.312239608672826 2.284629432555448 2.317723964326433 2.276272373652318 2.255008325581002 2.238158324111282 2.199013060559082 2.208735530173726 2.2177876340902 2.209346788451512 2.239091519568319 2.279015332420386 2.29677266300132 2.276840695041756 2.277448291720248 2.228892337858269 2.226326188865642 2.210272140189772 2.163639328864519 2.169213747110916 2.220623017228718 2.180292940020081 2.207725448155543 2.245556808262336 2.25540236714005 2.252047932768619 2.212420525162088 2.186874586161139 2.14579682816111 2.214536058938393 2.253118170825473 2.232910724927933 2.224731064045045 2.223033853391826 2.163105916901259 2.200848085121834 2.172373584930028 2.172641029617807 2.234612475811446 2.238380718023109 2.257662760879612 2.282087478291942 2.334560924904508 2.328511799918488 2.324898571165249 2.280940943746828 2.26716032152035 2.26740030048677 2.250786096894444 2.273854740418756 2.29031834100806 2.301273962028063 2.312091473333112 2.304976229179374 2.254222052641126 2.260599435200675 2.255621826167044 2.241246217818116 2.20997106251707 2.289266072963073 2.277250416271272 2.288014328671125 2.317538499256443 2.348347156337695 2.346153088088613 2.290782847594528 2.35156970796379 2.29696190476534 2.325433804435306 2.36396134988172 2.353220556327869 2.353941220999332 2.362097056487983 2.327613273762836 2.317833977562259 2.334179091307305 2.353309183930833 2.361757574653893 2.318527506795363 2.28545546164969 2.266047160581365 2.334130712028127 2.370360530927428 2.387558586517116 2.382373241085588 2.354396194305082 2.332121050167189 2.333734773754259 2.324949311871023 2.32097327842348 2.357837348055909 2.36611858670949 2.363949572358251 2.390168035220995 2.363894301133769 2.328751415298029 2.373692642308015 2.353703686509107 2.327131950311013 2.326995614370389 2.356774496794969 2.355766443586617 2.315232904458753 2.366112614283338 2.408558727242053 2.392856847087387 2.374173460477323 2.394301297041238 2.343171413267555 2.31601573136868 2.295370299369097 2.275234762237233 2.282221520006715 2.256117791192082 2.266088989344098 2.192113647968654 2.24803682466154 2.267829693839303 2.327016544073558 2.368506431696005 2.336699965491789 2.314791706048709 2.313007944792844 2.331031171232098 2.371584238342621 2.520300818981923 2.71564432860032 2.926828095522069 3.157708036360418 3.477074538925081 3.822551805791591 4.233250568544463 4.757674537933781 5.301431191859592 6.008424320578342 6.823350233393285 7.629043436401844 8.609025354779078 9.607920669917803 10.7342200633866 11.92328407280365 13.13843823851494 14.49228960891196 15.95080706498265 17.48683242438346 18.98399664465614 20.5141028432954 21.92836741065548 23.45798576236848 25.00498446516576 26.48240810629795 27.91045652030516 29.30878770628624 30.63587660895428 31.94789787078116 33.27878094088373 34.59521760962525 35.84087380412529 37.02483847060648 38.22136822992252 39.40565152203999 40.61094570583373 41.79979979826021 42.97937206682764 44.10164152677316 45.19649199667037 46.25015639121921 47.34236117953787 48.38231174323482 49.4384658086783 50.45669943188659 51.60149095179077 52.76508356689737 53.86103185202228 55.04209659904336 54.38856857354585 52.30440899346286 50.15508457233227 47.63434786943617 45.08820685239334 42.18060814139062 39.17003122995447 35.80167506349244 32.47439177877095 29.46236814937311 26.73054296028567 24.31955570246646 22.12591285786402 20.10450550510723 18.28387911826212 16.63274247234949 15.20492132347863 13.92609302268738 12.79142090177993 11.82247188840847 10.81504119324745 9.917746725273901 9.169943051820155 8.470627933562355 7.867931190761738 7.290271294505146 6.77946546207022 6.261070477929024 5.806616998081154 5.476035230632988 5.139243556586734 4.855472367496986 4.577482976234023 4.298293944004399 4.067233468042105 3.888974423687614 3.777876874533831 3.662480076600332 3.516489102610649 3.421542529773433 3.360195546163595 3.208839017148421 3.154697713554924 3.103726006396755 2.996732369836536 2.91104701362201 2.85204492424964 2.79441042302733 2.722053655387754 2.636860785278259 2.606637094169855 2.561445817837011 2.506531403327244 2.497199806741264 2.485080776154064 2.413679614846842 2.370228346801923 2.347857337983442 2.342853842994373 2.311181668701465 2.346184629677737 2.323865618076525 2.263785722039756 2.270324213073764 2.248207177399308 2.312095789893647 2.321207195866009 