# Created by Octave 3.8.2, Wed Jul 05 16:42:14 2017 BST <co1ssj@node117>
# name: result
# type: scalar struct
# ndims: 2
 1 1
# length: 3
# name: params
# type: scalar struct
# ndims: 2
 1 1
# length: 18
# name: cleanup
# type: scalar
0


# name: num_runs
# type: scalar
6


# name: dopamine
# type: scalar
0.7


# name: targetCross
# type: scalar
1


# name: targetLuminance
# type: scalar
0.3


# name: targetWidthX
# type: scalar
6


# name: targetWidthY
# type: scalar
2


# name: fixCross
# type: scalar
1


# name: fixLuminance
# type: scalar
0.2


# name: fixWidthX
# type: scalar
6


# name: fixWidthY
# type: scalar
2


# name: fixOn
# type: scalar
0


# name: targetOff
# type: scalar
1


# name: targetOn
# type: scalar
0.2


# name: fixOff
# type: scalar
0.2


# name: targetThetaX
# type: scalar
0


# name: targetThetaY
# type: scalar
-17


# name: exptnum
# type: scalar
0




# name: r_0_m17_G0_L0p3_D0p7_scsum
# type: matrix
# rows: 6
# columns: 600
 2.316899644945806 7.506210971958353 7.068825570742774 6.63280858622602 6.232662820937549 5.923244854006043 5.800268555152797 5.864516810775967 6.084112581978843 6.387202785546833 6.854640354576986 7.526223823573673 8.299536426446139 9.200240995323838 10.1526676770809 11.23293334293703 12.3057328153518 13.52055391159229 14.78776967853992 16.09028309999394 17.28924625620311 18.32237738062395 19.12938067392679 19.52036580478307 19.31962982095865 18.53534142430726 16.85547226609924 15.32659504032927 13.94848599971738 12.68158085011601 11.59370988944829 10.68507167187636 9.75228970261378 8.966708546875452 8.204350696534675 7.562940278243332 6.94857888736442 6.472719191078795 5.963309587488766 5.508656886133394 5.142669455992291 4.805600712927117 4.449744726607605 4.163001998578693 3.992623550240751 3.750762813659094 3.610612820200913 3.489980330628896 3.370873603475047 3.31303614313947 3.198973886783278 3.110989883211005 3.010860873107958 2.890523562749877 2.83407538413303 2.774938884813309 2.668198212577408 2.591005712667538 2.617403422416828 2.529645736740349 2.587572242649912 2.498187729855999 2.439784665499246 2.423839100596524 2.39468699900317 2.364416698219429 2.350790023864192 2.334572302803281 2.328922513999714 2.366592535157906 2.322751087389406 2.320464333486825 2.377824936698744 2.383055225382122 2.423312236507627 2.470271197918919 2.450575369359285 2.39449045569927 2.3377473024957 2.296287614648463 2.274574504728662 2.27843348638271 2.265454540174687 2.326060513212724 2.348284613668511 2.335338952714665 2.33691656121664 2.350049166141616 2.326880640888703 2.372134117347741 2.364381157651223 2.369369758562243 2.367050985238166 2.350861687336874 2.30956890735979 2.323361447131902 2.320140427551451 2.339988022609759 2.329578812743421 2.348108487185527 2.33547318041019 2.351381490809672 2.364925729521929 2.316050270765118 2.304072530343547 2.261881226128025 2.222307025083865 2.212180093289135 2.213848637191404 2.246474332365324 2.239680854698236 2.219872329053032 2.225308024637343 2.15651243211687 2.149836934475388 2.173341971556511 2.177997721440988 2.243550729595881 2.26269413670525 2.222628775394696 2.251490264716267 2.227358423624537 2.241700732085519 2.249873436809139 2.275416760821827 2.269401445162657 2.261174070234119 2.306012405195361 2.288404667704526 2.267794129598769 2.308209704140609 2.33087134555899 2.339493568899343 2.275471716235188 2.282083249378047 2.299333866096276 2.313124700576736 2.287295772683137 2.271426799899928 2.277824271084228 2.302958126107114 2.344681904687604 2.309740339816926 2.353058923075878 2.309757938470284 2.267223881695827 2.297489326068899 2.25536585089958 2.234610885658185 2.237039385174285 2.19689276673671 2.187216139969678 2.220556030115404 2.278949637162441 2.30272618959134 2.20242847269401 2.233557834751082 2.259154214000773 2.264525297781802 2.262525713429568 2.306439695032168 2.348562104147277 2.3832586332137 2.383926951137255 2.401397644098324 2.418208136052272 2.364792843909527 2.355459313384927 2.410589745664765 2.457342918947688 2.449259875094867 2.42157581133506 2.399453458150674 2.433007215200632 2.407072532409074 2.433433550868358 2.381467585444625 2.328415842857794 2.310916743197595 2.338882582102087 2.298274155768013 2.274487305678122 2.296503111811035 2.250612965117398 2.320531856585148 2.314364697234851 2.257819251804904 2.268600694973429 2.308192663305817 2.258872496888216 2.24232330866289 2.241233447051854 2.272772364573029 2.240149198092695 2.284417019260218 2.293576555608524 2.30054301859127 2.280431943368967 2.315981376559648 2.24453664876637 2.262368207477266 2.299803353373136 2.353049358120188 2.35434207369326 2.351002135124872 2.343919534090674 2.389411417188967 2.356767741049225 2.340416065805584 2.326296170926071 2.376133458910772 2.418393047726568 2.438418499717955 2.378233764371544 2.405508103998727 2.402155464747921 2.379571743618726 2.411620561098971 2.429719702333387 2.40241712057832 2.365030093355017 2.367663561406516 2.351764189377718 2.387327494521742 2.336657820251276 2.341340866536484 2.34540840927184 2.311144318686274 2.334317312739586 2.323960222642199 2.339651363370649 2.322084674861799 2.336736322758952 2.322021383231004 2.287855961090827 2.344310400803806 2.319952934740286 2.356405547907343 2.329981844824943 2.314514818801399 2.344636817670107 2.338310099356022 2.292646301899367 2.281044999537698 2.297616987430956 2.302032271536518 2.329990726844699 2.365655867837631 2.354683704774288 2.35635824676865 2.375000985412044 2.406101859254704 2.367927528233849 2.441121883668529 2.412141644592339 2.478650400418701 2.490349528306979 2.413384977531678 2.401420692498505 2.28654079082844 2.246991527295904 2.21543340307835 2.199440108364797 2.17491311115009 2.179615395398287 2.181245466414111 2.183055362005689 2.166247201297665 2.195339116333344 2.166827472057776 2.194761352031492 2.193008635003935 2.21011209381868 2.292729366081403 2.271402676531579 2.311524910921435 2.290707972286327 2.287056524855871 2.271225675662208 2.277067385439295 2.366214734902314 2.332567684250535 2.325644350075891 2.372107334980683 2.379226525133163 2.402150631449331 2.375870028066856 2.396675184900232 2.418035694834543 2.386653863613901 2.360813087696442 2.419998834266153 2.496396520478811 2.52433782387925 2.682857701442117 2.888450298019961 3.190797944553196 3.491948419414257 3.932857753679855 4.426006840869377 4.987185257861711 5.663056529228925 6.456804027122416 7.269020919760806 8.120051449077437 9.039366989962218 10.04700140584464 11.11537690343539 12.34174860576604 13.56542799367708 14.82541957379726 16.1556554285271 17.43381127170778 18.72270781750194 20.00848065953687 21.25654461756312 22.56724731753638 23.83635969596071 25.14892294795936 26.40006268397701 27.63455818235525 28.81011493837104 30.0094662209267 31.11381940464707 32.17188874092244 33.30290254264401 34.39606489033213 35.47439185767143 36.61652276183304 37.78649155577659 38.81511502323519 39.79511337253643 40.76112088875198 41.70744220694542 42.65790743926664 43.57738389322185 42.69930765137178 40.95481186391407 38.8832554055225 36.74571326975274 34.40980432609649 31.88812886657433 29.19421531965781 26.4850775705745 24.01646709900888 21.75237136923533 19.82882398611218 18.10057757064351 16.5244861221945 15.11619561663974 13.84077592351969 12.64711608920516 11.6342653776519 10.66082773349626 9.811767404986313 9.081277631397825 8.425154213959104 7.823802696017083 7.266074526665761 6.705371861156891 6.289111911710279 5.876538458149298 5.518803883700457 5.134915178481606 4.857804002473131 4.542126533528062 4.318931182580855 4.104079214995181 3.903792197095754 3.703075577483105 3.579660381990834 3.501736527661706 3.39706335045048 3.25797401884347 3.150220181996701 3.073707755924261 2.994144201267773 2.935775786125305 2.888187718923291 2.824833406233665 2.767438410803152 2.674767932334362 2.657490630743268 2.61599566937366 2.572956750769663 2.4668503000903 2.468560011907357 2.472390761435236 2.372858079477737 2.34887192959286 2.331694580730982 2.331226402572156 2.321980963934038 