# Created by Octave 3.8.2, Wed Jul 05 16:42:14 2017 BST <co1ssj@node117>
# name: result
# type: scalar struct
# ndims: 2
 1 1
# length: 3
# name: params
# type: scalar struct
# ndims: 2
 1 1
# length: 18
# name: cleanup
# type: scalar
0


# name: num_runs
# type: scalar
6


# name: dopamine
# type: scalar
0.7


# name: targetCross
# type: scalar
1


# name: targetLuminance
# type: scalar
0.3


# name: targetWidthX
# type: scalar
6


# name: targetWidthY
# type: scalar
2


# name: fixCross
# type: scalar
1


# name: fixLuminance
# type: scalar
0.2


# name: fixWidthX
# type: scalar
6


# name: fixWidthY
# type: scalar
2


# name: fixOn
# type: scalar
0


# name: targetOff
# type: scalar
1


# name: targetOn
# type: scalar
0.2


# name: fixOff
# type: scalar
0.2


# name: targetThetaX
# type: scalar
0


# name: targetThetaY
# type: scalar
-12


# name: exptnum
# type: scalar
0




# name: r_0_m12_G0_L0p3_D0p7_scsum
# type: matrix
# rows: 6
# columns: 600
 2.289979208173463 7.385399157734355 7.036787163651752 6.655962450935476 6.34394927334688 6.109110347009846 5.962261583028521 5.991091504816723 6.085623635328375 6.413623557193205 6.870146138415294 7.551393257475866 8.341352929586719 9.288640444909106 10.28440534725087 11.399838400921 12.52914760850581 13.73338960630281 15.01825380029914 16.22279407086899 17.40056556521085 18.38107435119309 19.07349610092569 19.50204894381022 19.30390604095737 18.42917382971063 16.82398134037066 15.23955534168635 13.91145352010653 12.64045701709256 11.47912001921213 10.49351941084387 9.640020713379272 8.825672584905988 8.058873403460893 7.405402564254473 6.830758841371789 6.31529622074595 5.915915489280451 5.478066143328761 5.126505159827502 4.801528176591091 4.481629547484772 4.224842672942032 4.017359761668558 3.818454427273537 3.673373808509496 3.532105686015711 3.407508234638954 3.286233157035895 3.169630285752646 3.031565071774821 2.927203823994205 2.846880268290988 2.79782939125289 2.672302880448115 2.613810751989149 2.641056886961451 2.528372508111715 2.512091698070435 2.450809503385244 2.444115742931899 2.468661018639978 2.443134018785713 2.434612455665047 2.421556476878322 2.460409675317351 2.484680419074721 2.485148790088715 2.421185925850295 2.454046418948565 2.453292027668795 2.442484198880265 2.383050109138821 2.414642219657253 2.464729290888499 2.438956761576264 2.420171038262197 2.405646092054667 2.433104719100811 2.453782572818454 2.437150658846804 2.399061624331807 2.334386220019951 2.358256882638671 2.331168302760489 2.341592144308379 2.33489949957584 2.396073390242236 2.387873485029559 2.391974507343548 2.331125355165568 2.288786899938714 2.299523652603966 2.268248566746479 2.258010427074623 2.290088954998282 2.269427491051829 2.304413832614955 2.319760525024321 2.327011306195345 2.299746530814446 2.298495993676624 2.263894512929255 2.225082953311357 2.271195717155933 2.261408051661419 2.253351933548402 2.317504808605008 2.3984446273098 2.309985382700688 2.352895497286227 2.340250576069593 2.331946930731647 2.269606030036812 2.272222258354304 2.271671897192391 2.291712788028235 2.338292128599278 2.317316915585252 2.380184310422919 2.35295018530087 2.31092667276971 2.335642807076511 2.343137932839454 2.354857518446806 2.398778078710166 2.383666727502714 2.361805162727251 2.392315912125923 2.35848608755623 2.331124234960953 2.316602394650545 2.292450349676074 2.311517962574726 2.28670522644461 2.236704315096176 2.269021474119654 2.221257144234187 2.261963939010457 2.254429929693288 2.26457284620119 2.256611249449634 2.272340730042743 2.321866124751978 2.335290050081312 2.389013993270055 2.368401225015077 2.370931453217054 2.345325302634592 2.397717324183759 2.435042308665288 2.393922032155388 2.380837843993504 2.352264824392478 2.425135230114392 2.412463236905751 2.365305334325967 2.327458854990255 2.277813545704703 2.212877895464771 2.178572170457301 2.204143479728373 2.244725051521527 2.210947772386135 2.266672202331392 2.230178747729951 2.208286076735021 2.180462831292971 2.168617334722512 2.187834849408318 2.158104506601376 2.189712779872934 2.196779058896936 2.181646664444997 2.187254608172225 2.16180300382257 2.172639398253523 2.233046988607384 2.294318518306682 2.326156576407811 2.358975338112941 2.344161432847613 2.294528778937092 2.307662638289912 2.28854878015045 2.32729332175586 2.359790034526668 2.393615576478624 2.385145909491257 2.408019450711436 2.318347228410857 2.313196695229635 2.292146633531956 2.310579946745747 2.313400319945686 2.321594673921936 2.352036862364912 2.362868679396342 2.403045079130607 2.381361787694914 2.36741466033709 2.398150835007982 2.346308731379395 2.376239228884515 2.330335632079368 2.305170709070808 2.33282646139196 2.347595298597298 2.428082378479303 2.465051164100259 2.439875298106926 2.395451733176742 2.39481330205308 2.371425694400386 2.378078919251038 2.325016943977971 2.270902700045554 2.285581112315413 2.331126072931511 2.317695376019401 2.282987597100146 2.242979600669059 2.202567409032781 2.189026929692773 2.218996218580287 2.274075567391264 2.253307220642455 2.292688178763456 2.285758061159868 2.280707027919561 2.261444761603343 2.249722578093497 2.237473681816027 2.265693766908953 2.296092032753222 2.32121245905364 2.300233720841788 2.288478710928757 2.269903028885892 2.284499558551033 2.236911944128224 2.260891408375755 2.236364667027374 2.267502602988316 2.269161146412443 2.290508190475521 2.306966676194861 2.232764444710483 2.23216060536015 2.228272241645755 2.2292268592646 2.246395580907119 2.289898840965179 2.291825615589914 2.352315061132686 2.364827163864902 2.359539103745192 2.332393450258678 2.357327283920313 2.365691219412838 2.330761729483129 2.301661277466337 2.303549186650343 2.267396884930349 2.292318200386944 2.275128170271273 2.233802579699841 2.278779236068658 2.294137868109829 2.294299152547865 2.263972896453197 2.289191928332002 2.254712825138995 2.273957574667293 2.266022315488954 2.283215999705135 2.265733687152533 2.288141642393384 2.331701536058972 2.393870331208745 2.506444277940318 2.639578809867089 2.83157027501511 3.074702031524794 3.370585482152364 3.764881753248119 4.24273739117416 4.844941370723973 5.553660452758777 6.338986541675695 7.105944256909424 8.085096237447942 9.022232922176045 10.05589824336494 11.18050328951358 12.46729854328669 13.82395766323134 15.23673137093829 16.75636029311408 18.2334233004367 19.67166423432354 21.06026081362506 22.45560781238601 23.75436333617836 25.08939952312357 26.4529358765576 27.79604271137941 29.17865249417991 30.44130792094256 31.70926110776782 32.89641096898413 34.12726913526785 35.34360760449999 36.49149125463009 37.57117519898748 38.70849508103129 39.861021376797 40.97859983719172 42.09925179958373 43.16627642852472 44.21286928591871 45.29899311762892 46.36931697914224 47.40873397649921 48.42425280516909 49.41376563684753 50.33756197459297 50.69123889255934 49.10069423951063 46.89929968252909 44.60595980083417 42.24948146245151 39.66685802209395 36.79234645695396 33.65751438115331 30.5551928065106 27.64262047323427 25.07579399302995 22.79827473592377 20.71855946130199 18.8705388234921 17.22195539923268 15.76956830274321 14.44653030614063 13.29029562879805 12.20029869102291 11.19177652204235 10.34002891748969 9.569446266563318 8.790707368258154 8.103870899838512 7.587839020663523 7.100239011178928 6.675038149012835 6.180600651612622 5.78277285015065 5.445190428668866 5.160802749485811 4.893684659655264 4.582120505561761 4.364485717669595 4.181911626666988 3.983570510754362 3.834768190310569 3.694971842898667 3.544031201567122 3.382229102760903 3.233810060810356 3.101050472276256 2.974643005858525 2.890813173456991 2.866375288165727 2.796636470797239 2.784097865751392 2.723882277830853 2.720145835803123 2.783195380627149 2.657943280781183 2.595160580331139 2.506822936798926 2.518490442242182 2.473478284715384 2.428789314690221 2.433369610793306 2.401057266342832 2.371477804139431 2.301060224734101 2.300364825248835 2.287090249810717 2.287394199585833 2.296422228500887 