# Created by Octave 3.8.2, Wed Jul 05 14:03:40 2017 BST <co1ssj@node117>
# name: result
# type: scalar struct
# ndims: 2
 1 1
# length: 3
# name: params
# type: scalar struct
# ndims: 2
 1 1
# length: 18
# name: cleanup
# type: scalar
0


# name: num_runs
# type: scalar
6


# name: dopamine
# type: scalar
0.7


# name: targetCross
# type: scalar
1


# name: targetLuminance
# type: scalar
0.3


# name: targetWidthX
# type: scalar
6


# name: targetWidthY
# type: scalar
2


# name: fixCross
# type: scalar
1


# name: fixLuminance
# type: scalar
0.2


# name: fixWidthX
# type: scalar
6


# name: fixWidthY
# type: scalar
2


# name: fixOn
# type: scalar
0


# name: targetOff
# type: scalar
1


# name: targetOn
# type: scalar
0.2


# name: fixOff
# type: scalar
0.2


# name: targetThetaX
# type: scalar
0


# name: targetThetaY
# type: scalar
-16


# name: exptnum
# type: scalar
0




# name: r_0_m16_G0_L0p3_D0p7_scsum
# type: matrix
# rows: 6
# columns: 600
 2.242807291433564 6.014901706410456 5.818022258681594 5.636247969057877 5.392797235530452 5.231033750533243 5.24990653716668 5.33033770028851 5.662138813764614 6.063379536746652 6.734731612385076 7.593318259454463 8.54118510709668 9.670651559332327 10.96508556512708 12.30459700781648 13.80301673046779 15.34889305927209 17.06504346328802 18.84518506338645 20.76422697049566 22.61289173575642 24.36000956023099 26.05416156151477 27.58337713449146 28.74722804949852 29.64214690917652 30.1923200823876 30.25369975022841 29.70878405089752 28.62723475537405 26.95623039918428 24.74590810645896 22.44022800655512 20.25054947844546 18.33376558598684 16.65954003453226 15.09027300062917 13.66801623626088 12.50818090030225 11.43793877629651 10.42979982132601 9.520975735944376 8.697651001595659 7.985323536793658 7.439206410308543 6.851998490075857 6.386888250021002 5.892278572124269 5.443035008931474 5.018986989947734 4.686897194718767 4.382341501262999 4.101174554471072 3.799947763463479 3.608225871081231 3.424581256273086 3.206059340864158 3.091625974670023 2.95958144969336 2.854045511347067 2.763710694784095 2.653600711557374 2.619801411492517 2.60106809015997 2.572494310537877 2.508897633333618 2.520880515876343 2.581580613676124 2.5494972530214 2.549892130977241 2.478219666842051 2.506637442606007 2.460071760553546 2.483542724487052 2.489009348533727 2.45179693819955 2.43636493021404 2.43498840639586 2.387249273786438 2.345765357524215 2.37218107454828 2.319318701494922 2.327225495755556 2.323742292082898 2.31858487503996 2.321013768712874 2.342048788963439 2.355698660132475 2.328238223213702 2.286697028936032 2.261262640073255 2.29636684263096 2.341218508288875 2.334575298926211 2.323396437030169 2.304484488471644 2.251555865632326 2.293419981644547 2.305423491750844 2.265487186108658 2.241713616502238 2.267908794041432 2.235314893012401 2.258711549209693 2.202915292189573 2.197435294257957 2.200949410284011 2.166396665748834 2.235427114512277 2.244861265657164 2.273322209555772 2.314526915870374 2.298895250198257 2.282078437066957 2.276471574406969 2.302777342558329 2.291253711031459 2.239884151123988 2.257059559069603 2.292029512369481 2.32887779664452 2.246722484511338 2.27547263490851 2.34421986974121 2.266945100494922 2.280307341367006 2.26649758448184 2.312320601998863 2.32373181015646 2.325837239266548 2.327181101260066 2.307195948116714 2.278678107362794 2.285437143524177 2.324805719741562 2.310095567268945 2.306916692990853 2.332801382632169 2.289141729048424 2.327733192054438 2.370160219405079 2.353260949352261 2.336865500150452 2.369940640995083 2.29850905843341 2.277640574918223 2.344904682457127 2.337006768459105 2.334884816842532 2.286076428881643 2.237675265856524 2.148087790992577 2.20231175697154 2.23867333074304 2.31150702343075 2.267318068472377 2.253173244122081 2.251826705797157 2.244761084682978 2.265673711553973 2.274519913851691 2.308577741230692 2.266631374237477 2.236026852082432 2.218284384289291 2.240995802923862 2.186836392325858 2.175052973399943 2.193188138474852 2.208729243488051 2.2790618027866 2.344324444620725 2.288011011251001 2.253718665910128 2.275824643461419 2.310125628973765 2.279918575120973 2.239453952446638 2.213204475447128 2.245630024423008 2.240494295940152 2.178975472001184 2.264088316488596 2.246812099583622 2.242474819318886 2.258892533453036 2.271074282143672 2.304178712758585 2.354868974165583 2.306849857777706 2.283170626993524 2.284357626787823 2.269081854821707 2.245620590885665 2.291323003017169 2.257952918604133 2.267761335046089 2.26474803230667 2.314268361773429 2.365698988080112 2.41574678554025 2.372204649218475 2.314559112743154 2.258737264739466 2.191770544578503 2.225464490999002 2.28906002955955 2.192656248404091 2.226913101658283 2.253086138462095 2.258941255153331 2.262825459609303 2.302985819027526 2.282492192234713 2.356009956740309 2.387662422665016 2.408220318997337 2.389644034468802 2.455922995752189 2.44593704091676 2.394092767426628 2.369213153629971 2.372803078682409 2.388379193173023 2.39921892944767 2.348627695220785 2.317762830210995 2.305801932539907 2.323260153127194 2.348918176990992 2.304643979376124 2.277813616234198 2.275965994565922 2.254486934897614 2.237733319518156 2.260679509934562 2.280687146678247 2.288657750730636 2.263401725027506 2.226265381861595 2.301918126115197 2.281564266304485 2.328381491814071 2.32137154382508 2.279655695918336 2.346768855779374 2.379836839152631 2.367804741603322 2.379720338656625 2.345982262842881 2.382176319177233 2.411126094732026 2.36506667753747 2.360046344918374 2.365374511286063 2.358431166678201 2.32848851612107 2.353409562645538 2.32694809052191 2.296863761581335 2.301480496517797 2.294900865865202 2.289528609981062 2.321844007987238 2.292992133763619 2.274814260570565 2.339302697128915 2.376285086123971 2.332417863373848 2.393448297421855 2.435416305450417 2.413602631080721 2.445741213894507 2.444818973614019 2.390321310038416 2.323506570450263 2.316434617145205 2.294389374786988 2.280474710423732 2.312538026315451 2.326113288729175 2.319652684724133 2.387740389063765 2.365400584207237 2.318314175994601 2.322337803266237 2.281502739038842 2.318134129556711 2.277026591844333 2.264401047672436 2.325851119617255 2.348199661966646 2.309323513007257 2.299964757533417 2.282517310006369 2.281780270961463 2.282356522522605 2.254289637086913 2.2370102311761 2.277498307186761 2.286771749102627 2.230673750484129 2.215177798811055 2.188797498462009 2.117395111610676 2.129180822023045 2.170247674253915 2.17637553318491 2.203834238982381 2.222742408281192 2.221788092811039 2.283600691982429 2.256603491165151 2.235739943174849 2.284134020541387 2.308612951732357 2.350326738251169 2.34047521856337 2.362403438637557 2.440446362677903 2.461283558630385 2.536226872140105 2.655624885126599 2.764119907832537 2.949505348467937 3.207644650599832 3.428399371219712 3.769396783420234 4.091286849768949 4.52603851969252 5.08631509818224 5.719513813492085 6.45172722589632 7.176803578302497 8.060980849590123 9.100881614089303 10.29598568619622 11.68293989465747 13.13113940712719 14.50520171609605 15.85046979448634 17.14235588218799 18.48661680309851 19.7791013826245 21.02754972282492 22.25350439964677 23.43738017119176 24.48984711765661 25.64867989116055 26.91466205941106 28.06455461501537 29.21999476703786 30.33590033979272 31.37293094829784 32.38458768151759 33.45403115226509 34.36228297184425 35.18304165650261 36.08929169578187 36.97528986025918 37.89642740524869 38.87125560334971 39.71561148555884 40.628746086506 41.53148033193429 42.52648362578839 42.08948234881973 40.94276729549892 40.10130540830141 39.05805359041551 37.9530562508844 36.92414684062533 35.73514343066017 34.44842637350666 33.03132568185538 31.69013518367865 30.10349201839563 28.78954704524585 27.15527451127855 25.25602382178113 22.94263158501599 20.88351305408287 18.99499549675238 17.37431606859445 15.89517661434911 14.47078373556906 13.2613128277153 12.11781448986403 11.19774847636654 10.27804685108276 9.498423375331186 8.753991236069851 