# Created by Octave 3.8.2, Wed Jul 05 14:03:35 2017 BST <co1ssj@node117>
# name: result
# type: scalar struct
# ndims: 2
 1 1
# length: 3
# name: params
# type: scalar struct
# ndims: 2
 1 1
# length: 18
# name: cleanup
# type: scalar
0


# name: num_runs
# type: scalar
6


# name: dopamine
# type: scalar
0.7


# name: targetCross
# type: scalar
1


# name: targetLuminance
# type: scalar
0.3


# name: targetWidthX
# type: scalar
6


# name: targetWidthY
# type: scalar
2


# name: fixCross
# type: scalar
1


# name: fixLuminance
# type: scalar
0.2


# name: fixWidthX
# type: scalar
6


# name: fixWidthY
# type: scalar
2


# name: fixOn
# type: scalar
0


# name: targetOff
# type: scalar
1


# name: targetOn
# type: scalar
0.2


# name: fixOff
# type: scalar
0.2


# name: targetThetaX
# type: scalar
0


# name: targetThetaY
# type: scalar
-13


# name: exptnum
# type: scalar
0




# name: r_0_m13_G0_L0p3_D0p7_scsum
# type: matrix
# rows: 6
# columns: 600
 2.28009191367164 5.894841814424581 5.67077164267539 5.4269696239935 5.233986282561091 5.136774346454331 5.148015230191959 5.300252783330507 5.548060102955787 6.026133001185372 6.630926821002504 7.510058797292004 8.501590578511241 9.59281617506258 10.87886803425499 12.26884330649045 13.66922960944794 15.24649518558726 16.8909714366564 18.65842241359496 20.48045465532778 22.27797653531161 24.04722259024493 25.68581216190069 27.08876914608845 28.21618040473186 29.15160149612348 29.57917808496131 29.6132571322596 29.03670396161033 27.9124786448665 26.21835584947621 23.96394889455405 21.72618651034281 19.61231418014358 17.69470014948456 16.07101925561437 14.6082314293817 13.31431178853018 12.14294498918753 11.07058690174017 10.04579753217695 9.129460904914595 8.415085383974656 7.768793158651533 7.18364447483691 6.599123895939556 6.058864518949122 5.544260366375966 5.155231440672651 4.832263203239563 4.537222086488327 4.276236271765811 4.044934908037249 3.870476379899628 3.655142300078296 3.475420888320514 3.339617193400045 3.232316651730798 3.109935975011467 3.056590274380142 2.961899447291216 2.838786530021025 2.784047400207783 2.702452716483094 2.632824384720152 2.582254889104661 2.529665178717551 2.433867877916782 2.421360652693693 2.500174275999598 2.497439972070424 2.425325774485827 2.421279701835374 2.395688325445008 2.370544205048645 2.331132920418895 2.367432869043114 2.355278146733326 2.32254873050988 2.323457244743622 2.272974769814027 2.261325800895065 2.257729383018159 2.281988536178687 2.283023521056748 2.310354424262187 2.285293868430017 2.27215522993356 2.272375060165359 2.266810252305731 2.278537491023599 2.319219643075485 2.360468696628232 2.348971983881711 2.315204036065552 2.291110225312877 2.32084714391749 2.322337768142461 2.325185403631622 2.352811370965355 2.317271636497026 2.285549444786739 2.261675983630994 2.261832171250717 2.291747453211428 2.249892647487286 2.242689706778037 2.24050082010217 2.28798113652374 2.296078838970061 2.238903193905969 2.224358492298052 2.209600582427811 2.249336898559704 2.252069327376375 2.277514246365172 2.229130765626905 2.215703201814904 2.195016333505919 2.186801365722204 2.245335241710563 2.29676985250353 2.30354192258892 2.368017899469123 2.416690001045936 2.398295421826333 2.357702401699498 2.355921339902125 2.323934100286351 2.32019339807448 2.333150390205446 2.404823990780642 2.427573962566385 2.416365013137693 2.368333217931649 2.265390508216115 2.282230566906946 2.255417139640485 2.278982261253987 2.1807921031359 2.2689856706711 2.309689884707041 2.36219743102447 2.360317014339671 2.361052361167822 2.378488360529445 2.430873007309856 2.399456501974782 2.432277142157545 2.372997069498524 2.365224300854607 2.376119623218983 2.384973118911148 2.378836155421595 2.427861501175357 2.419530895098433 2.406448656576686 2.386059644828492 2.42892991205008 2.43462425600228 2.385350086526159 2.390550406518742 2.412886989710387 2.451701574311301 2.379200359813694 2.327617964852834 2.40785063032672 2.354096567229135 2.291620016709203 2.351360051754455 2.356499250950947 2.347205191588728 2.285580748150096 2.258213228386012 2.271092894196045 2.189035543175123 2.18734212851632 2.226976824113081 2.197063082639943 2.246206067375169 2.23168904868362 2.236201549643738 2.251174984601676 2.251346411592749 2.278064579983038 2.254243016610417 2.287199095037067 2.387805742164346 2.30485054221208 2.262695244371571 2.250249828612141 2.280676215385029 2.229876430268632 2.221982792613744 2.194902043225738 2.258125099600875 2.243941898410412 2.236956052140158 2.247376526975131 2.258155812528912 2.240390062966981 2.239777062743087 2.276684049020332 2.224287517638004 2.242987616400569 2.26223347890118 2.319621574242774 2.308962844901544 2.321244254548219 2.347659832799764 2.361243686362286 2.341013894252683 2.332880390269565 2.329973965439422 2.380890363041544 2.395499736187048 2.306807550983649 2.324497978050204 2.312186752198613 2.34801765967859 2.295804825287632 2.284765778691508 2.260337932553739 2.23233499255366 2.288857720272063 2.270394952254719 2.25103334466985 2.246057652053423 2.244423085270682 2.194575483719746 2.219765686595565 2.28191665954364 2.271906110465352 2.324043125734534 2.310374038972441 2.272387425611669 2.28178419741198 2.288375542862923 2.301387580842857 2.321348136627421 2.34111522776584 2.31188051123172 2.34965322453354 2.321067893586587 2.42605571472086 2.45257636741735 2.438208025960193 2.412927245786705 2.392865091100248 2.415755489219009 2.387993738171645 2.429065094531325 2.372106794125102 2.347258546925332 2.31298278954273 2.292380770042655 2.307242102913733 2.290026685106568 2.287084555344336 2.314111868134205 2.302552945641764 2.334843106313201 2.295438397941325 2.27096914350841 2.271887259357754 2.253575105551135 2.198377189910389 2.188703970474307 2.217968089789792 2.261978235248534 2.251538644644825 2.291806747352894 2.256797524321428 2.261383509110601 2.273701676167548 2.284387909003271 2.311726679552521 2.32248681913552 2.367364322730282 2.362649509512266 2.362444795773627 2.379874109436059 2.377927668079792 2.383601568319136 2.397004665792338 2.407569145758316 2.4151053148762 2.468388225937815 2.442276178022439 2.436479369847802 2.419834390937467 2.42177073813582 2.388183251061491 2.375168056656548 2.389278152906627 2.383956960744399 2.438656417416496 2.444786009626114 2.377992280878061 2.319705098110717 2.326042374465032 2.327276914353206 2.325557889176707 2.308321925491327 2.321992624682025 2.404063045949442 2.442282461695868 2.381483613553428 2.396255483716004 2.403082616547181 2.430643504088948 2.460563827153237 2.550488026055973 2.606704588801676 2.762394115810821 2.905164788799084 3.130124351504492 3.370636480933172 3.703123054008756 4.064033740054583 4.598972205112659 5.184727146821388 5.844361161285633 6.619096724389237 7.461104589714523 8.415471710077327 9.485832340586057 10.76477485128999 12.133759638642 13.62005548290381 15.18996621184488 16.62662989395176 18.09248279209351 19.43345617550222 20.75519160840486 22.27115543566106 23.68982329477876 25.21893127826297 26.59651686939469 27.80229436237641 28.83687741923495 29.69096341148543 30.58298208200358 31.57817847653496 32.62688145310312 33.76521717577634 34.93174117729359 36.17576071821532 37.22658399046486 38.43998687988642 39.56311200671917 40.55995223270656 41.58907119656942 42.62493495660237 43.70051366054031 44.77700315189941 45.74704700430448 46.58168711359031 47.41518746826114 48.24946654935775 47.66414498164522 46.77413478346625 45.80924450018028 44.68495092498051 43.50774325301609 42.34110806077479 40.91027583421965 39.60915386341367 38.06617617652955 36.54113791348209 35.2097949919953 33.89087320836552 32.08241054707833 30.07685592414055 27.79362560327354 25.25353274440931 22.9080366109265 20.80090012864093 18.9560820359693 17.31530585383734 15.82063123876105 14.48350768609635 13.24428661404454 12.14921468311877 11.1684293369326 10.23756095893987 9.371068827102135 8.660729459434151 8.050379525135213 7.429385651133089 6.870631837628025 6.455954122329786 