# Created by Octave 3.8.2, Wed Jul 05 14:03:35 2017 BST <co1ssj@node117>
# name: result
# type: scalar struct
# ndims: 2
 1 1
# length: 3
# name: params
# type: scalar struct
# ndims: 2
 1 1
# length: 18
# name: cleanup
# type: scalar
0


# name: num_runs
# type: scalar
6


# name: dopamine
# type: scalar
0.7


# name: targetCross
# type: scalar
1


# name: targetLuminance
# type: scalar
0.3


# name: targetWidthX
# type: scalar
6


# name: targetWidthY
# type: scalar
2


# name: fixCross
# type: scalar
1


# name: fixLuminance
# type: scalar
0.2


# name: fixWidthX
# type: scalar
6


# name: fixWidthY
# type: scalar
2


# name: fixOn
# type: scalar
0


# name: targetOff
# type: scalar
1


# name: targetOn
# type: scalar
0.2


# name: fixOff
# type: scalar
0.2


# name: targetThetaX
# type: scalar
0


# name: targetThetaY
# type: scalar
-17


# name: exptnum
# type: scalar
0




# name: r_0_m17_G0_L0p3_D0p7_scsum
# type: matrix
# rows: 6
# columns: 600
 2.281264911951439 5.972482225028216 5.84675962178153 5.585134494715021 5.492774935188208 5.457409694779926 5.445103165169712 5.560738204025256 5.847662070187653 6.293211789929046 6.903115246899688 7.640161338673352 8.655448088407866 9.740486779577623 10.99348248267779 12.33075236537115 13.83322054021119 15.39340361046197 16.99762366618688 18.72641820763238 20.47629216809582 22.35133815471636 24.03673441430874 25.66031490646128 27.13710207398981 28.27838603911368 29.07097708855144 29.52752688091459 29.51908946848562 29.01945779821835 28.00647070301784 26.28714048895199 24.01900931655837 21.80690384591799 19.78691900950071 17.97733098930621 16.3686850987142 14.89978679672458 13.53659343610707 12.36261787065087 11.27413212019019 10.26250749536848 9.434788527217279 8.662791361872223 7.923247687518597 7.369614146937238 6.799891471775481 6.302079437700741 5.876357404515147 5.513710973842535 5.166929120649002 4.853626288437226 4.563136515345832 4.291945023305743 4.038543174123333 3.846127350363531 3.689398773207472 3.490172475852887 3.324348662539705 3.160872489090252 3.051645468429342 3.003666070020699 3.004254852237864 2.860117897005694 2.787430469827086 2.730798773094648 2.699376454069352 2.69162736852013 2.604541110014907 2.540209183756815 2.530710944549355 2.53793550923001 2.536175708454721 2.557929730242904 2.496303315056139 2.44248946326843 2.443876684108545 2.383714371382666 2.380815072843689 2.35870886259363 2.322713581357675 2.291097143286606 2.22727901550752 2.200727486106189 2.184959589871141 2.177832742543615 2.206740539460498 2.251967701780814 2.275942764928914 2.28740223409477 2.261913606896996 2.245621774687606 2.228470611481498 2.298489362518012 2.306613220775034 2.280649583393824 2.262841624337852 2.261643062949588 2.218797241021093 2.163601876494795 2.199564587841451 2.155377909817616 2.105966810282553 2.093064833685276 2.126418176289008 2.140091652774572 2.118174148879916 2.148066482164722 2.194511822854111 2.221682016730483 2.202052959988578 2.1930952434559 2.211610671849485 2.242256080156949 2.276496796082938 2.298511778731154 2.279100537387421 2.236895200294384 2.257067748523696 2.279099969222443 2.292489648871197 2.360939341770063 2.391172401257791 2.369188581502385 2.314407940531055 2.31889878734728 2.314570865131827 2.328299896487806 2.32646117080003 2.324292808567407 2.332236512811505 2.3710797454969 2.341771569779667 2.299303938780213 2.309041774258731 2.329034840528038 2.336215259550954 2.379059197002789 2.313152563263429 2.381870424040244 2.324119164346484 2.324777772511879 2.361005555321753 2.356527121351974 2.295900483877631 2.275198589723004 2.228944807597145 2.257283909326361 2.276044698963233 2.283066728778067 2.255128974826221 2.273023060122796 2.184882515915888 2.196766666429539 2.177646540490969 2.228476903372211 2.258797862941719 2.233515661331694 2.23439695779598 2.240562779559696 2.264140697334369 2.272815608921519 2.248901704639138 2.272175289828738 2.269255207065726 2.228243501289398 2.20696754104938 2.204182948218659 2.255868824333447 2.279700111594138 2.280801718254224 2.311725199240755 2.318555541325622 2.321601984469453 2.376295058140386 2.391769159137766 2.365673665190116 2.368180620236672 2.387795190690667 2.34279572442756 2.321595657002035 2.288261608693574 2.282491029280209 2.218188579463458 2.211171589207879 2.201899400864932 2.196135591912025 2.239593075537414 2.18316414212677 2.175621591082745 2.173648926000169 2.210072921494429 2.241042086316156 2.203437743629365 2.22307413195449 2.242995497421362 2.268987520226801 2.234810204266978 2.237249690051613 2.252662729348231 2.204568528684831 2.189493247729843 2.218230181460967 2.261922414040782 2.264499472425086 2.356629670370239 2.269181044077413 2.239666519682942 2.229078850061342 2.241404868113023 2.214566078546341 2.240378044174577 2.173938889245619 2.201302860416035 2.250296001555398 2.27890606179426 2.252485341527063 2.271555521319897 2.300465912328946 2.318652905138151 2.27067657464795 2.259752723834026 2.287392019254185 2.258895933304302 2.26818695788279 2.230362959513513 2.231527813064531 2.281599978952727 2.227384241316031 2.160892848158255 2.167122854029003 2.166207764514184 2.169725030365953 2.189604389353917 2.19628154480597 2.254575226459565 2.258660445237183 2.207366139078658 2.188269695965573 2.176718930806601 2.125323724922055 2.1361759333995 2.121709897955952 2.142102848520153 2.146178306029469 2.193536319860868 2.163952259288635 2.241626802318024 2.287902091109572 2.279326996453165 2.339782516130072 2.299854738223075 2.236346032914298 2.217064248492534 2.23616311553269 2.246059740435157 2.258916071710701 2.209192651000194 2.149398637038757 2.082599667359318 2.083544888475444 2.133606545648945 2.182690264115081 2.18972705199667 2.180854365127743 2.230576303331418 2.229932752446985 2.328568885637651 2.283862085008877 2.346651355772337 2.339799496181513 2.354871245497634 2.36489845666074 2.395525265332253 2.402207830869884 2.36215606276528 2.350238720977359 2.350426351797068 2.413511829855452 2.431790811548126 2.432367907065782 2.393732652293693 2.392958969689062 2.374634953443092 2.37245752025774 2.269541554836906 2.213469519578211 2.299973017241427 2.25837140362637 2.365128371369792 2.329060408366786 2.321381705878593 2.343884581219754 2.360694912471445 2.370067904135794 2.378588563631638 2.421723994972126 2.422007981756906 2.419882401103678 2.433921467265463 2.415734758295002 2.352097935247002 2.349688276590314 2.361985078103316 2.354725876932207 2.332402132229618 2.317002331443291 2.332484953874882 2.301494243267371 2.318710870661562 2.364326198221534 2.41445855470738 2.389106600294326 2.331050050721387 2.394172083055309 2.350279877318826 2.305516203028674 2.275481471755484 2.300344492785371 2.308201326719427 2.309732051457104 2.365008706925437 2.342867839905011 2.422735558059685 2.44369994886074 2.561268910740182 2.686661000725508 2.82759982450807 3.066583449281097 3.352866297773289 3.62658073746934 3.977762514257847 4.339767551791738 4.765425335961481 5.277709658792446 5.886239001622016 6.532329074800145 7.239239790898864 8.123735373999807 9.109562261852261 10.18355626596895 11.39436540951647 12.71624752112984 14.01931947073172 15.28657078003744 16.6301968401458 17.94588733888668 19.19650157693104 20.37261277463404 21.59730648650657 22.58306312136847 23.5868006994715 24.7063432164905 25.75469767840696 26.88704792077624 27.99280272002215 29.07466835716878 30.01153907291155 31.01339560825363 31.99374658097076 33.00110618397957 33.95245067773794 34.91383117274745 35.8491187498912 36.77423639218614 37.64226800379765 38.37250495811168 39.1380315387687 39.94625714762878 39.97552653659841 39.0467080656781 38.19090494646298 37.24637327840537 36.11395321567397 35.10397417809691 33.85624549266686 32.64447141309938 31.31323979452281 29.97456759303896 28.66799493519284 27.35234831932758 25.83494504640839 24.0431335698413 21.98582220370008 20.0177928911653 18.20267174873152 16.59141772647126 15.1650310984478 13.85092143015208 12.70024234754965 11.65672937504132 10.73631655787176 9.910067831600827 