# Created by Octave 3.8.2, Wed Jul 05 14:03:35 2017 BST <co1ssj@node117>
# name: result
# type: scalar struct
# ndims: 2
 1 1
# length: 3
# name: params
# type: scalar struct
# ndims: 2
 1 1
# length: 18
# name: cleanup
# type: scalar
0


# name: num_runs
# type: scalar
6


# name: dopamine
# type: scalar
0.7


# name: targetCross
# type: scalar
1


# name: targetLuminance
# type: scalar
0.3


# name: targetWidthX
# type: scalar
6


# name: targetWidthY
# type: scalar
2


# name: fixCross
# type: scalar
1


# name: fixLuminance
# type: scalar
0.2


# name: fixWidthX
# type: scalar
6


# name: fixWidthY
# type: scalar
2


# name: fixOn
# type: scalar
0


# name: targetOff
# type: scalar
1


# name: targetOn
# type: scalar
0.2


# name: fixOff
# type: scalar
0.2


# name: targetThetaX
# type: scalar
0


# name: targetThetaY
# type: scalar
-15


# name: exptnum
# type: scalar
0




# name: r_0_m15_G0_L0p3_D0p7_scsum
# type: matrix
# rows: 6
# columns: 600
 2.336073375307024 6.02346841092367 5.851954352896428 5.645375658634293 5.475872092509235 5.416874320735587 5.401948235783493 5.429935971336818 5.741364156754571 6.23877534193889 6.830746233394166 7.584661971930473 8.504813348899916 9.635736142612586 10.93344239536964 12.34159691691457 13.80675575945861 15.39180664450396 17.08792460254335 18.8541121240487 20.59793167067983 22.40919707797002 24.23962460374605 25.98615926704224 27.46207230337313 28.66282287382637 29.62182618143561 30.14282630386151 30.09373482150841 29.52292922308698 28.44654875016568 26.78357814422998 24.47055417277807 22.13021342773573 20.02466687602646 18.20536856759645 16.54209605602955 15.04300934294588 13.70263610241091 12.58728699124913 11.44342694358056 10.51955114551674 9.639222500256437 8.8280131579304 8.12123318578233 7.4935513594246 6.883712636725249 6.34410844672675 5.844096968081431 5.434070126269944 5.026740098168375 4.684743239195086 4.485972839094757 4.262596050968568 4.029511209322663 3.847240606170089 3.608044953976787 3.414514286727353 3.323535526746127 3.186375849400065 3.096985444488382 2.98378341600619 2.861352837593586 2.741091758925904 2.654827788814146 2.614622454560958 2.569586732930475 2.505064592751296 2.516106741211843 2.49607919600021 2.49285651754326 2.464017006037466 2.391468660644023 2.45087189980768 2.43328522106458 2.369464383631566 2.406460965008591 2.406715094945866 2.38044801059732 2.353800355795101 2.345456031700451 2.337897457193321 2.383205530990381 2.413589187650359 2.457036613988748 2.466944008821883 2.442341266243602 2.494703226489946 2.498444840384764 2.491653361059434 2.501029376209772 2.559645252265909 2.539246278436622 2.529949883253721 2.55179886541373 2.523963183135493 2.470094905329461 2.43942772880655 2.449293868950917 2.470533916006389 2.488102413572051 2.465167369569826 2.50802787216162 2.424390233805752 2.380981307444017 2.403340175370431 2.352141012226639 2.3461275394111 2.297979236824176 2.275592338144634 2.231076405048952 2.221977652392525 2.180710675911541 2.167736869709188 2.149443660047837 2.174350642839272 2.152489259751746 2.182081560385996 2.243627433846996 2.268998005441972 2.298649577689503 2.3412642656549 2.289571079607413 2.269514850493579 2.313779728898226 2.347361681870098 2.417711826099548 2.40629005790106 2.370693561217195 2.404181061972849 2.34797589052323 2.305604794984902 2.24467371843275 2.326154119256898 2.267192811363202 2.318067236679781 2.366447943240928 2.338222544507516 2.300955628244992 2.310801012481534 2.300918971548526 2.271446627886689 2.266644138224365 2.298667531962565 2.325192368436547 2.278379308789226 2.26441356955911 2.28480316727655 2.296684676244695 2.308698871682282 2.298010449383582 2.261835560238978 2.304669084816851 2.270060125432792 2.277423755862401 2.26690243792109 2.301101445958921 2.255437760446512 2.286306114743638 2.254014785408799 2.294233293338038 2.289872778688732 2.285079069255517 2.235623705979378 2.262585017593665 2.302657229409306 2.316764005663572 2.318233039122788 2.25427004318135 2.309270159472362 2.342554675065912 2.340435686048295 2.332007670207531 2.322964366951055 2.273279793524125 2.242435394182394 2.277488614177855 2.252411194965816 2.281508969485003 2.328446576830174 2.365615006587177 2.369256422694889 2.300001737145067 2.327862243182608 2.321956379477342 2.28962071864953 2.249698105173593 2.268209733123513 2.302368672426383 2.270323705470219 2.263773291830148 2.250778267338319 2.321429185359193 2.28074959100195 2.28343604373913 2.329929868126783 2.42100874949756 2.438453143826337 2.476665790592961 2.477278886944987 2.42357380521571 2.38708726535333 2.359385656840459 2.314168871285801 2.321788099183323 2.334610398291261 2.300113948331273 2.309077920952404 2.308323990539066 2.309905187095865 2.329926547245122 2.367200311542547 2.379945114822476 2.418270622936689 2.439906860388874 2.424015779186448 2.435755903614336 2.380740681135649 2.342278820098727 2.40230417127168 2.436969446775038 2.410087996759103 2.445652433416399 2.394299309391499 2.366926539565611 2.349842865281971 2.332436473403504 2.362468866456766 2.366433744602546 2.359371665846993 2.375807879361673 2.384983783209464 2.388281910341902 2.380436216662929 2.336494902971026 2.307710318556929 2.305704496167891 2.385461170833878 2.313063105915717 2.305104769126046 2.343893757823025 2.348782293309341 2.312468187443301 2.234858258605527 2.227521614466241 2.225090182753775 2.198127659165038 2.199503836600343 2.242692193165567 2.214804184950481 2.200980059344147 2.249604168759106 2.276584211442241 2.286065186241103 2.292316902268794 2.28287418198488 2.222863854083698 2.169973274700169 2.226799620199017 2.339199488344093 2.348916096150788 2.341001860619144 2.269527071293851 2.299897944067197 2.287069086822157 2.257709020897892 2.300393301477015 2.248135981189989 2.193442627678451 2.253728427247552 2.268412767558402 2.261397755886719 2.270950057674781 2.258996950833534 2.271764543438621 2.326635697183519 2.292883275818895 2.312953960411505 2.296912358144255 2.320757332941866 2.303677383381 2.316518183928565 2.316794334830774 2.311199025280075 2.322906417213744 2.259945918647645 2.240324618978775 2.259758101914485 2.286389180357219 2.283419408006012 2.263722387944654 2.259577595603332 2.279931182922155 2.2786552642483 2.315674107230734 2.326015159069357 2.309205958979874 2.279357701256231 2.247423732020252 2.279222740657133 2.308174740999675 2.247201259186113 2.300779229488398 2.307251874226495 2.321039593200112 2.306199889600975 2.397303740423013 2.444307570498495 2.450893581590208 2.430229821991816 2.439776640443597 2.416507152600389 2.387328630658885 2.325405649316963 2.394568640636862 2.355359376811975 2.374971006134729 2.414290065382374 2.43930885766531 2.524202472770412 2.646715548044085 2.859383565697499 3.002159503979783 3.185292024912997 3.480985556998348 3.801931469322881 4.104219761919012 4.462265140973614 4.993447852815734 5.605590432591271 6.301094030994136 7.021708764870709 7.876797145654564 8.834812604374747 9.95221817149104 11.21123426967097 12.54103492631111 13.79705998209829 15.03283660183115 16.38002220558337 17.72439538304388 18.98997599978611 20.1734791229137 21.41779425730056 22.48781294078253 23.59793331054971 24.7134720628419 25.79752743783865 26.88848872050221 27.99382108865393 28.98978890997023 29.97384876992146 30.84704720111768 31.85799106299964 32.82800058211433 33.85539323941157 34.82686556359113 35.87264634815801 36.78138545883121 37.67666951184583 38.45296656786377 39.32666181756213 40.17911583755267 40.95958415207861 41.800365530009 41.48830092198114 40.59112270585683 39.62318058653545 38.69402268139675 37.71132989259058 36.46475211171492 35.21198425046168 33.95179031085991 32.72848247774527 31.39989705561311 29.99144969633926 28.60106994917078 27.08685857678938 25.24836137469902 23.10966191158514 21.00348702156771 19.1734240789483 17.49212646771048 16.00536465420737 14.60494786588788 13.34350746934069 12.26706993383777 11.1831319730918 10.28109482845321 9.431567797961179 8.707974731227296 8.033423570544983 7.450528830366238 