# Created by Octave 3.8.2, Wed Jul 05 14:03:34 2017 BST <co1ssj@node117>
# name: result
# type: scalar struct
# ndims: 2
 1 1
# length: 3
# name: params
# type: scalar struct
# ndims: 2
 1 1
# length: 18
# name: cleanup
# type: scalar
0


# name: num_runs
# type: scalar
6


# name: dopamine
# type: scalar
0.7


# name: targetCross
# type: scalar
1


# name: targetLuminance
# type: scalar
0.3


# name: targetWidthX
# type: scalar
6


# name: targetWidthY
# type: scalar
2


# name: fixCross
# type: scalar
1


# name: fixLuminance
# type: scalar
0.2


# name: fixWidthX
# type: scalar
6


# name: fixWidthY
# type: scalar
2


# name: fixOn
# type: scalar
0


# name: targetOff
# type: scalar
1


# name: targetOn
# type: scalar
0.2


# name: fixOff
# type: scalar
0.2


# name: targetThetaX
# type: scalar
0


# name: targetThetaY
# type: scalar
-9


# name: exptnum
# type: scalar
0




# name: r_0_m9_G0_L0p3_D0p7_scsum
# type: matrix
# rows: 6
# columns: 600
 2.287177688493102 5.961108467556187 5.825045405515993 5.557053324471781 5.37578714720803 5.252168474566133 5.215333276202728 5.343395026458893 5.587834531237604 6.027569796115131 6.655450563943305 7.545926103390229 8.528387544793077 9.562147688417099 10.79178674894501 12.07510566782003 13.50730584673875 15.01750675528456 16.79024684581964 18.56287909569801 20.34448572979454 22.2255106095472 23.95167542450508 25.59534819207693 27.16390481752751 28.42082515784205 29.26536737862625 29.81228236014431 29.80809621538356 29.30598581796949 28.10378770886746 26.38534299778985 24.17745677912899 21.93011527228373 19.88517583834982 18.04714953653092 16.41099214831411 14.84320468371152 13.51411205587647 12.33371341778184 11.24813403372536 10.27357386862968 9.411221396618203 8.702685970776656 7.993700320825155 7.354717994319799 6.74004865097595 6.22437761629044 5.758884476177627 5.330768097690452 4.981731219260837 4.712512245856487 4.430090342888434 4.201763951597968 3.917645090994483 3.690049086813815 3.610904077193481 3.377319684936083 3.269301777323562 3.149764901623712 3.069663905065681 2.953822807099641 2.901645358811948 2.877751696814812 2.816754865205439 2.686955141405633 2.59262167970337 2.607436909544049 2.584077198982413 2.540932109466667 2.451646110181173 2.425171365131973 2.431250775462104 2.429495366821357 2.42439814843965 2.326870249693457 2.318071184776954 2.296437270601018 2.284698521769315 2.270029741515827 2.241140347743567 2.229384236234182 2.229564270695846 2.255433875285235 2.247491977883328 2.2143116548541 2.228128488975926 2.285064288047579 2.322970145365616 2.299256573049206 2.369098353483423 2.315373458830436 2.25681751134789 2.306883949133407 2.247683869782122 2.244298861889547 2.203413279974484 2.166124332341496 2.127475019595295 2.154737177279458 2.201415981231548 2.231425904144999 2.262814756225453 2.267429855579394 2.293327659885108 2.244370112544857 2.199799006528337 2.213295124554861 2.212450319319032 2.243225853546392 2.257783958826622 2.299073351354309 2.208621933415998 2.202013867987262 2.180869232252007 2.222544643005676 2.214742076819675 2.205951943709806 2.272113990257822 2.281789470602234 2.252532026448534 2.256322287175863 2.200181450825767 2.207503487214126 2.19092917987291 2.191991446128668 2.241233839478809 2.285836939117871 2.286690598008136 2.325679137269617 2.35341580399654 2.278914676775457 2.323295052432513 2.287700520342696 2.317968502120493 2.308103804927669 2.318043193576159 2.248484376170609 2.233474338914675 2.168758730656918 2.180260956018174 2.1979070203015 2.221615732101782 2.20510748410743 2.216167574517385 2.216922079060168 2.241235848478027 2.228747570132327 2.219486646381483 2.284063117178448 2.364106242121125 2.32895112222468 2.300830274400141 2.286157384667604 2.243387282498588 2.266396781247749 2.357300377741922 2.353505580817 2.337934837383727 2.335367314781251 2.360029500992823 2.389228653999453 2.456613463189569 2.455730119454529 2.422196195333527 2.397222750556466 2.350262709831441 2.355420409570797 2.315294842112053 2.292019240256195 2.262139533973823 2.265784700080985 2.198059999693214 2.222208572744421 2.200430892975419 2.198342180476175 2.17760995469871 2.189152267997997 2.207412166283575 2.271273648071656 2.219591222346935 2.264946384879295 2.274616009559395 2.243092161686945 2.198330276958586 2.238941855765006 2.30350713990083 2.273694001687545 2.220327848712259 2.227508967105678 2.223345809581588 2.21339841819281 2.27015123797355 2.348609134021444 2.300417303802533 2.313642661014455 2.244420952525616 2.291238430407248 2.332798187415392 2.277247163798165 2.279924215383289 2.245654396414466 2.309461196018674 2.299677094313665 2.301953360627522 2.304579495899816 2.359699674649164 2.395787052657397 2.44459045811891 2.414007844352454 2.409170289320173 2.375224850264203 2.286038495649336 2.205245291876054 2.225925761698818 2.236485268800607 2.252552541784098 2.277522269398105 2.261741402842745 2.230848139442969 2.227289940779883 2.260031408055511 2.236057495621935 2.273770632920787 2.3251086021628 2.305868182742415 2.312903284080676 2.330398331167089 2.321670596935292 2.280894087336492 2.325012846769823 2.326792045751063 2.320504412236915 2.327948411410034 2.263558883816586 2.232837452946114 2.279440427730151 2.300304329146456 2.225475465630552 2.247683086447068 2.227649276195734 2.264453905539995 2.299372432145901 2.34850444082258 2.377694495546166 2.327993814629735 2.325250894693454 2.295795844172972 2.324815486157604 2.318500512763421 2.353621866186586 2.378362850853591 2.346052329434315 2.34901557703779 2.371554867173472 2.344464442037861 2.326853456135723 2.29810479463049 2.311845111391449 2.349293733015656 2.394580920579756 2.346304436046921 2.328564381223259 2.326152615391038 2.365499960935267 2.331777153114672 2.379562968821119 2.348095602694229 2.316293865698754 2.345393407176743 2.408939989247301 2.43864777703493 2.348588387634663 2.35346535287681 2.366482733787052 2.365342768067421 2.339879463343095 2.331849435729964 2.320178176829359 2.343461747615947 2.38058678622474 2.375348512628989 2.368606719703166 2.30281587587524 2.279235550769954 2.29554146843293 2.314596946875099 2.301520521723432 2.327212860269356 2.275355057383422 2.273741182507365 2.331707597175409 2.365679392685706 2.373817896863329 2.352157825771428 2.344285088700417 2.325329130759201 2.33063691265852 2.268907402765763 2.2977193140905 2.289688688936621 2.341919928800053 2.371307915429497 2.454015959985554 2.628229688602005 2.814960997799062 3.098694972479279 3.405695884530132 3.797379471128806 4.245850072184112 4.845268268312793 5.593239002133487 6.539414143364411 7.61977440166811 8.929106750561914 10.4523729920038 12.17995955740116 14.00760876585991 15.94590109784258 17.69411836529252 19.44235490960273 21.23137844295979 22.961176404242 24.63326159545613 26.27990246852278 27.91773545691831 29.52398849864039 31.10402550139406 32.62991349893127 34.07835835585865 35.44530662629404 36.81073617012589 38.23573074236992 39.65871164069176 41.19228583896256 42.64186343355686 44.20636212216777 45.71933389527476 46.97110865349168 48.2343468468971 49.40170394228335 50.71706183962488 51.87617885449254 53.02978773751238 54.22465698639644 55.51323940898146 56.83939995768378 58.119465315056 59.34959929132674 60.60020673453982 61.9335797439162 63.36159089104694 64.66764349547884 65.80765094352864 66.03818676750961 65.15668768223622 63.95904493550916 62.57230480039652 61.26521104425319 59.93588648250443 58.50594452110818 57.02738112647785 55.65284572727978 54.12917749489134 52.58878694288978 50.66377311022006 48.75831827888396 46.69731459270042 44.63818813437683 42.0155430570594 38.96801471472099 35.44717387744458 32.13789503082808 29.11250052334799 26.43259075333845 24.00373935300013 21.83796703018015 19.88068752990876 18.18349260499235 16.58475969951905 15.14043834156473 13.8393645500646 12.66712240517063 11.59104025710985 10.60548180638943 9.810639807545158 9.0450613106932 8.321838714529804 7.742603023256379 7.151915226548226 6.694838181017985 6.228363819485821 5.814367084516562 