# Created by Octave 3.8.2, Wed Jul 05 14:03:35 2017 BST <co1ssj@node117>
# name: result
# type: scalar struct
# ndims: 2
 1 1
# length: 3
# name: params
# type: scalar struct
# ndims: 2
 1 1
# length: 18
# name: cleanup
# type: scalar
0


# name: num_runs
# type: scalar
6


# name: dopamine
# type: scalar
0.7


# name: targetCross
# type: scalar
1


# name: targetLuminance
# type: scalar
0.3


# name: targetWidthX
# type: scalar
6


# name: targetWidthY
# type: scalar
2


# name: fixCross
# type: scalar
1


# name: fixLuminance
# type: scalar
0.2


# name: fixWidthX
# type: scalar
6


# name: fixWidthY
# type: scalar
2


# name: fixOn
# type: scalar
0


# name: targetOff
# type: scalar
1


# name: targetOn
# type: scalar
0.2


# name: fixOff
# type: scalar
0.2


# name: targetThetaX
# type: scalar
0


# name: targetThetaY
# type: scalar
-12


# name: exptnum
# type: scalar
0




# name: r_0_m12_G0_L0p3_D0p7_scsum
# type: matrix
# rows: 6
# columns: 600
 2.293826752036694 5.979005387605866 5.871508102518419 5.636989598016953 5.484314956145681 5.376885950674477 5.370588853969821 5.489141307571117 5.734579304022191 6.201821073147585 6.792980122394511 7.602710078208474 8.576750623866246 9.643538290452852 10.91138124697591 12.20578418123478 13.69583151560073 15.21226752630901 16.78435388695652 18.5742874853604 20.33719512364769 22.21226712218049 23.90188682574808 25.53270869908738 27.04580132916453 28.25931893944653 29.14310550759546 29.58539922452474 29.54166650084881 29.04781146900496 27.9978262559307 26.26788740578195 23.98420846154113 21.7202021993653 19.69447219643916 17.83857645468379 16.19347329016091 14.68060560914455 13.3070034394259 12.14354333696247 11.09903739319634 10.08718391848015 9.244586870066996 8.421180222539988 7.74413490356892 7.092602032775176 6.546807670150883 6.016154818455107 5.597903119471084 5.249448434508849 4.919285969361226 4.536419728370674 4.16718554603176 3.892815617749875 3.7066616216689 3.491536104687839 3.343685504534733 3.187166626888938 3.067509208434785 2.9847277502613 2.836828810285624 2.750932188340812 2.713314277507379 2.644994318761064 2.559041287069704 2.497488282244376 2.48548259481322 2.50450552438997 2.519123579339066 2.494434207081213 2.432255249048467 2.444233021997206 2.408028608879249 2.380541633247049 2.340770697861444 2.358271461358527 2.345159320644598 2.331550006332691 2.31132311237161 2.331930685351836 2.297663214056229 2.314700388989877 2.303721648015198 2.331872900733288 2.37614825572382 2.381138292243122 2.385837393594556 2.299297027202556 2.316707289079204 2.264510701101244 2.248120244468737 2.251229563029483 2.28134770793622 2.287268121695888 2.291540701386111 2.362045293346455 2.385388448332378 2.400258043850044 2.379872720855928 2.411326997847937 2.319065912746737 2.323272235640616 2.295023524729913 2.259874858482362 2.25046364017544 2.219983997638337 2.170621064655279 2.210092363668082 2.18787989871953 2.208026266479465 2.225511079552234 2.225251229108835 2.268345050659264 2.250036474964872 2.292994245122827 2.263020566937485 2.231774254906668 2.265015942430182 2.264510059489112 2.258298042817842 2.23954150294594 2.221760912805621 2.177700378269947 2.19092662096773 2.210431719839107 2.182308185404509 2.206907954081544 2.230261090779095 2.222388905338448 2.246771112746501 2.290452968591126 2.280157240653352 2.233235177816823 2.210375860187924 2.186439577861165 2.220625052777905 2.239712969565517 2.279138218651497 2.296127502711897 2.302583461776521 2.313025096562342 2.349773695597833 2.313660152976809 2.269071307433478 2.256188581632159 2.316745260479365 2.337104131849628 2.317314778694708 2.318942666272051 2.339737770846114 2.352522421911999 2.352426025692694 2.373741366594913 2.374958463613439 2.38760034801453 2.390627742233846 2.310697294904458 2.298473468074008 2.267386089133652 2.227830396259378 2.247222697249526 2.28503430332421 2.292014162856503 2.266605824513135 2.290111174697813 2.277703969799404 2.292469482083106 2.242328586136864 2.240246121873497 2.243747597887705 2.289358419326163 2.273733985188301 2.35757030816967 2.344822717386705 2.389866964382236 2.33975648638625 2.352125294351936 2.292653748932935 2.24620474618132 2.237004904131027 2.289576938117534 2.239531801264093 2.272638832675511 2.244200370882027 2.212562213309866 2.248802334703214 2.269269551321486 2.302088784916123 2.242305322413813 2.230954690145154 2.194673716490797 2.180251961304748 2.182945346481574 2.181401336980343 2.182337174213899 2.172336013205495 2.198094127412332 2.190989346025162 2.155308817018522 2.222884140901442 2.22715304533267 2.1687695001674 2.188636577597208 2.148799468937796 2.21534862599583 2.228728922003938 2.17033362498114 2.229460940019635 2.233775450440589 2.211478420835192 2.264444067619479 2.237343970584334 2.25495321445851 2.250640507911157 2.28592994301107 2.289444938782253 2.260490986927834 2.249938581057449 2.330715871874418 2.339995536443894 2.342893881078908 2.379453639709027 2.311101815124857 2.302823612206339 2.271296896858985 2.231951599642343 2.233974684713758 2.258493400775478 2.249474910466233 2.215236928132072 2.234908485952474 2.281145758082857 2.283115393944172 2.293055822250608 2.281289715807361 2.271369582304033 2.276682655268814 2.250579704388656 2.189501838478463 2.186716362670268 2.165361972474784 2.163052151925513 2.188254749888074 2.077826814047512 2.102895193500444 2.116467037478287 2.134635542452088 2.15224726714041 2.178920777590974 2.138170281647035 2.12593904451569 2.116104550877935 2.154952639506519 2.210889907677483 2.239678479039867 2.278913095530697 2.300493580361945 2.306844538768928 2.282409365609055 2.33235355832494 2.359408744134271 2.328677347262783 2.269721899050637 2.248098845662753 2.244593306910247 2.210421182244318 2.206013227565563 2.160485350170347 2.160460491541016 2.133655019209982 2.191936203700607 2.199524285664666 2.216981013414625 2.215275162732723 2.208364241352228 2.192279025541211 2.199076035478356 2.237494477734799 2.232068165667442 2.241503513003408 2.242708736597706 2.219512765650506 2.260716552344093 2.286764571872482 2.275221949166735 2.280328683598782 2.306900602350652 2.324878387145873 2.283916550684808 2.314498140229261 2.287743499116914 2.348351806947903 2.37182321621367 2.423995713208569 2.414817939104978 2.339187531510106 2.351192724776411 2.363215340221359 2.341953225502948 2.318236059276387 2.357082451868337 2.337360998517397 2.357441599968297 2.39499903673277 2.393499043195334 2.374820954391907 2.276975228254742 2.275390430488187 2.257012793656031 2.282309784786776 2.34746724627621 2.450243572755426 2.593883216948598 2.754805410608242 2.909129745901737 3.1104409620566 3.41546443707557 3.799015645078725 4.261807528331701 4.787822042575499 5.432053458178416 6.119776554179225 6.951818730572995 7.939969308659784 9.040683733892365 10.3823930592971 11.92827463559297 13.48986669524311 15.06336574482702 16.70409864381509 18.17419929451717 19.63518891237254 21.14097720965219 22.54987600205277 23.95399245734734 25.25477168273119 26.63768346120196 28.13664495022749 29.39551153529828 30.6981316459096 31.95312746967829 33.1543368034072 34.2897373871383 35.40098678914364 36.50903593967087 37.64605695207865 38.83525743390783 39.94060749514756 41.12774392768051 42.3679430914417 43.63257729960606 44.85235607192317 46.05798756644072 47.17638392279696 48.33784277736777 49.42977574660836 50.4646568074586 51.46025293022103 52.43932711687012 52.36723971454194 51.42167946283462 50.44718811637722 49.26819364868243 48.0759200085613 46.64020651243482 45.29547899136014 43.88091921777232 42.46558263722909 41.12379373986914 39.75168177955493 38.22731624701555 36.5363957645277 34.52975079850148 32.38680372607996 29.88578979003069 27.1443759188769 24.62064059791737 22.37500813193401 20.38325898751282 18.55341480527568 16.90790473914603 15.4911459968971 14.13766434258287 12.89695886481786 11.78688998914367 10.85817049879188 10.05298353891703 9.297476111885771 8.551826060094754 7.916081612889684 7.407060856414319 6.874226972387987 6.408381574787199 