# Created by Octave 3.8.2, Wed Jul 05 14:03:39 2017 BST <co1ssj@node117>
# name: result
# type: scalar struct
# ndims: 2
 1 1
# length: 3
# name: params
# type: scalar struct
# ndims: 2
 1 1
# length: 18
# name: cleanup
# type: scalar
0


# name: num_runs
# type: scalar
6


# name: dopamine
# type: scalar
0.7


# name: targetCross
# type: scalar
1


# name: targetLuminance
# type: scalar
0.3


# name: targetWidthX
# type: scalar
6


# name: targetWidthY
# type: scalar
2


# name: fixCross
# type: scalar
1


# name: fixLuminance
# type: scalar
0.2


# name: fixWidthX
# type: scalar
6


# name: fixWidthY
# type: scalar
2


# name: fixOn
# type: scalar
0


# name: targetOff
# type: scalar
1


# name: targetOn
# type: scalar
0.2


# name: fixOff
# type: scalar
0.2


# name: targetThetaX
# type: scalar
0


# name: targetThetaY
# type: scalar
-10


# name: exptnum
# type: scalar
0




# name: r_0_m10_G0_L0p3_D0p7_scsum
# type: matrix
# rows: 6
# columns: 600
 2.361126592222718 6.109306229689537 5.913972854590611 5.702963721108972 5.500558012412512 5.332761814148398 5.254018746010843 5.299549072795344 5.582123386324383 6.050879261034424 6.751189133850858 7.546953311943071 8.563108758142334 9.71026747909491 10.97550894874985 12.33187878725039 13.868804873724 15.48809337810235 17.0953299814646 18.91077068410232 20.68961724125256 22.44511049267749 24.15737055464342 25.77236557853757 27.29947375114716 28.51800238123542 29.42080218640331 29.83548075252293 29.85579402987787 29.34737610421143 28.22544461080179 26.52962920968639 24.24491870494967 21.98730144084766 19.92348707856581 18.03182759322954 16.30713575144182 14.84042947855778 13.49783646151627 12.30602683850157 11.25690608970763 10.31836863579883 9.414004120437312 8.590418590656554 7.922472990190727 7.303941675501846 6.783972424185777 6.276065220590681 5.869343583539376 5.42369927170148 5.091393731991047 4.735791599174263 4.429295508547511 4.100581141668954 3.904360600608925 3.6970502663753 3.533597605775867 3.412264674065227 3.320398155905423 3.149981075745018 3.058093595682294 2.912819735964149 2.82493449755566 2.728791539106169 2.696864240007017 2.718121559737483 2.648263792529178 2.55319826109735 2.488952059466101 2.472147513557502 2.44451100754668 2.415179090609854 2.435028540519852 2.375625808039331 2.395274546990549 2.423005430599005 2.398724932812911 2.405114204393612 2.383620578077171 2.431554716481514 2.483376303171099 2.475888868611946 2.480322458588489 2.403736407897668 2.404035219286015 2.371250208161655 2.339565229813161 2.378824524654192 2.355549735344539 2.355362420334131 2.357917789748171 2.344842895519832 2.387357200123006 2.3657650970963 2.413214140535274 2.390687431390688 2.386814459845482 2.315223268091358 2.314776262403029 2.32590829689434 2.335933424990799 2.317567007012258 2.334780091383436 2.349344905302132 2.284516662562964 2.315692974079866 2.279406359659333 2.318080101307714 2.279510469237721 2.296145453872668 2.345621285927336 2.318971615994087 2.305768225769498 2.363792807100253 2.311280373192858 2.268809455497831 2.256066311609175 2.278297496137384 2.275890682147292 2.264120754800388 2.270160029413091 2.252971502501168 2.216530369831162 2.232560952616041 2.27425898774527 2.256476867092715 2.229493434693723 2.22396604709138 2.285533310825485 2.316883126622997 2.183993919888962 2.224118747839384 2.212695517853717 2.254626817499229 2.298423094844111 2.268031208386674 2.303414378606249 2.258925512549467 2.317295811906661 2.316941141183634 2.312976912555314 2.310644585464615 2.244424068594526 2.232628825811844 2.249047457808047 2.246807509509381 2.288473399232316 2.240106337576435 2.245255629281019 2.280763059745368 2.306219016735668 2.34515311616633 2.32315598045534 2.323375359243073 2.277508230301464 2.325933736328807 2.348030910623493 2.341342503914348 2.306400147725071 2.241181611236243 2.284833250683732 2.305349605871015 2.292364470009488 2.266372557262002 2.231061753573158 2.279927139410574 2.277586288637394 2.22045129901835 2.253509925583785 2.265999942574126 2.245829089835752 2.250907376819669 2.249498154353205 2.25812342298741 2.354187283057399 2.362955030501325 2.32866927199575 2.272693731145409 2.276392853838843 2.338214863817484 2.322787109640558 2.308942136418409 2.266414278346929 2.315027737116907 2.292683760359068 2.241516006273741 2.252396604455498 2.270223085411999 2.263782464648102 2.252015175774432 2.265443476993823 2.294022119007423 2.271420878932986 2.238622102500813 2.225053120608209 2.196515640840516 2.288127744302983 2.255498693826667 2.240949486844329 2.257785589998093 2.209391764823522 2.228189698707865 2.234868007231853 2.21510635722916 2.280743246235943 2.317651233752258 2.245166017522934 2.266512793089987 2.235913540862384 2.270761436750036 2.275252834511775 2.362561563411873 2.328067847640341 2.317029437930614 2.327974426130822 2.305265441591473 2.297710544073198 2.273550287311082 2.215352348597662 2.237363558939251 2.201086829678388 2.240901823062813 2.251255971239516 2.244835954799782 2.274094090433209 2.310192726465175 2.282382781086199 2.348551643783139 2.372541920740332 2.324682947863039 2.343902617030835 2.352958001200022 2.32303046044035 2.347023260175774 2.330490611515415 2.351226616980057 2.34008815434936 2.313211584787496 2.292604227504853 2.249202250489361 2.240232084244781 2.204957014044339 2.259309644441601 2.297491314729996 2.304894685104955 2.26571927448731 2.228407970676926 2.270268201231374 2.25535213018884 2.29251695171115 2.293843063082022 2.328501249561668 2.380792408763227 2.357790417274373 2.346133255159657 2.301471688722813 2.295988334280992 2.341248500385973 2.369819403262227 2.383764486217842 2.35472320986446 2.340957431392781 2.34571617772599 2.365805198547605 2.339172723699448 2.326311258126225 2.281513782608272 2.284784623692758 2.247315845721459 2.238080155239004 2.257989782980076 2.222127353554242 2.271526206950512 2.249088130567543 2.227066600244143 2.228381259603339 2.214103277867252 2.215314355053124 2.196935221971216 2.250901364810488 2.298285829530869 2.31803070065871 2.260376603873738 2.298575353077467 2.235780890230672 2.233820468329213 2.26040697021017 2.248185036485665 2.277808527116576 2.271551369460212 2.324578871150152 2.344609409177792 2.36073660762122 2.309930260200417 2.338994684738282 2.304435697935332 2.366879232080464 2.357514180970611 2.341113011323614 2.276898978902864 2.219256115073222 2.229697205752018 2.228362453515729 2.273565330746351 2.331911199671595 2.405637194206065 2.513222552646766 2.661383422571816 2.946845661543193 3.18898249425547 3.605366310302998 4.084962695145805 4.664099219651689 5.266977665709419 6.02541110608945 7.016163045798748 8.060418195324019 9.310343922275933 10.79597457996715 12.47471746486553 14.23162139562191 16.00335637456487 17.71251406438023 19.32097026955671 20.91515424923909 22.61506057048609 24.21875363549043 25.80603344758492 27.31343011407262 28.60063795306633 29.94166865023089 31.21210862319276 32.59842220700375 34.03683397699206 35.4938738100318 36.95433997431064 38.38775864831223 39.78473251616015 41.20514727926547 42.34498197372886 43.40957774904018 44.57237118420562 45.84289083341719 46.98757558978104 48.27343136984928 49.50982491421564 50.58373607183239 51.69183023679216 52.80323483786196 53.90744861372877 55.09700086843804 56.37217665428761 57.65314126214798 58.88857616832684 60.05895083203359 60.00719746735558 58.8762995774141 57.60365970509883 56.361557678807 55.15768886227306 53.92897548074325 52.57003707479453 51.09094301299046 49.70704784881309 48.27757302912505 46.72822849160002 44.88116669507144 42.94021464756099 40.97632821329171 38.75199718067233 36.08267144193087 33.07784895512305 30.04204470340483 27.22751842170146 24.74520989842858 22.45504844761308 20.44633964113746 18.63375790230566 17.01920856204379 15.51806914592089 14.24127002482419 13.01098723048199 11.95104280156374 10.94086918301764 10.08465088761295 9.308079643364181 8.562606405514089 7.88305373539697 7.394420106204052 6.888832655498845 6.42290554795909 6.019198103478629 