# Created by Octave 3.8.2, Wed Jul 05 14:03:35 2017 BST <co1ssj@node117>
# name: result
# type: scalar struct
# ndims: 2
 1 1
# length: 3
# name: params
# type: scalar struct
# ndims: 2
 1 1
# length: 18
# name: cleanup
# type: scalar
0


# name: num_runs
# type: scalar
6


# name: dopamine
# type: scalar
0.7


# name: targetCross
# type: scalar
1


# name: targetLuminance
# type: scalar
0.3


# name: targetWidthX
# type: scalar
6


# name: targetWidthY
# type: scalar
2


# name: fixCross
# type: scalar
1


# name: fixLuminance
# type: scalar
0.2


# name: fixWidthX
# type: scalar
6


# name: fixWidthY
# type: scalar
2


# name: fixOn
# type: scalar
0


# name: targetOff
# type: scalar
1


# name: targetOn
# type: scalar
0.2


# name: fixOff
# type: scalar
0.2


# name: targetThetaX
# type: scalar
0


# name: targetThetaY
# type: scalar
-14


# name: exptnum
# type: scalar
0




# name: r_0_m14_G0_L0p3_D0p7_scsum
# type: matrix
# rows: 6
# columns: 600
 2.343780169849197 6.140048977729748 5.916144513903419 5.662448359886184 5.41562254245946 5.324192054096784 5.33565757816541 5.463376968582452 5.717131158104166 6.185520740938955 6.848302129844342 7.669549632126291 8.653039837488905 9.739340350581188 11.00117351906374 12.30785603185359 13.80879791300686 15.3328935268546 16.9351886064178 18.70988594022856 20.51764991429081 22.24882432465893 23.96573779598293 25.46004455717775 26.82277396121208 28.07144683225488 28.9781006318517 29.49044269013393 29.42498968060681 28.87938884108007 27.83688073649682 26.22564435208187 23.94955861557537 21.59453554574065 19.6022272620794 17.78490223022527 16.14285238688171 14.74022524008615 13.4384278102807 12.16176655893833 11.09550809704524 10.18966596724931 9.3212234465027 8.580665269844758 7.883784401421508 7.252830057966094 6.697016156700556 6.117326954539749 5.673961512045935 5.271372754737968 4.972881023633818 4.713585008579685 4.374755693657789 4.178702155259089 4.00365875683201 3.882160186651163 3.641828226554935 3.438640357355325 3.272035292415239 3.182257170512457 3.101761104670004 2.963100990084058 2.839523873096596 2.728251825465122 2.68463771799361 2.600989512506203 2.577224596439919 2.545842594387068 2.533787016516726 2.524623653425806 2.503498935835523 2.447531384474132 2.406930486966303 2.341815321567992 2.35504172612309 2.321049752528779 2.326211985329792 2.29485138864402 2.272141613273561 2.297532334305288 2.273758435534546 2.209141013596309 2.216404676106322 2.185700546026055 2.221095497225178 2.180624098138651 2.169682758722047 2.202571032335982 2.212531398850842 2.191664678121015 2.218570824084964 2.236009877633478 2.25168121994102 2.227944273119647 2.197673699040024 2.211477368720807 2.236763453860476 2.244933940659394 2.262668814699282 2.289661697253905 2.265924900390019 2.221960966817278 2.281013249528769 2.235309687992412 2.241392004752925 2.335349068045616 2.359944722098589 2.302726034857187 2.26902048978809 2.304450654333777 2.308315984595538 2.31400569104153 2.292287355383451 2.265721874478913 2.222473670251929 2.236599802490673 2.309145982690097 2.328647563228515 2.300404863011863 2.294250755646772 2.323803657229291 2.300233839127031 2.303554091871774 2.304497524062754 2.290522498711653 2.322829680735595 2.31277279893402 2.323078811510641 2.326422762154834 2.274446328101476 2.235815323303541 2.266450668103062 2.255060331641289 2.212995920213871 2.207948293995287 2.15864642123779 2.168052665256255 2.187791600321361 2.190231209551712 2.298685747035051 2.277818319096696 2.235119737088098 2.187204713980464 2.197288658091566 2.183398156761541 2.12682007705007 2.128882383542077 2.123086411062104 2.108813596925756 2.127167159944293 2.117060983255215 2.144813624767266 2.18179361640432 2.176918962826676 2.194407683389727 2.20086326191813 2.152665695841279 2.147920310158952 2.186017246891424 2.17745966820803 2.183433996113308 2.243808212813747 2.27191360766119 2.291016162213054 2.289988874574192 2.266861868800333 2.259968755421141 2.267333211631922 2.226515910981107 2.180585700752999 2.245911945756234 2.22334377754305 2.260460643330589 2.250298035636661 2.279370862492215 2.268334734595555 2.304266642508082 2.302179540285579 2.331965369299724 2.337961669480137 2.276209629373625 2.24619886752771 2.266637440719933 2.28314872757619 2.297913221707859 2.303828988928217 2.350638124280522 2.33216829419689 2.331615207302093 2.30947727639068 2.287066245502501 2.296196923929529 2.307404367147683 2.282152252206288 2.256864118106023 2.257660878953175 2.277219682137002 2.305856866336399 2.335023522879055 2.32522012906702 2.368952965982317 2.264131514377368 2.236017861951041 2.256444119211665 2.289323690354649 2.235850851022406 2.245368805712133 2.240237927901035 2.27048071968602 2.30259105222558 2.285447675094474 2.283037962384697 2.275531158797094 2.279591187747428 2.233601323176117 2.236465277474053 2.192605095468025 2.216903732936771 2.18596489396441 2.139293775993792 2.139632327396612 2.165482171544681 2.218837168271421 2.221632004177081 2.18250591702963 2.201307724251819 2.24110297210882 2.253413602771616 2.201388950343244 2.210418033570022 2.184158525982639 2.230652095471669 2.272466028029157 2.288155031892529 2.302421036969463 2.297474437433266 2.294645025758655 2.367696029577928 2.412731147494924 2.364713509188732 2.355785389201628 2.358216046855887 2.375954541243118 2.373106184579228 2.357060800553882 2.313549876347679 2.336513954720431 2.345281747011541 2.408411104559491 2.419294967010501 2.392895227134431 2.407521910385185 2.393338783018407 2.421728216620977 2.40646287441632 2.442272350559506 2.402345184507794 2.390211363344861 2.392876288493426 2.381999361903581 2.363932105368804 2.359733871189746 2.374272030989232 2.36654637243555 2.300452272764232 2.29538966990367 2.309566125599304 2.271079355959955 2.284284961097001 2.276183199501247 2.241608912445372 2.287090713023645 2.263835879445651 2.289744169196638 2.330127969871683 2.350459572182444 2.368373606370369 2.323203164938604 2.287541884918028 2.270838183281739 2.29916810071154 2.339860939709069 2.370706488967699 2.394058434161707 2.330022721919704 2.381648792688793 2.392457201887737 2.419359906288264 2.452748594123477 2.497619799207314 2.404853602463845 2.446925962871319 2.451367378329451 2.401849066685827 2.370445938807279 2.385262060894547 2.393159313578508 2.355957407811729 2.362152966503345 2.36130574813069 2.305662597447736 2.228278837406833 2.254562287953377 2.287262485457177 2.251036548681441 2.257881835026637 2.287089873439982 2.281812413388252 2.271574400372629 2.245866964796733 2.276809404723735 2.312940802788944 2.302311634739453 2.273439444779797 2.290717303367273 2.27610642608488 2.266880576349649 2.330645473361074 2.331086565238365 2.381524158343382 2.389885317948938 2.479918342127348 2.597527461362915 2.794239719951292 3.024419201690762 3.323473093854773 3.643221882808575 3.963946966228832 4.401856422224228 4.847404297786852 5.476575709397366 6.205474255006266 6.969318020264836 7.913914717344596 8.992254158098149 10.21716767526232 11.59943938317883 13.06598155587562 14.52073790974828 16.0194116091152 17.39419559505041 18.7784378517099 20.10346403497715 21.39113081924006 22.81928873683501 24.2044365356378 25.53577658715221 26.82938859899878 28.10462114287293 29.14556220459053 30.20435101900512 31.32723697979964 32.43062356813971 33.56225385130892 34.72686014188366 35.89581083198573 36.97599711308067 38.05218414383489 39.1090012502857 40.28256604587659 41.46486167459807 42.60878589033018 43.66173242996592 44.74700996957836 45.76509132907358 46.81078020376299 47.74093130731853 47.45940656778112 46.49020971068967 45.43246857183112 44.2432532378516 43.00636628263192 41.64126712802818 40.31441061281657 38.96278055806033 37.60304464456749 36.21524625795064 34.87975734930296 33.40805888302566 31.67345653240045 29.73100536076163 27.4373275466387 24.91118699370236 22.63072402639227 20.57506314830971 18.66485290582568 17.00933757996972 15.51254200904077 14.12769325180125 12.9599546460704 11.87439007954526 10.91533142253684 10.05369241731387 