# Created by Octave 3.8.2, Wed Jul 05 14:03:35 2017 BST <co1ssj@node117>
# name: result
# type: scalar struct
# ndims: 2
 1 1
# length: 3
# name: params
# type: scalar struct
# ndims: 2
 1 1
# length: 18
# name: cleanup
# type: scalar
0


# name: num_runs
# type: scalar
6


# name: dopamine
# type: scalar
0.7


# name: targetCross
# type: scalar
1


# name: targetLuminance
# type: scalar
0.3


# name: targetWidthX
# type: scalar
6


# name: targetWidthY
# type: scalar
2


# name: fixCross
# type: scalar
1


# name: fixLuminance
# type: scalar
0.2


# name: fixWidthX
# type: scalar
6


# name: fixWidthY
# type: scalar
2


# name: fixOn
# type: scalar
0


# name: targetOff
# type: scalar
1


# name: targetOn
# type: scalar
0.2


# name: fixOff
# type: scalar
0.2


# name: targetThetaX
# type: scalar
0


# name: targetThetaY
# type: scalar
-8


# name: exptnum
# type: scalar
0




# name: r_0_m8_G0_L0p3_D0p7_scsum
# type: matrix
# rows: 6
# columns: 600
 2.308366407531139 6.007938198137708 5.810615019077886 5.570263700556097 5.350991915300256 5.232677440828411 5.297426195385924 5.452770412317477 5.66781641083071 6.131014071179379 6.798615533349221 7.622661767243699 8.574267885251174 9.704677351102873 10.81728755457152 12.19868549203602 13.6644386681437 15.24603188814217 16.94720741057245 18.63958197650209 20.42354127372164 22.19061258054717 23.94836542310804 25.58794920702348 27.08954339321281 28.35015219850902 29.25140023673885 29.63384092477645 29.55778474263207 29.09944668460776 28.04220185789018 26.36979256137056 24.14480700287822 21.8426559533109 19.83156564288947 17.91085008549999 16.21538627831978 14.75333765966207 13.37771554531355 12.14610583502508 11.18780157994115 10.30717427914351 9.378632394706074 8.595641467287351 7.875249186039582 7.231340034326422 6.688246975674701 6.162096196618222 5.695353488990804 5.293750503169576 4.947614020564288 4.544654847049969 4.29514713052049 3.987450776881815 3.72375822433969 3.56914263499948 3.413689836309459 3.256271488658967 3.183976838725357 3.040011423745455 2.943618841782154 2.863155794606428 2.78087198497542 2.778148361128842 2.686727291929856 2.632720349556621 2.572657746306504 2.532575056306086 2.439342095676693 2.438240205261536 2.426428641352686 2.42540192771412 2.386748198849091 2.347746748309874 2.348893448621311 2.321096322695666 2.333131364601286 2.34250311494543 2.314599781719153 2.311740717466819 2.295208278670543 2.279943998288218 2.261181386526005 2.23628793044918 2.225105997662467 2.222192103694397 2.254673415638536 2.208148775956943 2.197586200487422 2.226725587350302 2.228811011460493 2.230935433683044 2.224183474125311 2.235058677506458 2.235781907034834 2.213762361428962 2.227381174496259 2.295571399758046 2.324430938643673 2.254995952582249 2.251666883617872 2.212538081920684 2.241638188850629 2.220594553058618 2.23529864828015 2.316773592492609 2.275493537694274 2.28433846142434 2.237326899648906 2.228357633968699 2.249429618168506 2.297891287627863 2.298160747122893 2.299595808761296 2.256855544816062 2.264089852767938 2.314094437737367 2.319862221396761 2.292854099112446 2.312697897046746 2.278819457487771 2.299021260267182 2.284063711013005 2.283056173993828 2.353382286502892 2.318608273788413 2.302550862083081 2.248900358714309 2.253759127190278 2.294255138589506 2.294358952611219 2.331756609710283 2.318821295542875 2.291083021071245 2.267954523696972 2.298579517922917 2.302839658572339 2.311610342814674 2.323433913154076 2.311064217019521 2.297772976693523 2.27501262063015 2.29512814579175 2.25916855842479 2.223032571499061 2.227614947592883 2.252944393432699 2.260365657290095 2.240840668353485 2.242021754238522 2.186211717576953 2.210220826789737 2.191963421668333 2.214615979217342 2.202431843141312 2.259682218027592 2.298819773468495 2.314141784176172 2.294047840809071 2.332953396802623 2.347833157476998 2.305674781524431 2.253657809942524 2.292264928006261 2.338861634489149 2.370696624687298 2.376135521365541 2.400159272852761 2.35724850891711 2.340341695671668 2.270310760688517 2.27300241319972 2.261129806262034 2.276850757039938 2.264612929702707 2.249901639332165 2.271012132525357 2.300357324296783 2.311961481089384 2.315245437479462 2.346076242931304 2.382900623908426 2.373445681449084 2.351412751911994 2.324108648226684 2.2795386543512 2.282875099706871 2.258732192654861 2.259112310319324 2.273262935843377 2.25890207709017 2.273855057144829 2.26381401096296 2.260614938728395 2.234767619112972 2.278995236916671 2.28176400598386 2.281537988159471 2.28792351084121 2.285990439266243 2.248512488265987 2.275843103438092 2.311613408572157 2.303589520546666 2.22525598284119 2.210529016047076 2.212664474209305 2.190905514711631 2.165178228809964 2.175091504839656 2.218549919241923 2.252221222835942 2.292435297102202 2.329255860543526 2.322766115874401 2.322698535600466 2.326963072424405 2.319849740863901 2.310738293188479 2.324674127419712 2.353603459558144 2.334068896136159 2.353597067391092 2.322784138395946 2.329249323469412 2.369701243034797 2.381901150365593 2.358855413607671 2.348067653430917 2.302596172065932 2.303937832843076 2.268396425017272 2.261279307557288 2.252919559708971 2.266042816387198 2.260838240432349 2.211661605535483 2.244829027262313 2.324937652701919 2.328227493977465 2.366101518793585 2.3589176395908 2.377193480284404 2.373760860124094 2.365451140031837 2.371244754169311 2.302141459382256 2.280018344608834 2.193632159425761 2.199085284089961 2.209310476042447 2.192261901975144 2.235672477960179 2.205399247410242 2.188804866786086 2.230577109756268 2.261808814138931 2.268293605426152 2.271347253670683 2.34408879707189 2.350328737060408 2.285277209983178 2.271958455250569 2.292448044370758 2.316577196765138 2.334665702836674 2.398837725049816 2.417918318336888 2.43369500537483 2.383707144770597 2.361690815592738 2.417941000465362 2.401363435150415 2.40023071979158 2.38870189080626 2.318487690774418 2.271260449211695 2.26861753101366 2.294816875553806 2.265929193035845 2.30620572026055 2.312376754942306 2.337368403892469 2.315125160988828 2.272231669259781 2.27466598641422 2.314880661477218 2.372519025164365 2.379105209123736 2.298254064928187 2.360315702429943 2.350375023539527 2.354572909345734 2.356517061232807 2.348219229013921 2.384946279373253 2.360886982845841 2.321240829121962 2.325854505477764 2.280854429092869 2.33605307633843 2.316093148278014 2.355368082992754 2.308744364330778 2.397621403186349 2.552018398862856 2.756407275868696 3.030457177232165 3.45373024762921 4.003527421788021 4.667284089732675 5.411913180239935 6.273606326780282 7.3059564726791 8.618905900653772 10.193883311229 11.95416582141479 14.07315657508298 16.22177780915081 18.25667455967778 20.21362732875059 22.13061929320975 24.07412553474387 26.06238651029344 27.86454088782921 29.61771446638886 31.22858723725949 32.69466388152068 34.26393414625636 35.84892011896227 37.49480975588813 39.24157171350453 40.84737678011879 42.42396582477159 43.78280537405226 45.18610831678234 46.47833022067061 47.76537902686323 49.02336697916326 50.2243669207528 51.53290574383573 52.86219296246418 54.04960146375743 55.24263770917241 56.48894441876473 57.75100884505446 59.04774706822354 60.41644629511575 61.93010690246228 63.5248880096733 65.02349435130236 66.40169268228055 67.77566761779963 69.04255963112882 70.12573405604599 71.10308324050129 71.59985900660831 71.21924329871581 70.38005882953985 69.25668371133361 67.74071023959186 65.99448477293481 64.16748990572523 62.43910889133258 60.88397175657883 59.41468836661807 57.81251400009205 56.08827416774511 54.45239839403803 52.58853548206389 50.31721654485227 47.76626580346783 44.98023028397984 41.47112026432296 37.57992899749297 34.05927693442936 30.93463909879574 28.05103934914769 25.4630105542019 23.11746741370007 21.01098698909482 19.15612111618975 17.47090431857396 15.93238945280791 14.5501489565504 13.36620937951375 12.28161147532592 11.28044452629456 10.37785957349115 9.554248625443506 8.780834520961434 8.147337293932651 7.496655691116757 