# Created by Octave 3.8.2, Wed Jul 05 14:03:35 2017 BST <co1ssj@node117>
# name: result
# type: scalar struct
# ndims: 2
 1 1
# length: 3
# name: params
# type: scalar struct
# ndims: 2
 1 1
# length: 18
# name: cleanup
# type: scalar
0


# name: num_runs
# type: scalar
6


# name: dopamine
# type: scalar
0.7


# name: targetCross
# type: scalar
1


# name: targetLuminance
# type: scalar
0.3


# name: targetWidthX
# type: scalar
6


# name: targetWidthY
# type: scalar
2


# name: fixCross
# type: scalar
1


# name: fixLuminance
# type: scalar
0.2


# name: fixWidthX
# type: scalar
6


# name: fixWidthY
# type: scalar
2


# name: fixOn
# type: scalar
0


# name: targetOff
# type: scalar
1


# name: targetOn
# type: scalar
0.2


# name: fixOff
# type: scalar
0.2


# name: targetThetaX
# type: scalar
0


# name: targetThetaY
# type: scalar
-7


# name: exptnum
# type: scalar
0




# name: r_0_m7_G0_L0p3_D0p7_scsum
# type: matrix
# rows: 6
# columns: 600
 2.272841564496048 5.953739189048065 5.8114553719779 5.552660630231912 5.377599442908831 5.295062532226439 5.310414823714382 5.463345899715932 5.760718635126068 6.211841158130483 6.88179930350816 7.676075631956337 8.613871857109189 9.748086285821046 10.98140244332171 12.36647698267188 13.8417201780394 15.35717834719981 17.05945616983081 18.75859599577961 20.58729261135886 22.38887304536183 24.11376202393149 25.82001270398905 27.24453601236382 28.45353030260594 29.33844050039625 29.8240435448206 29.80450922182717 29.29284543992253 28.18536610749288 26.43791948451144 24.1189950217813 21.81144662619045 19.80513971214987 17.88435270155605 16.22265575948586 14.7322066267734 13.40300903328898 12.21013354330353 11.08747686823699 10.17862510083069 9.324316660917248 8.557824849853205 7.842506734570634 7.220305983559228 6.688307958425867 6.136639980810287 5.702027509527397 5.308546384989313 4.919904025649885 4.608557894607657 4.2648910246171 4.077992764840019 3.839707729814108 3.668176298041544 3.520121899415244 3.385319411543605 3.232357182239866 3.127891821881349 2.978500367920788 2.923947087008855 2.812165364328393 2.753684152718051 2.689966270656441 2.672650042204623 2.643520376666856 2.56150305427218 2.512530642485217 2.508098465925286 2.4925654850922 2.495794266789744 2.446284745346929 2.479495547504484 2.469616700902407 2.485426653009199 2.508628411123937 2.466448171893717 2.515621707889295 2.500091330184659 2.458853308071411 2.37787526304237 2.350763963288045 2.341686676259997 2.308254237941583 2.24088969703007 2.253078878064116 2.242462861304375 2.282587323166808 2.280307824275951 2.254174428609986 2.262936017992615 2.255308369713021 2.283642225109361 2.223961566953221 2.169328231532745 2.141690169140929 2.184915099707723 2.170867547589296 2.127379210392974 2.112615405056204 2.132711560956523 2.111112872211379 2.135374229605077 2.153761286002918 2.152471781122586 2.200956391479849 2.209695275021659 2.228523543788469 2.245454659987445 2.235512751238275 2.268459419306964 2.274623774814245 2.24641673201404 2.215686207244289 2.151017968360975 2.224767827763571 2.231725647052372 2.267475920001743 2.256245474151001 2.292210836414597 2.327644220924412 2.292414063034812 2.223521630177856 2.245854877039164 2.255272438000247 2.295949520072099 2.316582723608008 2.28775414579286 2.300313985448156 2.316581980805495 2.356341726754181 2.407578712787654 2.400127242237431 2.451318748237554 2.485817619504815 2.405123485732474 2.405006128297828 2.401602852354699 2.365844316731454 2.366865547095585 2.363484997316846 2.357016272137116 2.347309730952475 2.38983971217931 2.385827677091584 2.372350897712749 2.383734768904105 2.410233421966041 2.384745568138896 2.362324852958409 2.337398781712182 2.299123963246529 2.301148515340174 2.247228221829573 2.20422455318112 2.251876984544651 2.233771283783426 2.219031558794086 2.189322430221182 2.169926330110684 2.215429428753851 2.213900763592392 2.197916338860523 2.221544518655719 2.142855264268292 2.119327083491953 2.129167895429418 2.122464406267682 2.138035394215876 2.107672200638262 2.1398470673048 2.16607784246662 2.187614288563054 2.244115738449182 2.308705758159704 2.306496907553083 2.276032374018541 2.262863863114035 2.227149730515521 2.236275824725453 2.266773145835032 2.270316593097959 2.345689281813975 2.344978031578648 2.317192725098721 2.31128549999994 2.270721279135614 2.247346987445781 2.297457750545163 2.313311204395177 2.320042342887973 2.349357792139926 2.341501428341871 2.343573655001819 2.30928915480763 2.321657923042949 2.317807058610924 2.286804786614084 2.288613446887211 2.244994955810398 2.274308391019986 2.219516761993873 2.188358834719111 2.195225781135377 2.203309054453712 2.205168743131253 2.239603841719145 2.163418298310717 2.197633115214558 2.236624805353131 2.248374561939272 2.245579943424673 2.203741932338744 2.245534377847889 2.271161898715945 2.250758089488954 2.292268272754882 2.304854107307619 2.33906850747735 2.313963272354158 2.351317829841719 2.332863829497001 2.320052548733656 2.229856477624708 2.249283105456925 2.260011649479566 2.310843568993732 2.306273614434758 2.287764877775771 2.251952103841177 2.207105435398262 2.253087693745329 2.237282507714554 2.235049411188811 2.265421215161041 2.278367130893457 2.287606543279253 2.273859493034251 2.262891927763121 2.268310636325623 2.306274830058101 2.289195900732011 2.2741248696002 2.241776176146232 2.226028019947989 2.202305785627686 2.232936963595421 2.221358861694171 2.137437419311027 2.175600203932845 2.222566437298156 2.246046546635625 2.268848519699532 2.288858750507643 2.271627031605021 2.223032205220079 2.256937224468857 2.293590818728262 2.284856415557442 2.315249426806986 2.297002283867187 2.280367248982657 2.319408383778864 2.244328173961549 2.232704891117464 2.278468493044784 2.279082306773489 2.274150655855919 2.276781592074258 2.231050726981266 2.227433668333106 2.186159585304267 2.235390019639453 2.203507795224141 2.243845855403379 2.273259597015567 2.204003291157278 2.221687896373624 2.261782006033172 2.312376886692618 2.272476547464976 2.237746318101927 2.170525512763561 2.251246556617843 2.319343603638117 2.29793528078153 2.24165267864737 2.207186093146447 2.205159952893155 2.210097464801947 2.222996119395248 2.218510939623229 2.258781060936599 2.239019351341994 2.232270925771445 2.147802677445725 2.203819498754456 2.209328458953678 2.259323518139809 2.284394780002913 2.311814140197384 2.362066964093174 2.464037738012848 2.602927351050312 2.821981108085311 3.225606836876977 3.658936293400984 4.194018367572426 4.814270217102603 5.548606874461257 6.385304986233677 7.321443691245804 8.511491945082525 9.931614160152094 11.54548046424316 13.40104773007624 15.45820403871039 17.21497214690135 19.0689848160182 20.96091762670767 22.71867845759516 24.43478035608859 25.95449950759212 27.46586313912849 28.91091597561172 30.39790554507999 31.83908203159081 33.44519674169351 35.04172831356118 36.55661529614736 38.00535278144525 39.38309939498868 40.70768242677059 41.92070332197909 43.1525940357169 44.21356579369603 45.38011369792366 46.55900117931742 47.61172262670152 48.75491977521233 49.86273128553148 51.07640022269334 52.33227583748521 53.50839157834707 54.64174453184387 55.78830211625609 57.03247431876116 58.03878404091665 59.07477068781009 60.06887344212009 61.0635376987193 61.9598349756634 62.84470791285275 63.67241771083354 64.6041494183155 65.57958874558244 66.56850411911546 67.46943484796793 67.51149238053404 66.7977046176602 65.89090892851891 64.8463010615269 63.78149538093567 62.65160886411832 61.55947365122847 60.36300017360554 58.84377099572521 57.21710169653306 55.20072003592941 53.27677481030332 51.36470342168468 49.47829288970388 47.53510727557023 45.28520261738595 42.61836777038843 39.24923162772029 35.56879919831408 32.24989871052094 29.21518160597407 26.50870808463878 24.14549868775066 21.89669291329483 19.90875876754581 18.19707366218063 16.57074123938946 15.13396174614172 13.87970694951218 12.74532455136705 11.6769249065419 10.72016537497257 9.892169650018332 