# Created by Octave 3.8.2, Wed Jul 05 14:03:39 2017 BST <co1ssj@node117>
# name: result
# type: scalar struct
# ndims: 2
 1 1
# length: 3
# name: params
# type: scalar struct
# ndims: 2
 1 1
# length: 18
# name: cleanup
# type: scalar
0


# name: num_runs
# type: scalar
6


# name: dopamine
# type: scalar
0.7


# name: targetCross
# type: scalar
1


# name: targetLuminance
# type: scalar
0.3


# name: targetWidthX
# type: scalar
6


# name: targetWidthY
# type: scalar
2


# name: fixCross
# type: scalar
1


# name: fixLuminance
# type: scalar
0.2


# name: fixWidthX
# type: scalar
6


# name: fixWidthY
# type: scalar
2


# name: fixOn
# type: scalar
0


# name: targetOff
# type: scalar
1


# name: targetOn
# type: scalar
0.2


# name: fixOff
# type: scalar
0.2


# name: targetThetaX
# type: scalar
0


# name: targetThetaY
# type: scalar
-11


# name: exptnum
# type: scalar
0




# name: r_0_m11_G0_L0p3_D0p7_scsum
# type: matrix
# rows: 6
# columns: 600
 2.262422557763784 5.922089086976484 5.709100860462058 5.523803916876204 5.362873277561448 5.308057506292243 5.361484512239258 5.518669190227229 5.781959253024979 6.278430950711481 6.8955993043528 7.754948882706231 8.759617283556508 9.895199658923957 11.08003581836965 12.38991892516606 13.8077881817153 15.30834681232955 17.046294689153 18.87985611432305 20.63340181329113 22.35653825232293 24.09540894768361 25.74163729414067 27.18928534870065 28.3835613544743 29.28234835889543 29.7267303535009 29.73110277222804 29.14589869697011 28.09944419425301 26.34030327579967 24.01067160705134 21.7452015296476 19.63379564512434 17.79684102654574 16.18329782122964 14.65726277236899 13.3129845873118 12.16909654039409 11.08432529329002 10.13934654877812 9.285612621395558 8.507404777250485 7.790618288156111 7.109304728204734 6.617139079899061 6.121288380571059 5.650285315088695 5.257300268054678 4.950803457679285 4.626549413791508 4.327473717152316 4.05696038815222 3.818780548201175 3.599991616145417 3.476628609219915 3.341471775624086 3.222444265493323 3.138080797767543 3.042714605104266 2.907671597504304 2.799575740282307 2.749958994652843 2.643188207082858 2.618691684692749 2.584224972033553 2.531962190096237 2.48138617449149 2.410952536120021 2.435762188732042 2.434113271614478 2.410591914464021 2.401923087440082 2.376576657032274 2.398267455297173 2.394683857193741 2.423127640253369 2.377093532904837 2.370334855317196 2.362023486595717 2.317246852211611 2.262175097526779 2.253679593228298 2.278117117901274 2.313057716608455 2.31306628040511 2.341305972793634 2.344501353689338 2.348018525979569 2.310737410713045 2.329043855010241 2.327106137818191 2.308600288059097 2.319881711246126 2.295638803152542 2.316776419283997 2.302961640037665 2.370911317299033 2.349490937303926 2.407169827696634 2.400603048132325 2.334298330237289 2.33243748665609 2.331134244128407 2.27843577945896 2.276009440447524 2.311915818441776 2.319246337727236 2.289930242070113 2.252736322234341 2.278089021365304 2.277913458443436 2.248522118148685 2.241887139469327 2.256689204414215 2.185096947025158 2.170379717237665 2.226029318162546 2.198405996037764 2.206731896491874 2.176886266548536 2.224506699232734 2.217407009900853 2.2471844425163 2.247263699769974 2.265037327302707 2.315916162086069 2.257749969074212 2.291290930668765 2.278025542179421 2.281149818863923 2.290021050666837 2.260073848661705 2.298271197738813 2.325531365240749 2.345966659828264 2.345496170164552 2.365439009969123 2.321746873421944 2.261284684722341 2.182643975036626 2.186193140305477 2.195857095677638 2.153208200827066 2.13728428207105 2.15069262979523 2.100321183650522 2.118714658274257 2.147556602518307 2.142776707019948 2.145511184011411 2.098558107398276 2.075770876765091 2.144134252827826 2.126972456790099 2.158141965730465 2.165577372787084 2.145135364684393 2.111234831583715 2.135615617829899 2.125966965379121 2.207401916411982 2.250000511703547 2.307501165221765 2.308790846625925 2.267571227828739 2.229097628445743 2.191456685457524 2.200094507721587 2.228772964295786 2.185196471014933 2.201814446161734 2.20852293083226 2.236598992538347 2.196154027544253 2.248604787535442 2.229576113550138 2.191361702090944 2.204552535668881 2.166572186779376 2.162609140017594 2.185342490280163 2.257577397391287 2.299764710238378 2.294630909455009 2.291773416625801 2.314379332732642 2.269533929647878 2.28172067716514 2.259164105220407 2.259270301832657 2.303457556939975 2.342366742781451 2.261206367475097 2.284812609061191 2.278110655483033 2.294518197966681 2.308920433872117 2.313517999158648 2.318205276831577 2.300549812731333 2.30027863243231 2.309497909602214 2.323943595572928 2.389438521233387 2.385474089453055 2.316564896103955 2.308181527998386 2.319969284009858 2.328805371318595 2.278603443954125 2.288070788254117 2.271480813429662 2.252484112887032 2.283486682889816 2.301719486429647 2.306450845644576 2.308709330147394 2.306553651398644 2.271800065944262 2.295696446777583 2.298659896521713 2.305303052506133 2.32559162707912 2.31450844416031 2.337680370936141 2.366283848281455 2.329617340295954 2.336205234794761 2.377631221745105 2.337724843644537 2.271622287555147 2.327510295534012 2.325729495630185 2.313518565468257 2.311416682197887 2.259139404573943 2.251705711278191 2.287992866737113 2.22161563046393 2.209639408762996 2.255305145365128 2.218454607020249 2.224014248908134 2.24619537450053 2.239041775577789 2.210059391476534 2.259839234862739 2.31661211901519 2.308242974817404 2.323947479439084 2.325835615276446 2.321407443138014 2.329538736048562 2.336812563422427 2.435503931928906 2.478918519904255 2.405875677271979 2.414791356796741 2.380351046660508 2.403576727196196 2.390770848680404 2.416900174335751 2.374929230834823 2.306509199076572 2.391699902764231 2.426108382556777 2.424113978631794 2.363220998755423 2.314358569135948 2.289419992144758 2.286602008809496 2.221479475330852 2.239535831457033 2.248586000641808 2.28444207497887 2.270854924339801 2.246122398275475 2.269645139213026 2.24855106771065 2.286968566913856 2.237744331207068 2.231028473001061 2.241857769258786 2.25004973468458 2.260412026094855 2.266880460863831 2.299584976133701 2.290932991578302 2.341616677058482 2.345041302551181 2.31320319912993 2.299260739342571 2.306625057387919 2.283674742717267 2.283141393771984 2.215992034733063 2.21676712280896 2.256058478415071 2.253274208331277 2.296778141411778 2.345693931552432 2.36445731902495 2.321018817630829 2.304935246334935 2.311885345872724 2.277015207368095 2.417050405838381 2.528416704473784 2.664697578067717 2.88049331116963 3.127068512313599 3.493540571016638 3.871257175247592 4.411175180550345 5.027081180502137 5.817139897975721 6.701660930935759 7.717805604159366 8.899539532962081 10.24703046393006 11.90619561146377 13.64334176546981 15.36715189318966 17.14096528710434 18.76279430107024 20.41876149246673 22.08052330963983 23.55135802469886 25.1053200102906 26.63972223221572 28.05807021933833 29.51218878425243 30.89589900218016 32.31413880815671 33.64944780495716 35.09583822963759 36.45245795445589 37.77977297565303 38.96840492002957 40.17125199695511 41.43557171394059 42.71515305446337 44.17691285595356 45.49915380025959 46.71522867178646 47.90113397708774 49.03358474871493 50.16136462138093 51.33342383799027 52.47033680725144 53.51827322312965 54.68319825231083 55.88272063720433 57.01879418656426 58.21434973317446 57.83505005854749 56.71196206223976 55.48283371791331 54.28519246058931 52.96463982667774 51.70261356154515 50.34037140136206 48.94357477247104 47.4164347809965 45.86667996656615 44.26734799088626 42.53857087168581 40.67027348900956 38.65247246035324 36.35693611311945 33.58117606183805 30.49906619439935 27.6650590828358 25.12939808280498 22.84062997384171 20.81840292554079 18.93617969684783 17.26687946558377 15.74300021193267 14.40400316207524 13.19433903014578 12.12591097722907 11.09674965514569 10.1301833219477 9.283693850360578 8.532602196581138 7.907145542027138 7.377849488573702 6.896415286995762 6.451993362841677 