# Created by Octave 3.8.2, Thu Jul 06 13:32:23 2017 BST <co1ssj@node117>
# name: result
# type: scalar struct
# ndims: 2
 1 1
# length: 3
# name: params
# type: scalar struct
# ndims: 2
 1 1
# length: 18
# name: cleanup
# type: scalar
0


# name: num_runs
# type: scalar
6


# name: dopamine
# type: scalar
0.7


# name: targetCross
# type: scalar
1


# name: targetLuminance
# type: scalar
0.3


# name: targetWidthX
# type: scalar
6


# name: targetWidthY
# type: scalar
2


# name: fixCross
# type: scalar
1


# name: fixLuminance
# type: scalar
0.2


# name: fixWidthX
# type: scalar
6


# name: fixWidthY
# type: scalar
2


# name: fixOn
# type: scalar
0


# name: targetOff
# type: scalar
1


# name: targetOn
# type: scalar
0.2


# name: fixOff
# type: scalar
0.2


# name: targetThetaX
# type: scalar
0


# name: targetThetaY
# type: scalar
-12


# name: exptnum
# type: scalar
0




# name: r_0_m12_G0_L0p3_D0p7_scsum
# type: matrix
# rows: 6
# columns: 600
 2.353085273880424 7.002560268650996 6.690829195795231 6.434274903826008 6.216757066715218 6.070627884226269 6.148770502353727 6.294579573408555 6.872975604735984 7.660965156042948 8.673302629598766 9.94210879923412 11.38290106079512 12.9200375148539 14.6686863093928 16.53203284215124 18.53030236151972 20.59942506059451 22.66991843000142 24.72072000414664 26.71560411478276 28.63393241574522 30.30358945281478 31.75674996402449 32.91883225431957 33.76235888187875 34.176139377254 34.26262935303384 33.83975708796788 32.87535611923886 31.38039309809756 29.24983344878274 26.56032486782533 24.06800181067592 21.80120324214295 19.78592251955524 17.83501062379219 16.20680819550762 14.63765315733326 13.28901860324549 12.05900243196629 11.02736436729901 10.1041865166444 9.25711039989983 8.496763745788485 7.807298214640468 7.197530080353317 6.704067992483033 6.180025592017046 5.722249669131998 5.30430528382567 4.967352691674023 4.669777997045458 4.382023244681477 4.130525312029931 3.895214250260324 3.710752602935827 3.53048367001611 3.394586777179939 3.215078641587752 3.103977426926576 3.014064798508116 2.930574156875082 2.861828268290992 2.756561307694938 2.686284937517485 2.644060318101765 2.65013180681126 2.573916984365496 2.564380559975689 2.546726507218409 2.561820198359783 2.542074392251379 2.531405781184731 2.43807211560852 2.406968632523785 2.434614925730784 2.414020705875373 2.411828487547609 2.363713420483691 2.319433852584552 2.283767382868973 2.29689800489723 2.303380981196824 2.280894172952685 2.286170258240418 2.304678772947227 2.318388020665225 2.305300629803241 2.241137070461264 2.229691821796223 2.232721072865388 2.244117210659169 2.212181845767191 2.177137495116767 2.230097019593813 2.258960691557149 2.252433306202875 2.26217044976147 2.347667960537365 2.313560432638042 2.288579382846365 2.257436009622324 2.2768763703898 2.312442028174701 2.273361787993053 2.275653400916781 2.22648296324769 2.259746206007549 2.275450289151195 2.304189487858821 2.294158922131828 2.248483989678334 2.27878699642315 2.29687659373576 2.30305396638505 2.296544872036975 2.291954215230362 2.328848571245544 2.377690409513889 2.353815329013742 2.364982903956843 2.359806575917901 2.364771199698225 2.37002263389877 2.398041330989145 2.369447694800328 2.359388947908883 2.306074556170643 2.348646998212644 2.318210033114156 2.339447378108162 2.35232872243796 2.282840188658156 2.278233784267286 2.3225876429442 2.348465178154584 2.311408835186739 2.334497415664373 2.315451427119115 2.28210352959286 2.308211368686898 2.228940185616011 2.223561586284632 2.281708730104583 2.311132431728765 2.310637092552497 2.296536356188881 2.285219203433371 2.27834535169859 2.250888396330993 2.247131978318066 2.262606966538442 2.205028694293105 2.235086346383468 2.262903455988635 2.265710940489953 2.261108787097328 2.281421116884303 2.286013611261296 2.20596830775321 2.219912651227787 2.279237411301438 2.263744339361438 2.279700666626013 2.30425807445863 2.245063879497138 2.323530355621187 2.360151126827986 2.324988141241192 2.314713924883108 2.334661981712998 2.333373829163975 2.29840588476327 2.345641029969556 2.353198491146031 2.329137814864225 2.34915571142119 2.359450172660218 2.435955852513871 2.356484415036903 2.371586686043884 2.433414523879037 2.405891155918653 2.438678171223728 2.43144508887417 2.441443645515392 2.360310348733037 2.368973421744158 2.334169314337487 2.304265067679808 2.285995730735522 2.295573134000733 2.346392364386702 2.354197293065226 2.348204312537746 2.333064205766277 2.322579655447043 2.304964716480754 2.333693783730268 2.304495328051416 2.335133760505414 2.354820114212089 2.310847571883642 2.381478457311459 2.371022630060907 2.384570974008966 2.356480717669911 2.334191279169318 2.361058748392679 2.332914386432094 2.352927305257253 2.391316688459483 2.390131335669139 2.363591918743623 2.37328460417848 2.336144892440643 2.309842016416951 2.259289224464737 2.247482138656778 2.259287270928326 2.210081410936255 2.263166295233532 2.244364280297305 2.173829878309334 2.13982169398696 2.168440324723633 2.173808718976943 2.22358396972777 2.226300750935479 2.192492201880668 2.207854713433335 2.189429341262439 2.158730181470673 2.154219133780316 2.176928313558165 2.298875299255087 2.217033886721765 2.210387272629305 2.214195226142692 2.225379652096308 2.311792694919859 2.261398934235331 2.289500988939835 2.267884986580611 2.270125187769736 2.284726458492514 2.290815256594215 2.377903121010604 2.375616254052147 2.393215181633423 2.309276351112203 2.303862603912421 2.298787511354021 2.329261568816946 2.347649061623997 2.37401377606875 2.333548698532468 2.346833754334511 2.319257088925951 2.315739405043132 2.317780988549202 2.329649281877209 2.300329601624981 2.297971047526516 2.232258805001038 2.225290312710058 2.240354060122627 2.225164185105314 2.242961177253164 2.307897140584828 2.376889695551654 2.391530882967345 2.431844825216103 2.406237621413311 2.346384253789438 2.39322816549975 2.363740489790871 2.337245378304942 2.342175008034246 2.388649121596245 2.414353439540719 2.403762252308297 2.374134005320229 2.335242125343939 2.302854062489132 2.302157178301059 2.324229153418855 2.302983725985541 2.26839466272213 2.294320850061922 2.367364298148459 2.346874563692836 2.37522159918808 2.379159313542914 2.370804482950916 2.33539377629495 2.371072642818035 2.347159406410356 2.425112678538426 2.5402525706304 2.678629775364243 2.910624361567898 3.241304779898201 3.7380646327656 4.353561595945393 5.051570209492638 5.828904305599281 6.738290609846445 7.709056129566306 8.890527019888395 10.21828054574144 11.63178812191472 13.14877930120929 14.72610197912945 16.30587197685963 17.86178000834479 19.49632293301511 21.0937683459706 22.68605013954948 24.29175160535306 25.83534280289405 27.33705416749763 28.90860154436814 30.32676853773955 31.85322891667238 33.30032957439107 34.69427228555287 36.08649020468147 37.40737830017315 38.72129362768646 40.01287479566963 41.34772554477968 42.63507487115203 43.85343395012023 45.04518684855793 46.21919701324805 47.39752916261386 48.61742720197435 49.81018103067618 50.98249649696663 52.06063368862669 53.13370796599338 54.21905716428591 55.28002099289733 55.72613226348767 54.21471055194343 52.28443185881952 50.195085399042 48.08513794020837 45.80707704961969 43.24460341342638 40.55290344791865 37.661170347812 34.39475863458938 31.16731921598694 28.26373690768014 25.62831901211393 23.25071386682976 21.12479412211542 19.24670103054814 17.58658700506203 16.06116417065641 14.66196667601616 13.40667365981062 12.25088661015252 11.20564637022471 10.2620887652447 9.479538268358738 8.716599772400514 8.00512105647249 7.4360953362484 6.928930131989546 6.474457230688131 6.057115191557386 5.704155543993693 5.358235666541077 4.990242303743798 4.730289320530574 4.458474858176487 4.256162361340103 4.144442578006419 3.915352832555072 3.757593715585244 3.623547589813825 3.413541938487469 3.313415518627153 3.208967723276146 3.10588062876559 3.019658753179101 2.949683630886284 2.87208918476972 2.800913714934723 