# Created by Octave 3.8.2, Thu Jul 06 13:32:21 2017 BST <co1ssj@node117>
# name: result
# type: scalar struct
# ndims: 2
 1 1
# length: 3
# name: params
# type: scalar struct
# ndims: 2
 1 1
# length: 18
# name: cleanup
# type: scalar
0


# name: num_runs
# type: scalar
6


# name: dopamine
# type: scalar
0.7


# name: targetCross
# type: scalar
1


# name: targetLuminance
# type: scalar
0.3


# name: targetWidthX
# type: scalar
6


# name: targetWidthY
# type: scalar
2


# name: fixCross
# type: scalar
1


# name: fixLuminance
# type: scalar
0.2


# name: fixWidthX
# type: scalar
6


# name: fixWidthY
# type: scalar
2


# name: fixOn
# type: scalar
0


# name: targetOff
# type: scalar
1


# name: targetOn
# type: scalar
0.2


# name: fixOff
# type: scalar
0.2


# name: targetThetaX
# type: scalar
0


# name: targetThetaY
# type: scalar
-14


# name: exptnum
# type: scalar
0




# name: r_0_m14_G0_L0p3_D0p7_scsum
# type: matrix
# rows: 6
# columns: 600
 2.327871376919575 6.974680847684795 6.570471564464242 6.188776599872654 5.959629699256766 5.818654740702186 5.854993450189795 6.198360968766792 6.672818118260693 7.450428464992001 8.49745072110818 9.790223902884463 11.2542767260511 12.86662577227253 14.59638043337509 16.4526677235408 18.51683074433822 20.55747234683804 22.77880762533277 24.81643071537474 26.83524942100485 28.7198652660154 30.35849538664479 31.84941814459671 33.15202094046981 34.02728470443253 34.47518573957495 34.51856671349378 34.07954963594966 33.09601916426254 31.62941943531769 29.49630336930204 26.81140643331264 24.24467416341213 21.96651793346973 19.9598181497804 18.15606959199795 16.48073012119858 14.96580845657445 13.59427250403678 12.33508465308842 11.22401192990947 10.33794535001653 9.423665994996554 8.64508954073608 7.912699594078731 7.250205254611501 6.667203932680422 6.221110229227634 5.674990569481452 5.321446010903855 5.007114567095414 4.686465836901334 4.437929487076417 4.179363617349736 3.916799355298281 3.73980014172048 3.568956880348196 3.431809860867361 3.274767751508989 3.128396031850571 2.998884063779769 2.938762030378712 2.892497653501778 2.872318979581905 2.802427099126362 2.720945706634666 2.651212630684313 2.597261471612001 2.511010486250598 2.444593001928297 2.428704436570115 2.394127657644276 2.365455177518015 2.368556703280774 2.319446783163585 2.303543954614724 2.306396710413537 2.31245044212119 2.266710545183741 2.261385307969363 2.293969116428343 2.317429334489134 2.237333424011013 2.252132495294063 2.313512175362121 2.342206747354794 2.259366680233143 2.330882892027148 2.300467248205678 2.311063482677127 2.345242912881076 2.350627952815557 2.35704871147027 2.306989625023562 2.376833289708884 2.336829971696716 2.289211382307258 2.301364953567827 2.326872287150763 2.333365505724942 2.266245840233751 2.272067670397519 2.259725187053846 2.264421532665438 2.314526323214523 2.323983054695418 2.321030824845366 2.238613484742018 2.260438584751682 2.287272525538356 2.270116691979638 2.220194155088393 2.198497201163264 2.219596268434543 2.230850724783522 2.274458707859594 2.280908227905456 2.252208024576248 2.260330026805605 2.283053917093639 2.247186251148378 2.28825605440943 2.247664522812556 2.245106907499576 2.318325122429087 2.271318224989955 2.351475525172646 2.269457956339465 2.330231709478539 2.317717232876021 2.33657483495972 2.341325190325733 2.362188272341882 2.35669485561084 2.350693565815163 2.348877069955051 2.359694263323036 2.277981885014015 2.262149673202657 2.300890299658931 2.310422808811381 2.303926604239678 2.315376729908166 2.286691874780445 2.244976611854327 2.233920379532719 2.185627169179497 2.158893693354912 2.170455574425432 2.126968860346096 2.205826764660742 2.225563614592829 2.212351807538653 2.243604906165274 2.251526416988327 2.274123474777298 2.277373805212846 2.251658337369918 2.27815843836288 2.232234770621289 2.271140049513633 2.239012396737962 2.238855478623009 2.223603642218222 2.223740502060537 2.260464647748449 2.243518105513886 2.289569137188664 2.30585344627616 2.251599641016583 2.251455360283217 2.273617542239663 2.268352632410824 2.256287936432273 2.262264775527001 2.251668004482781 2.215988509196904 2.240445729097701 2.278229284507688 2.25795027284039 2.224882148831966 2.245066960029362 2.231306426187075 2.218715128110489 2.230628171673743 2.196371830774297 2.202854517097876 2.184426271542179 2.171363255001779 2.203873835358536 2.270484974378633 2.239483666620799 2.231719319337572 2.240610201348318 2.207597668289964 2.256778461164686 2.256089774655266 2.261125209239253 2.308706657415314 2.357319878283306 2.312456546347676 2.316912448273797 2.308421009680387 2.26330104189401 2.266488716664753 2.283443664019615 2.257626031157997 2.258334021295013 2.287592655258777 2.260618359228829 2.289218892372446 2.283241766184801 2.270817923177674 2.174241700067796 2.186604662183527 2.213619197857952 2.201800679780717 2.208367075047136 2.254850748213357 2.217580964093941 2.231407060673519 2.17157312999916 2.233274790545693 2.195814886179505 2.271342172527511 2.266565172023547 2.287200143662631 2.284735889537842 2.33250281121218 2.32000393420094 2.34109801860177 2.291881054945407 2.28480483480962 2.255042515331297 2.29070249513461 2.320175885330173 2.3145895338439 2.324176248228468 2.287016518166638 2.332897219414008 2.342133097339683 2.347799649869557 2.362269907658629 2.396432584078866 2.359340032417094 2.368119919818128 2.256117556182289 2.291814042840997 2.223140823029098 2.232819021242904 2.256398501227523 2.322312858959776 2.328000137546042 2.317128629558283 2.295361927583144 2.280634130693215 2.248455534727327 2.2802359894049 2.257340684056544 2.243683699194662 2.244445002033899 2.241833181302354 2.244381134556534 2.277507215105288 2.317051361471385 2.291251732836827 2.296079005413048 2.304071274185844 2.304110883218527 2.332852891744551 2.347118370787939 2.310428574844991 2.349154227646068 2.355431818190482 2.376575419148139 2.392458689702835 2.399627897073515 2.329605972761783 2.329325424761919 2.312281421977787 2.329474187827145 2.257679725786147 2.174712115498551 2.231327015186253 2.188494657195406 2.208893304599769 2.181003974277701 2.186129178007832 2.209883037161489 2.210002551748403 2.188802689699514 2.171654006830067 2.244863101681403 2.304015262943722 2.28007187442563 2.215380010995432 2.25044118174992 2.256994727162237 2.363922946162347 2.440701547602657 2.651321916500819 2.844638557377039 3.22453153355309 3.630180726628168 4.0643931634404 4.636285930700978 5.284654726663575 6.003010987078596 6.803147548971538 7.708874307705628 8.725864236769667 9.827475915744799 11.02822829440265 12.30784549251257 13.65596022012687 15.01642400350829 16.37412573995243 17.84064338955068 19.26045587941189 20.60815871882369 21.91448941387716 23.28148780315496 24.6176099426375 25.88747439996405 27.21777509003732 28.58479072573027 29.96324794442808 31.29959274050634 32.65315787019426 33.93307634221856 35.16699013063771 36.49037783252425 37.76428016459249 38.89925647923519 39.99365876531192 41.0493163525025 42.14192708684641 43.2675143026936 44.42797262172462 45.6184607866162 46.81563925556839 48.0586760155893 49.32697853887657 49.03988646288053 46.94491619602559 45.04231833398626 43.19389722467895 41.09600346799652 38.66434171544461 36.12399332494533 33.52319498478937 30.6379050184587 27.83491323571798 25.20874308973725 22.88992539390165 20.75107568848762 18.94884335581446 17.32676920367521 15.85610018573061 14.4789476741953 13.30135430107111 12.19936736996169 11.2146059104889 10.32430468840175 9.526071010055603 8.743138772097154 8.00282084882565 7.385034658200311 6.868890457326415 6.429878321599972 5.999085961266246 5.603197068110603 5.256150844681542 4.975767516720225 4.6363723829636 4.465867877006531 4.278198386165968 4.135361526167799 3.953439474549668 3.766859049510458 3.58922118623741 3.473073222499806 3.329190856178684 3.236266321571748 3.159573651881146 3.087554359015485 3.03403462188362 2.92289341871583 2.820535376344196 2.755229982361925 2.603855892975844 2.542556081825751 