# Created by Octave 3.8.2, Thu Jul 06 13:32:21 2017 BST <co1ssj@node117>
# name: result
# type: scalar struct
# ndims: 2
 1 1
# length: 3
# name: params
# type: scalar struct
# ndims: 2
 1 1
# length: 18
# name: cleanup
# type: scalar
0


# name: num_runs
# type: scalar
6


# name: dopamine
# type: scalar
0.7


# name: targetCross
# type: scalar
1


# name: targetLuminance
# type: scalar
0.3


# name: targetWidthX
# type: scalar
6


# name: targetWidthY
# type: scalar
2


# name: fixCross
# type: scalar
1


# name: fixLuminance
# type: scalar
0.2


# name: fixWidthX
# type: scalar
6


# name: fixWidthY
# type: scalar
2


# name: fixOn
# type: scalar
0


# name: targetOff
# type: scalar
1


# name: targetOn
# type: scalar
0.2


# name: fixOff
# type: scalar
0.2


# name: targetThetaX
# type: scalar
0


# name: targetThetaY
# type: scalar
-8


# name: exptnum
# type: scalar
0




# name: r_0_m8_G0_L0p3_D0p7_scsum
# type: matrix
# rows: 6
# columns: 600
 2.267082773607399 6.988989458448486 6.595032193410589 6.329843604697089 6.032051396650786 5.880677126464434 5.925909533849335 6.163063175834395 6.609889937433763 7.350756668194663 8.378713789516041 9.637674811048782 11.13608346313413 12.74897487015005 14.50806611903681 16.43072690568988 18.54688621430978 20.56934297342013 22.71099317566404 24.82433174321341 26.82183384333621 28.59497475501848 30.30676148678322 31.74553441568423 32.9554281762139 33.78679108300639 34.23200964849093 34.33003516138706 33.90173123977002 32.86929738112667 31.33973622161284 29.18391290202271 26.42360958460631 23.914790734485 21.70556230640568 19.68013263088415 17.78748696191906 16.23361019829099 14.80131442849233 13.50193024563123 12.27284949873047 11.16872842908197 10.23287395518855 9.416398725188628 8.618833205637202 7.872410746342211 7.266213058850553 6.64956220597378 6.20600040469435 5.671760034298131 5.296055516366323 4.919893785674503 4.584799308526271 4.316151047201856 4.14326138128672 3.882646909594769 3.676641930800542 3.514765482377697 3.393230587586004 3.246496639625548 3.078763716457615 3.106066050095251 2.98004049177689 2.949036551093741 2.7980458640086 2.702966467455553 2.630756089754868 2.573904421810767 2.532246299997496 2.474179943343188 2.467017653005314 2.368597729859175 2.347940676024336 2.372607533732662 2.329503571058012 2.358329276190489 2.327749818274242 2.266586327514233 2.251868133393145 2.278259041671845 2.29575699403722 2.392277748549532 2.382441144171025 2.406253838197699 2.487391664542884 2.474490171571233 2.485534356606877 2.494237658811471 2.530201966186723 2.511797161194409 2.459362334559046 2.497080085900961 2.451915079516766 2.429432053573692 2.484130840501166 2.38756109111273 2.391372889178456 2.389877677887853 2.388346211682801 2.440975677054666 2.362727012381583 2.352835287039852 2.343059180398996 2.370821917180365 2.396155697017093 2.410110308388539 2.419802640730268 2.353304322932672 2.338334654803475 2.322492831008276 2.242254132816015 2.287276204384398 2.252763515600236 2.255621754340609 2.254531703430985 2.190205393606448 2.193258690916991 2.174544589619472 2.212193002051208 2.188027115085788 2.222129099312951 2.191122127474955 2.19819656841446 2.214055008342257 2.163678531919686 2.189237558635796 2.231175690845703 2.216516338045039 2.224161874022684 2.242855995587888 2.208708317433775 2.224427972501871 2.229395782855136 2.239295650835629 2.263749014986388 2.242061736093092 2.274896789425839 2.250923551244341 2.25201162366011 2.26175997322207 2.267438574798462 2.263762122522166 2.231280225147202 2.161212231934769 2.157816395565533 2.16184266455457 2.152727294327633 2.187346935148526 2.212801153971668 2.21106054536358 2.188172967509672 2.176131569576683 2.174009164606105 2.219964224143041 2.240968918624276 2.256574618448212 2.272631149007793 2.266025931930926 2.269945810057834 2.256639952436672 2.217661541359121 2.220514139462921 2.199254508737795 2.256977561013628 2.24385449930196 2.234556393897947 2.228172431136045 2.215629054342571 2.199520363308693 2.233276822027619 2.221275696789235 2.313548060439643 2.286050718961633 2.291499054786982 2.306292063571163 2.343697806316413 2.33113934713765 2.335572719182892 2.28074595596263 2.295814844175766 2.284382091967927 2.267943992752407 2.25054055997316 2.216544633727608 2.239827242141473 2.259092427120777 2.281994948032661 2.22897350324638 2.211587529112876 2.275048036499356 2.276322703772166 2.280323064525874 2.278930896944075 2.289131092918979 2.296494920366968 2.28091872063851 2.289023881778121 2.293590025579761 2.337124740050058 2.31121516773419 2.348237482980039 2.382056806205583 2.388721681549214 2.391102120091091 2.40733914755765 2.404643848818523 2.372164493386663 2.411430737724004 2.361672812454344 2.329745921888389 2.348096701281975 2.374310727936972 2.389280198935012 2.425699306444585 2.483714182380936 2.439398037640785 2.476392066473636 2.446640154539637 2.386431918175731 2.369886961801967 2.328041964403383 2.348407079927711 2.332994142696407 2.345242190200224 2.356542360939784 2.3755687018147 2.356370007688383 2.379314593985328 2.307188800845324 2.29657097839663 2.299761566811867 2.313434235111345 2.262499390323683 2.30371437861686 2.317296086241186 2.334245167701738 2.300912731974677 2.362429402834096 2.369747086931966 2.314633139560101 2.321943634105992 2.294334652971884 2.296231090938818 2.316353345231619 2.313450913798079 2.244641150067764 2.208030541893095 2.188143635155939 2.163353656433173 2.122286025161884 2.134333709331258 2.133037100443289 2.140434144264873 2.176183027226216 2.16960426143487 2.196079132048908 2.228246793754806 2.252417104551569 2.252065960215987 2.187380022607613 2.179118798536365 2.185716320640495 2.265113056610062 2.298477707583515 2.277084608242149 2.265759577727295 2.351391672164027 2.359435101192503 2.317273214546731 2.304429031406471 2.352616139308338 2.364650963460008 2.347137324679352 2.335327216467704 2.295865930740547 2.245303439049167 2.275536679684592 2.269144580881402 2.269933443982154 2.279787154890073 2.268408469491987 2.261805818314315 2.262240075611771 2.300032908915455 2.361693851715245 2.340798261495365 2.359595789399464 2.35652090001895 2.390658128813811 2.408595274329855 2.38932070345254 2.344051676336676 2.381978871195315 2.371546314924672 2.460777737640456 2.512030840221996 2.714169159128687 3.038014301469957 3.498304215465396 3.992680268071126 4.616297630273039 5.419594448725547 6.398339633615251 7.436142967467276 8.650450134389757 10.00458736254222 11.43480521963284 13.00900109419308 14.70594740283923 16.50495780457277 18.31785932501953 20.03872638374378 21.69606305008347 23.21307027712101 24.84470510860683 26.54628131500067 28.18112715037205 29.78395295909468 31.41581968908213 32.8947450723208 34.15186281388742 35.49977406092512 36.90189740437563 38.42283939343906 39.92094498678853 41.40064088556096 42.80270593988826 44.1333684713718 45.38077010531379 46.56444657366228 47.71826591045829 48.80966695520328 49.72377165243961 50.76066173471918 51.81584350641788 52.84572228545949 53.84951930837633 54.86226334655203 55.87712529087003 56.87231428190717 57.86382525414592 58.75077444015915 59.6372594082568 60.53503990261834 61.42782748537866 62.35368909333556 63.2048103330817 63.23768946494602 61.92338163086242 59.92492346134168 57.80777463118284 55.6885143498439 53.33574278572064 50.60766042985051 47.66973298282028 44.50104617441684 40.62671206804953 36.81119240381668 33.354822420657 30.32092178925268 27.49109114216844 24.97929225544249 22.68512946113697 20.68210294200253 18.79304426534509 17.08045690977451 15.56942689050629 14.27605483775915 13.0615062254401 12.01998172221647 11.05248339708487 10.16104816098778 9.308102597817197 8.570091297518957 7.884081761993002 7.237325065798359 6.800669405335611 6.324262842634198 5.895318236753155 5.597614003261697 5.236849917309883 4.874291560721758 4.621208520664368 4.371871008304879 4.158630244623055 3.94073694456165 3.760672242344299 3.586607011860906 3.421153051160218 3.310192552591616 3.195096511437441 3.116813584831107 3.029267619138409 