# Created by Octave 3.8.2, Thu Jul 06 13:32:27 2017 BST <co1ssj@node117>
# name: result
# type: scalar struct
# ndims: 2
 1 1
# length: 3
# name: params
# type: scalar struct
# ndims: 2
 1 1
# length: 18
# name: cleanup
# type: scalar
0


# name: num_runs
# type: scalar
6


# name: dopamine
# type: scalar
0.7


# name: targetCross
# type: scalar
1


# name: targetLuminance
# type: scalar
0.3


# name: targetWidthX
# type: scalar
6


# name: targetWidthY
# type: scalar
2


# name: fixCross
# type: scalar
1


# name: fixLuminance
# type: scalar
0.2


# name: fixWidthX
# type: scalar
6


# name: fixWidthY
# type: scalar
2


# name: fixOn
# type: scalar
0


# name: targetOff
# type: scalar
1


# name: targetOn
# type: scalar
0.2


# name: fixOff
# type: scalar
0.2


# name: targetThetaX
# type: scalar
0


# name: targetThetaY
# type: scalar
-17


# name: exptnum
# type: scalar
0




# name: r_0_m17_G0_L0p3_D0p7_scsum
# type: matrix
# rows: 6
# columns: 600
 2.323623253585538 7.093105515585194 6.661848748102784 6.292957991332514 6.046765940147452 5.884480703422014 5.924860780218296 6.164875156857306 6.70389090493336 7.452419362409273 8.42200550778216 9.698520095858839 11.12981443756144 12.80019240376714 14.53656758895522 16.43284758858499 18.4020185644913 20.43423868204263 22.5409080008485 24.51483039805316 26.50660165973568 28.42957318871049 30.13892210755148 31.6725204480208 32.92704994230735 33.79117342769314 34.23480502825987 34.27462821656081 33.88371105651822 32.99391756448313 31.52876870111504 29.35546681421692 26.61449226393961 24.16192495715222 21.97468613917954 19.88868199608987 18.04659038672253 16.44287322215678 14.92828149461275 13.59527435596465 12.40745079292174 11.33395753209334 10.38497302229371 9.448932271225203 8.689680628438509 7.971768076073204 7.357465239394514 6.79382627823361 6.273141488589317 5.805116169973189 5.429558311887376 5.045717776032689 4.717305699425197 4.459216776267567 4.215580295327527 3.917595851107762 3.740244209766388 3.5722509473635 3.378179949206242 3.216453003929928 3.093190510668137 3.060294183036603 2.970571193756768 2.822960170902661 2.793145525058208 2.827139000468378 2.740377442354657 2.684727369472967 2.678948091608618 2.649338253148017 2.631405785177776 2.558875892387732 2.526635398899089 2.509792364331588 2.506513050029753 2.474736997963191 2.452876809900772 2.379489403752814 2.3998133349196 2.3022282022539 2.297375460089825 2.302230866536775 2.303853219564189 2.270934865158779 2.312523731317924 2.290914224799053 2.289271449015359 2.263232689085271 2.260531668864132 2.313504074230877 2.272198926035344 2.201288402291539 2.198086909222184 2.213362340786261 2.227986641970347 2.256644790428254 2.240962675845367 2.280676180151204 2.283172511322846 2.216227752727718 2.203094858179611 2.235617878535777 2.216336528788815 2.260810766012582 2.254700708723249 2.253212849511328 2.265533477344434 2.271468837709108 2.217355423636036 2.179538414238777 2.241021981950325 2.29473092090484 2.251599945237103 2.281293870408263 2.200984187675203 2.188772700057598 2.222289870310078 2.172967152062483 2.208178775788838 2.283968760550124 2.270836346840952 2.297923544290825 2.308802126150113 2.260073454446683 2.27158002532633 2.308476415171754 2.427607411154895 2.333922873807751 2.36178944589301 2.361517043891581 2.284128075175431 2.296057178151386 2.288924511694859 2.242501471406285 2.286164852615912 2.361767440563199 2.349037542360747 2.285629639515719 2.29237070617819 2.292074901299202 2.34630337341514 2.363297105039237 2.319694729492767 2.320719089861086 2.369473798533363 2.333480804183637 2.320582541195108 2.34722585651798 2.341338263488069 2.321682492715809 2.291001021902048 2.304909515166401 2.290608161223645 2.29605346545577 2.278223932515175 2.358700667438825 2.346445368897548 2.310855217780045 2.297183441529342 2.343879724081489 2.353977107006358 2.359506359280203 2.343443764766562 2.324658482910309 2.347748962714832 2.306153169280151 2.294244590051676 2.3507645496029 2.342689512634024 2.329996172367828 2.278000855716527 2.324145658276393 2.324443200192036 2.3778063712125 2.386984284221398 2.344340602292505 2.321649786004855 2.315022274276998 2.288466587186122 2.33525643378016 2.385632106219418 2.385071026872538 2.385996829361829 2.390037851600937 2.414083196445063 2.34481710990076 2.336104698806594 2.362964721556637 2.376808905642974 2.35284275063168 2.350904205319239 2.321717675968102 2.389842192551441 2.323086845834041 2.364094437580206 2.353430171431683 2.333059345692163 2.382625711572473 2.415206034700532 2.405648456013296 2.396210213628365 2.441677257644187 2.450823020470125 2.367775693728618 2.348178173604538 2.363964545067574 2.306562060799479 2.325086810036737 2.331593933107797 2.27734998986125 2.291051001895539 2.297872064154944 2.357243057489541 2.35251558829259 2.336109368297912 2.342693992810382 2.353526980623428 2.318028317753487 2.317782283942506 2.376993280253373 2.341459100623979 2.348932391374547 2.316051658253855 2.302823877420451 2.272121809597593 2.268846006350941 2.235446841779776 2.236110266341711 2.262456610005756 2.244128022088262 2.291841868842312 2.319920648093102 2.273502613232267 2.263754511412117 2.236743346769799 2.240105364646297 2.221373401414894 2.22514641086309 2.211970696436765 2.131369717571943 2.164390444231685 2.182103214568997 2.250015405154045 2.292857644093601 2.254562245310808 2.327049294855897 2.326598286250373 2.30062934957823 2.260904990463132 2.282155126304133 2.267629594171012 2.255064503937319 2.253692637263157 2.316758807161023 2.306971795842401 2.380246085853287 2.377331853720534 2.335011769613629 2.302158420265187 2.2913826526501 2.294405670811102 2.324941655380826 2.273377927936963 2.269466813053441 2.283915852768587 2.263849047516942 2.321150377838421 2.31235126302272 2.253527559683789 2.197824440037493 2.191160622713141 2.265897150628007 2.306351912593527 2.256743204394297 2.309189382325712 2.284091763074684 2.290787670055579 2.259838853478868 2.28503236315737 2.237875545259158 2.298145580702112 2.322743980745145 2.312650114432472 2.279582913986815 2.248644224659074 2.233403400694442 2.239579237560974 2.271089940855745 2.24132606997955 2.251824497419875 2.254661638729885 2.231632197988802 2.24185277018114 2.260532591306401 2.277376403826565 2.257963774191012 2.335572000050888 2.346720664572786 2.430879827938043 2.452414937055437 2.461591486735415 2.486460001768137 2.449542638554703 2.378195517245331 2.379329759100074 2.339183415409934 2.341411668363435 2.293283758430334 2.239294015417727 2.239169965163455 2.231065310290433 2.237792168038141 2.294923315487722 2.305078465829865 2.247202875943913 2.253051732928725 2.270634117187001 2.255741645858507 2.252036665879132 2.257415574200422 2.247035817767028 2.279962704052195 2.286626670122132 2.364433757262304 2.41465259877441 2.440823607015773 2.552677196359582 2.669236453133635 2.804010918516724 2.950408980187603 3.151166398827627 3.406404608245793 3.628363926552993 3.974642604189285 4.289877434728623 4.625179188064067 4.96062644891208 5.218967504621105 5.516134701108967 5.950076739958604 6.378632515188656 6.800334819599811 7.26894794526379 7.72735194949928 8.257049287900372 8.81745490353569 9.343346987381665 9.912742218173662 10.39963594283472 10.87318220688394 11.40161722466837 11.94629667705522 12.44592201210617 12.87768779294493 13.30148777778959 13.82210201931593 14.25723446433403 14.76214510853424 15.21587306455331 15.65709075710402 16.15765944432496 16.51612381369159 16.84974320946867 17.24973466222218 17.69668408592042 18.13806624860626 18.49168521768661 18.8500294772449 19.26529003776523 19.68652464782645 20.13211499388672 20.48877805715892 20.61360871738725 20.03627595196485 19.17891113598307 18.322691792564 17.35059975535478 16.32301989696862 15.24845744905178 14.00407101244491 12.78691256210732 11.73829155315798 10.7780433969092 9.825554801031103 9.111931044957601 8.380993926573865 7.726460263998888 7.145054213189724 6.659873194148531 6.272202347445273 5.875021249448764 5.561603618354638 5.216508686389716 