# Created by Octave 3.8.2, Thu Jul 06 13:32:23 2017 BST <co1ssj@node117>
# name: result
# type: scalar struct
# ndims: 2
 1 1
# length: 3
# name: params
# type: scalar struct
# ndims: 2
 1 1
# length: 18
# name: cleanup
# type: scalar
0


# name: num_runs
# type: scalar
6


# name: dopamine
# type: scalar
0.7


# name: targetCross
# type: scalar
1


# name: targetLuminance
# type: scalar
0.3


# name: targetWidthX
# type: scalar
6


# name: targetWidthY
# type: scalar
2


# name: fixCross
# type: scalar
1


# name: fixLuminance
# type: scalar
0.2


# name: fixWidthX
# type: scalar
6


# name: fixWidthY
# type: scalar
2


# name: fixOn
# type: scalar
0


# name: targetOff
# type: scalar
1


# name: targetOn
# type: scalar
0.2


# name: fixOff
# type: scalar
0.2


# name: targetThetaX
# type: scalar
0


# name: targetThetaY
# type: scalar
-9


# name: exptnum
# type: scalar
0




# name: r_0_m9_G0_L0p3_D0p7_scsum
# type: matrix
# rows: 6
# columns: 600
 2.284706301150436 7.081315166142303 6.681609256091178 6.337149669634528 6.049619238860032 5.885507272301766 5.895357913083899 6.135899110477112 6.68515210487385 7.422029281609866 8.501388974325437 9.71817936997104 11.20774678468297 12.8880113791638 14.65250213595937 16.56102155077315 18.5774172711408 20.65101859779315 22.696913067477 24.69412494116114 26.68905242262917 28.57628106921766 30.29503047208709 31.81977236587409 32.9768581958042 33.87802486156579 34.38142257653817 34.46229583805325 34.01366681668151 33.09830771189263 31.62718247323937 29.38082316153304 26.6443130180196 24.09267611123505 21.74001518938894 19.6649000894231 17.8126114591505 16.23660786489563 14.73176875439276 13.40411135750765 12.21537002331024 11.15959374936574 10.19482118068663 9.24269862172514 8.523108335386496 7.835917267959303 7.228915773055633 6.705055029182404 6.178897632365988 5.680354280244501 5.284326162473008 4.865223037610122 4.575238443656417 4.345759341667872 4.099061710829119 3.906274398177629 3.751994095084228 3.580072769516846 3.392604173783184 3.234412638601498 3.130136459163623 3.066412137882253 2.983134131318366 2.879771120678924 2.755454386155179 2.726720010658028 2.696962640173297 2.634264530439395 2.588246071987669 2.514434458229516 2.509825871478824 2.494609049441351 2.527694577107468 2.447017553306068 2.406846472065808 2.404374441197433 2.416391086064323 2.368825475119593 2.29075894124253 2.295424305091728 2.335563149128575 2.341871291777352 2.346262336235668 2.364028273939311 2.38848752636477 2.420789234183758 2.416757811559364 2.456279719845043 2.450244239658787 2.417454800182895 2.401152715036005 2.328905582184234 2.312712120401557 2.30816734599648 2.354511058932985 2.335865706805635 2.311734075259665 2.283460201128037 2.274248280429674 2.304012030901504 2.303045182372443 2.365427473530872 2.370319791658403 2.37396744090438 2.334884721240087 2.300144109671237 2.360020170010102 2.326683947627316 2.315485863804497 2.28407746296034 2.324418425112299 2.333598897625052 2.354608262052352 2.314558636855509 2.38413639117789 2.43108125380968 2.391760442420491 2.353438083868241 2.374702644396166 2.37719398511399 2.392984961570619 2.400801720053096 2.405439296097029 2.368903679805953 2.323776744980023 2.301310492519406 2.352813942294233 2.362932898351573 2.321601056930376 2.26804234975134 2.303048296787892 2.240494348840002 2.280864072581608 2.250957544327321 2.247516930998245 2.256196070113219 2.256614528916543 2.228226063652983 2.207780587201341 2.228766928579716 2.162017600137915 2.198428585572401 2.240125902731961 2.195790218538605 2.176022319945332 2.175518418494903 2.222767215283966 2.222460301065439 2.249381851994258 2.236351288138394 2.243295618045522 2.271181673198953 2.22763520292574 2.25869734344451 2.279413781321637 2.281317038767156 2.240112720790421 2.302529631997459 2.344410197663819 2.354450811651986 2.338474542091717 2.329161441192127 2.348722863005605 2.376571850369146 2.350014438205108 2.407096636619826 2.351264052467741 2.370863373758766 2.387286058219615 2.331371922115068 2.350722580937145 2.28597664537665 2.233175681114517 2.273687452805461 2.292390208953293 2.295547107209131 2.273964501215232 2.265218162330711 2.307400548766964 2.270059140006197 2.218126852945716 2.245862720694277 2.2773200948468 2.253784094973525 2.299865959143062 2.258245291988715 2.277474749818793 2.200077369496285 2.181793470670527 2.224842307103245 2.209282929663459 2.239271321377601 2.319887690635369 2.361205266901379 2.335670730140919 2.332227011465875 2.342613079123112 2.305016491744027 2.320618280886265 2.350272407951707 2.310652494943497 2.290015835729719 2.326598490057222 2.315383585868403 2.348370089723176 2.326884838526894 2.339867672377295 2.338680003500485 2.379907702890705 2.368464837800275 2.372473676485242 2.396577307339612 2.388282561405504 2.393476855169865 2.366027908061369 2.391224510853135 2.373551016484271 2.376813329123252 2.402151565850545 2.391862508720806 2.364853272818436 2.348335318311001 2.301246245813672 2.34429333719163 2.302023504926183 2.33598665793761 2.352611630733008 2.346231753333996 2.31272678624191 2.312893963367969 2.306050474922813 2.243927993520629 2.172549829825584 2.172627566498704 2.177405278198421 2.231271203650977 2.209167701976185 2.211916349444436 2.224302193339099 2.233818251968842 2.313865262047329 2.249172820673266 2.266549746155533 2.290301765649929 2.31094809091519 2.303714802537797 2.264093315978243 2.208485007970012 2.181623187923833 2.202956737550267 2.238264422176144 2.286666516440164 2.294578835120774 2.341236882959493 2.354152285708551 2.296682108164532 2.267607978879823 2.311772894372552 2.275093416392338 2.306813253646396 2.276790377363795 2.315891853042558 2.278190189736051 2.177329343965539 2.145455095869693 2.225527535068977 2.177342361930641 2.146826131953276 2.192040379100945 2.229764869640348 2.185595440503675 2.23218142613041 2.213986098751775 2.1959654178645 2.216509861827944 2.204496518843371 2.222378297563409 2.259546929721182 2.254583431189531 2.303616338354914 2.239581771260418 2.264780710938794 2.225873662689992 2.276733845857962 2.261657847517199 2.247602930907306 2.26555528406243 2.26066230741344 2.30171306223383 2.252949587411422 2.233174289598537 2.231724189980014 2.24821716601582 2.381299878471964 2.642153610540845 2.934395350566774 3.268545524491856 3.776951281215588 4.414736459384585 5.086909699712123 5.984155989714054 7.04367819786421 8.303788499721122 9.72230337847941 11.13190661389672 12.80514141156527 14.58600854533415 16.49169570287995 18.33666774636004 20.23370692476601 22.06502930355055 23.91556378143287 25.73632177276158 27.50532120899879 29.41403796738086 31.12155626437016 32.85246746308258 34.59439161921546 36.49868594730287 38.18730007661361 39.79554219797137 41.3300100538836 42.81062844725602 44.32512969233903 45.86394823236333 47.46185784815316 49.01791167407282 50.56309947500267 52.04600329764799 53.54833834986857 54.8580098757302 56.17493992474192 57.3926339249083 58.63878187074079 59.79038391169161 60.96247536192823 62.1806964383959 63.39633536966721 64.61111316920505 65.78705909280689 66.92273700863007 68.04615256801117 69.17780019033307 68.79260386518945 66.91480893291737 64.64734151219454 62.49761918988588 60.17674275310219 57.441547793278 54.6012398799794 51.61717593341018 48.12069440401683 44.07334920131689 39.92604394564478 36.17089549260709 32.75236793336626 29.65510540295145 26.89570158903007 24.41588080724614 22.21931071569998 20.19124943373026 18.34711739216436 16.69187992054231 15.25838874699548 13.98398106001696 12.79919971133859 11.78876604031939 10.82713746482477 9.878113530123301 9.124848393925276 8.406266197958757 7.801851419495506 7.243825544057472 6.766259052295027 6.306513150033425 5.902204272439121 5.545591973845148 5.240561714059368 4.99224998320642 4.7398880539331 4.507215138990432 4.272359519029123 4.135828934253368 3.962470025358925 3.773647857968172 3.640815251830645 3.543861272406502 3.354661996159848 3.274108931707815 3.187756548482866 3.123428744351259 3.091313809178246 3.065883929091797 