# Created by Octave 3.8.2, Thu Jul 06 13:32:21 2017 BST <co1ssj@node117>
# name: result
# type: scalar struct
# ndims: 2
 1 1
# length: 3
# name: params
# type: scalar struct
# ndims: 2
 1 1
# length: 18
# name: cleanup
# type: scalar
0


# name: num_runs
# type: scalar
6


# name: dopamine
# type: scalar
0.7


# name: targetCross
# type: scalar
1


# name: targetLuminance
# type: scalar
0.3


# name: targetWidthX
# type: scalar
6


# name: targetWidthY
# type: scalar
2


# name: fixCross
# type: scalar
1


# name: fixLuminance
# type: scalar
0.2


# name: fixWidthX
# type: scalar
6


# name: fixWidthY
# type: scalar
2


# name: fixOn
# type: scalar
0


# name: targetOff
# type: scalar
1


# name: targetOn
# type: scalar
0.2


# name: fixOff
# type: scalar
0.2


# name: targetThetaX
# type: scalar
0


# name: targetThetaY
# type: scalar
-11


# name: exptnum
# type: scalar
0




# name: r_0_m11_G0_L0p3_D0p7_scsum
# type: matrix
# rows: 6
# columns: 600
 2.327806988556404 7.121195521627669 6.737372091345605 6.310086686935392 6.046153159488313 5.907237370851362 5.910170565082808 6.194946525514752 6.713194688181829 7.480674944708881 8.52951601085806 9.758054989004449 11.23287658176196 12.92343991676898 14.68798834496192 16.56342243887411 18.56107048709964 20.6669159201665 22.68673208057589 24.81906561744836 26.78964369629102 28.62900807541155 30.30754209398219 31.8046952484292 32.92609700220783 33.80573567417741 34.31756545874123 34.39935765888367 34.00444742541549 33.00175329514695 31.43555272389494 29.31549930743495 26.56424127611899 24.04620163430809 21.77317487914297 19.72507208859315 17.87928241260306 16.26398818146845 14.77332434112031 13.45648571028141 12.30496117488474 11.22347807280312 10.35320494213374 9.53294208990701 8.722125848951691 8.003344595977978 7.362119733959844 6.775759948447558 6.261674664092425 5.811466782011848 5.42341065288565 4.997720224164368 4.677204075225745 4.391907923563849 4.090996769649792 3.857802307742531 3.644110301229375 3.417638172310035 3.32896242555762 3.183111054589972 3.068992236421764 2.959576872533944 2.900516872077787 2.906702384338132 2.893831793695426 2.839226809603133 2.8000623871485 2.698721677712456 2.624311843879696 2.598968014310231 2.603778287607383 2.501709580006718 2.469904993646196 2.419919240956006 2.472661970539775 2.391059861394751 2.317337505328396 2.306462463573553 2.355067309112201 2.358721478445659 2.379951721566613 2.371364653699857 2.367165556539476 2.402976392328128 2.41309601251487 2.349449926477973 2.388858549169527 2.423033480052254 2.439199114183793 2.390691695542046 2.349157352087786 2.408625524331001 2.452435502509616 2.430933393674422 2.389843185203063 2.381790802101023 2.380665356138707 2.33134370256812 2.332644704711129 2.311122829494707 2.267235307648662 2.349002660936094 2.321720160070981 2.31385978113758 2.329423224695347 2.299217315656279 2.375840684857394 2.408566617508768 2.387726277935144 2.328274680672621 2.302844569683657 2.29610110403155 2.305488238049293 2.278882439406516 2.250485677570396 2.226422547282709 2.233188550380873 2.198226149379479 2.214687772910111 2.231121229433484 2.223417501394579 2.236932950101618 2.31479117442359 2.314175769832218 2.386522315948241 2.340718247687619 2.350967477777886 2.3715602016091 2.391073131664598 2.432484610053507 2.397086650866186 2.374100292032381 2.325841186899197 2.323527217347873 2.298072143290483 2.362917363439919 2.360134037269745 2.349797145347111 2.362313904321127 2.348886290008522 2.334013070463698 2.322115610112633 2.328413328825263 2.344633335698745 2.269588688537624 2.231922116458009 2.149001682380913 2.168997510394547 2.238979511210346 2.278909964574268 2.291977115000918 2.291640130022643 2.292188261519186 2.286297602840932 2.253805062722677 2.254575134269544 2.277513574648765 2.290368985763052 2.272150241551572 2.285699985106476 2.297239697052646 2.329932498381822 2.397951652696065 2.41974408511669 2.380925797284362 2.337114079680759 2.326760563180869 2.358332917938242 2.390245902635797 2.370168322584504 2.328641177751706 2.324188705246343 2.325605953752529 2.341272397141438 2.329379763807083 2.403578681460203 2.330452188889467 2.272701466026774 2.316530444453747 2.265645250634407 2.235079714708263 2.181018199513346 2.213293491538934 2.270691639110737 2.275873402690195 2.249000488824095 2.2473756723939 2.285709909047 2.283442714651756 2.261961999241976 2.278979516791878 2.307923220116209 2.323749344144744 2.320636565043969 2.298618733111653 2.389312744038762 2.390377932973934 2.328257486346047 2.305500168008166 2.280157018387399 2.294254590233322 2.284573573779653 2.280897357094545 2.299284968124994 2.353017484860175 2.225320053381438 2.223190940101631 2.198718186944461 2.26249963457667 2.281220640988977 2.249225620462312 2.201748818220949 2.184385335920524 2.122910859749027 2.147990690267761 2.232479521917412 2.221771575714229 2.206700339003874 2.238963093952407 2.266313319378241 2.29304776853678 2.274953746549727 2.265526021721598 2.226691654508613 2.198432355547993 2.243502731438639 2.209582978499384 2.213938357985171 2.15793326275525 2.131067511472793 2.149910921476476 2.208578734971525 2.226566892564733 2.166598810152209 2.163471406813187 2.142436480793549 2.154519246745622 2.15403169873116 2.162016372480139 2.125953152066359 2.161948872337234 2.148887429433671 2.152710115858099 2.17142295724625 2.1927464886503 2.190683238005931 2.186854664687417 2.193298660626169 2.254344155349827 2.202849731234892 2.192018496511082 2.216055145283462 2.231772313010879 2.24910906466539 2.291966631684772 2.243346401848612 2.251511197657237 2.298401270174509 2.319033989300806 2.264169820282405 2.2516525300598 2.309907958420808 2.324763316166354 2.280309373192722 2.264328912624478 2.263881792014217 2.336331267684727 2.296578447658248 2.271313542602002 2.273386012420815 2.266463822548758 2.29592437982501 2.316625676343392 2.323523408816982 2.321693395162583 2.311336498249148 2.374069800134748 2.386301204098345 2.30005911470289 2.296009217930987 2.30648091448893 2.301214192088082 2.301123379663295 2.367349368501891 2.344861772638978 2.327062056567229 2.316133516404079 2.265047124790726 2.304043318632466 2.299380313783331 2.283188321445778 2.285541669822123 2.251521214693639 2.252249358494737 2.255057240075985 2.308566524439811 2.366187951192842 2.568113983405055 2.812272837501951 3.164270875728107 3.605818430954969 4.160872835294867 4.838322557372521 5.630689889723726 6.669103239724791 7.64611386130855 8.837903298415767 10.13448035063266 11.55502464151232 13.07474509176245 14.66480691874312 16.30778817802502 17.95417586802432 19.56076122027298 21.25734698695305 22.83647198528342 24.4219190667136 26.02156152729731 27.61342390759091 29.11409390767221 30.65711217658099 32.23048934683902 33.81817311994382 35.4103224149585 36.88517369883266 38.3086998587014 39.79676354391631 41.23515090030924 42.61902443439612 44.04437581396633 45.38812841945582 46.6504337232127 48.05381122437757 49.46161018428938 50.78657839968946 52.18406390658492 53.50273095306147 54.8231797493936 56.06220391648094 57.17041621826866 58.30521584573944 59.42092303413665 60.53182025170281 59.81740305558378 57.94644522796079 55.68423322029048 53.2346229200848 50.90968149980108 48.34433708572396 45.45170261380918 42.36101805321596 38.97845144628263 35.33693110535751 31.98054594948917 28.99345559658832 26.32535108796401 23.89686437676573 21.75252891446144 19.82319792658382 18.09182862061289 16.49139016069967 15.09928257577121 13.80285663411269 12.63557285735442 11.61609310677522 10.66215265067876 9.849375660453006 9.084866776436684 8.417073212429386 7.806815315419954 7.281027369266667 6.738567448541289 6.297992542014981 5.879588827006955 5.548239130319416 5.216690649205702 4.957462835594924 4.670488791483876 4.388260961088235 4.243443589455637 4.03083078592681 3.868627518357243 3.764463867220911 3.589843015834049 3.456661452517437 3.326126118121465 3.19974623735834 3.133928084444051 2.99977213717284 2.858659939807694 2.784914922453027 2.795928503725008 2.758590131874371 