# Created by Octave 3.8.2, Thu Jul 06 13:32:23 2017 BST <co1ssj@node117>
# name: result
# type: scalar struct
# ndims: 2
 1 1
# length: 3
# name: params
# type: scalar struct
# ndims: 2
 1 1
# length: 18
# name: cleanup
# type: scalar
0


# name: num_runs
# type: scalar
6


# name: dopamine
# type: scalar
0.7


# name: targetCross
# type: scalar
1


# name: targetLuminance
# type: scalar
0.3


# name: targetWidthX
# type: scalar
6


# name: targetWidthY
# type: scalar
2


# name: fixCross
# type: scalar
1


# name: fixLuminance
# type: scalar
0.2


# name: fixWidthX
# type: scalar
6


# name: fixWidthY
# type: scalar
2


# name: fixOn
# type: scalar
0


# name: targetOff
# type: scalar
1


# name: targetOn
# type: scalar
0.2


# name: fixOff
# type: scalar
0.2


# name: targetThetaX
# type: scalar
0


# name: targetThetaY
# type: scalar
-7


# name: exptnum
# type: scalar
0




# name: r_0_m7_G0_L0p3_D0p7_scsum
# type: matrix
# rows: 6
# columns: 600
 2.266552512937778 7.039520210848423 6.684780837105791 6.307772491614742 6.03445881906373 5.818533668642885 5.824482180945779 6.069970422566257 6.58378093538704 7.265833420477065 8.335096436298045 9.657030589185524 11.19502836080937 12.81780711162719 14.60794751584035 16.58143235927855 18.63646478403098 20.69142342906525 22.76947338502941 24.85385575214241 26.79654987230242 28.62491365794995 30.31499342779716 31.74089991609458 32.84803337244375 33.72258789617626 34.20382784702815 34.20103541574645 33.76246670783439 32.81070308854396 31.27313213603338 29.01936514933914 26.33292703350889 23.8028858294274 21.51923911154518 19.53030451724408 17.64054621552714 16.00267515954329 14.5350116865884 13.23553715806338 12.06113360403833 10.99780883356289 10.08949794778528 9.23476877883877 8.459429292650384 7.780367937994015 7.187073507237073 6.628951525010052 6.116316833795281 5.645915929580951 5.288561366298381 4.959458224635455 4.661126188639173 4.35230423999019 4.073697501793504 3.862683602554171 3.627407205771306 3.450299027179426 3.271480746610905 3.157543497797633 3.044696650853439 2.95903921554418 2.862109417045758 2.782137072652404 2.726695918216137 2.685976472592301 2.617148171058943 2.604868789057946 2.633239111615694 2.547840298229858 2.54857139521846 2.546924194222811 2.510077882448968 2.49235119682271 2.443819480722595 2.445929309179519 2.419607458745304 2.409732368956611 2.304262102319626 2.324561697412719 2.393877329941461 2.410885782948753 2.343993174989009 2.356831227923976 2.349751032485074 2.358105378018081 2.314571675382467 2.26861841918344 2.336598814876197 2.318883412139257 2.320490457232154 2.335587155124813 2.316029864325174 2.303137131879339 2.276949146602419 2.228137929785589 2.236168919852389 2.23858111773734 2.219563675997051 2.253524942774675 2.310810717788627 2.303358891098469 2.226876233326038 2.252549686418206 2.316337827458483 2.282538633895456 2.293609739434032 2.306857203002437 2.241519660831727 2.306464187706297 2.287591411939502 2.358850001437531 2.328248273195641 2.267829646712926 2.257350121293712 2.262392598371662 2.287170563908148 2.293647082715324 2.290659243866685 2.280171438453181 2.297401824562257 2.300521734083304 2.232468712336413 2.246758966070047 2.25416674511871 2.236446013583191 2.284931346584926 2.281311252263549 2.284116508744773 2.312080738071018 2.312430604370093 2.304403135021857 2.31089768646325 2.345086541761702 2.348746577416023 2.346136656662566 2.335490220651991 2.371627554362931 2.390097324809176 2.371121776894142 2.348987794146524 2.364693085117324 2.371415896377584 2.36251530906884 2.393425924470648 2.36251995798375 2.373611865066778 2.379180999552773 2.371407637259836 2.373484330822976 2.382238155745654 2.313891406258335 2.361650372211443 2.390956034461851 2.449265638992074 2.427617251531501 2.40245029810103 2.351801771910687 2.35354627155175 2.358296911021171 2.371603272780703 2.370528970386658 2.332431251636081 2.316564031279995 2.313310000354249 2.278623907674046 2.307468226686979 2.274980450976727 2.252856764287571 2.324203277137713 2.342945594358753 2.38738416058186 2.419550618535141 2.457471173976955 2.41498686536579 2.459808876301395 2.474805260655558 2.466429116662766 2.448336089524673 2.430711586333928 2.435977968249063 2.388122324293363 2.349965996170795 2.33028528892828 2.368040730027133 2.395586981619999 2.404891272031819 2.418624222220387 2.393037751313386 2.296665825801028 2.30829192418787 2.339919014892075 2.31726993547818 2.245903601498867 2.281018328036225 2.257330845408433 2.265353329137724 2.294412055784051 2.294518416683786 2.285457355959807 2.281056732241268 2.307577757037507 2.293530268289032 2.275683791171105 2.329609318093389 2.311510082665336 2.330179846110696 2.368607412543497 2.400981666491134 2.403229356888914 2.364143220198457 2.391158660808287 2.433950218350219 2.405285222474049 2.414226366439834 2.379644682379876 2.356183825359039 2.400303412927315 2.460808644980716 2.462653415550449 2.397248002998822 2.398433376802132 2.30761543320159 2.303548191578102 2.342944150572293 2.374791915653987 2.38386025235377 2.413839740569529 2.45569218644232 2.448428411742498 2.424918598583645 2.405141639899739 2.417604390044289 2.373453650699958 2.350443569630443 2.339303470107552 2.397383545969205 2.342275212140521 2.321856989547086 2.392714539259941 2.406497429285082 2.44390709882282 2.448533373732062 2.471630498948798 2.460125635821896 2.45751957866014 2.539314318230026 2.492547208887117 2.438794159172176 2.396910059850597 2.36618836965863 2.420767979929224 2.357814017130295 2.34467355345987 2.336820926895598 2.349811480919016 2.395028556224133 2.352983258668246 2.336707393100369 2.311954234275618 2.278800452288124 2.274670127510035 2.294916580744029 2.300091491622879 2.321474489954198 2.369005917822506 2.340083248956034 2.35395496662386 2.409930226496726 2.401570478963549 2.410858942290361 2.399744820362685 2.397573418309548 2.382096946472302 2.379071836714502 2.344747260955046 2.37243845055491 2.40538204233053 2.407536680242629 2.374440230887558 2.385023696413555 2.392112881101639 2.353547069014894 2.375197217825189 2.317869022124796 2.340903843516571 2.380415036503109 2.368123724776524 2.374691647171858 2.429463684764414 2.405644114420284 2.347379662613093 2.304991754594084 2.352306288645195 2.479349629786157 2.609707159605023 2.800226908882905 3.115721484649839 3.59904750843998 4.198093269609672 4.916757146653254 5.703309109547263 6.549771026508097 7.577823673242165 8.741136508890122 9.976540432924594 11.3004233364918 12.64526922788627 14.14136488903387 15.73769300037748 17.26505531054136 18.70441902858875 20.10248907795904 21.56390824943446 23.08949086693246 24.56952720763366 25.80817566931364 27.03134096349459 28.29310189842363 29.55635185867322 30.86369581194595 32.14025359183142 33.40569455943478 34.65751360902505 35.83205181289668 37.12098133151267 38.24399373010601 39.27489032371705 40.33689004895132 41.34993036351443 42.31292644879431 43.31184947417569 44.28250265246243 45.24709021603485 46.26776284328662 47.28497785606305 48.27579466611496 49.26596360876283 50.21879203972276 51.26231523801471 52.23958563567066 53.20230911633189 54.09203752196117 54.91017659854515 55.73398234368324 56.48045044304308 57.25964312526776 57.98091030196156 58.71451573252489 59.34945483730917 59.57547093333415 59.0452931566324 57.6147099054142 55.60707103573077 53.03794935953556 50.54149928144761 48.10289986753924 45.42694040127753 42.36581567817848 38.75676363835373 35.13892680452773 31.92364231307874 28.94208568329304 26.26238172436206 23.85197667863031 21.66988428585319 19.73679662336508 18.01261844759938 16.43606086217187 15.02589582810469 13.81133878228866 12.64010777655494 11.63568419691728 10.70955983317253 9.862952600651624 9.074059959888473 8.410211527399952 7.814965275174472 7.266575091442064 6.80317447980633 6.334078044354101 5.938432950777496 5.576762677737861 5.154768087564662 4.813724267871294 4.569762397071827 4.376227990979714 4.238750334989163 4.022145464878122 3.815394081917475 3.659996570866497 3.468218980417078 