# Created by Octave 3.8.2, Thu Jul 06 13:32:27 2017 BST <co1ssj@node117>
# name: result
# type: scalar struct
# ndims: 2
 1 1
# length: 3
# name: params
# type: scalar struct
# ndims: 2
 1 1
# length: 18
# name: cleanup
# type: scalar
0


# name: num_runs
# type: scalar
6


# name: dopamine
# type: scalar
0.7


# name: targetCross
# type: scalar
1


# name: targetLuminance
# type: scalar
0.3


# name: targetWidthX
# type: scalar
6


# name: targetWidthY
# type: scalar
2


# name: fixCross
# type: scalar
1


# name: fixLuminance
# type: scalar
0.2


# name: fixWidthX
# type: scalar
6


# name: fixWidthY
# type: scalar
2


# name: fixOn
# type: scalar
0


# name: targetOff
# type: scalar
1


# name: targetOn
# type: scalar
0.2


# name: fixOff
# type: scalar
0.2


# name: targetThetaX
# type: scalar
0


# name: targetThetaY
# type: scalar
-10


# name: exptnum
# type: scalar
0




# name: r_0_m10_G0_L0p3_D0p7_scsum
# type: matrix
# rows: 6
# columns: 600
 2.331073547145934 7.101973351396737 6.657583015719865 6.296243547909398 6.058600574513548 5.85934737226853 5.904926036200777 6.135133371506527 6.65326680815997 7.415754305940936 8.487549519144522 9.691041061822034 11.17796891090984 12.85379094205928 14.60795738058368 16.50890417989649 18.52049754143081 20.51217232020281 22.57197149225249 24.64624181717954 26.67705016446416 28.65661776254274 30.42333509898162 31.89659475044755 33.07067723371438 33.93585458332382 34.43310786713118 34.49470332848432 34.04861764153611 33.12166449252254 31.59208196753025 29.51794183716811 26.76170457390981 24.19852684632133 21.94363891805187 19.84338527086129 18.03203725323692 16.37040291648464 14.836024805325 13.53563488066266 12.36407896283345 11.28508386871545 10.29545676513226 9.387477767850214 8.612076315796003 7.928810183835594 7.331588937166089 6.763121757569024 6.22748824187147 5.816170154968859 5.405700708932272 5.02179640858958 4.7139842285942 4.388190715068049 4.136730447364243 3.965701815124703 3.805986949471844 3.581126940131071 3.431380751677352 3.288628487192909 3.16902368600131 3.043805638906633 2.991118520083546 2.904255124354677 2.855360875790211 2.736449063653708 2.656736522811116 2.556362969364272 2.481904833486624 2.461836692205907 2.449599000996386 2.443250147603976 2.413862380239152 2.45547644471992 2.481295055804367 2.391221316738665 2.367936416478187 2.359577446626645 2.405769317272643 2.407569276201684 2.40762327192715 2.356432493095781 2.395266035107852 2.392174048187371 2.348238158940148 2.377470040122716 2.371926597723359 2.32459894445492 2.356347423039551 2.340979172782681 2.318925355248211 2.309428864431538 2.31670564531305 2.289772259406163 2.299928265420021 2.301695326566914 2.27952746077608 2.252623714419315 2.246266530160938 2.221725678202347 2.288923147581954 2.315427269630163 2.285865426470991 2.258635587089884 2.257974786567502 2.24797661858247 2.258580550464103 2.231125908518152 2.197971268840774 2.190138120520714 2.166702304193677 2.211468905905349 2.199409658962395 2.226288948020738 2.19587967876214 2.207249480652536 2.235672849266848 2.265314319316531 2.251455133553463 2.19224806953207 2.27121122420067 2.278906298175571 2.262753986418829 2.275797036872973 2.259262188348657 2.297700674625958 2.294992744922638 2.285479531332385 2.25146156943083 2.287575085174467 2.280077012401307 2.307788129022811 2.310879336830112 2.309637515689246 2.343589358097233 2.314485995091673 2.340120261314951 2.321229547185794 2.295471798526705 2.320670875960786 2.307042482534598 2.307187893729861 2.324898219907482 2.33954595841351 2.296338290325366 2.380252548198769 2.357550471147988 2.302936752423193 2.269863479674314 2.284434820914612 2.251608241931535 2.266434767705505 2.279744920651865 2.302745618577319 2.307704260283572 2.357875872887234 2.342323537064658 2.295891779711383 2.204721740556124 2.179289471336233 2.207457260472438 2.216523192262684 2.233894763263379 2.240864672072348 2.211621483744239 2.186612871779289 2.22856195094937 2.226462612678006 2.232858340408711 2.217383399151004 2.189686649144278 2.206390498093242 2.224208653151436 2.220262121780252 2.251864879741333 2.219063440759783 2.25328344146692 2.248812123340031 2.235817253720597 2.240673417787548 2.230199618850747 2.210840081044807 2.188188479365635 2.212287235121039 2.223939324285311 2.280591776776419 2.273911741009215 2.344920638832264 2.291616006848926 2.343022211491189 2.368754394516145 2.417986413154722 2.401689556212659 2.359023566659744 2.319445388122404 2.344976802334713 2.298524226971494 2.245043524701032 2.242734814226424 2.237296802017227 2.210961537111871 2.258301420064527 2.266291292817186 2.30327380698327 2.296100225616101 2.335998497383116 2.301059227917904 2.333321113535931 2.287337044326705 2.252667455220944 2.284184049510259 2.303523174145084 2.319346619846328 2.341562334513583 2.334976092990473 2.401985671942384 2.393009040009929 2.35383569332771 2.388778166321572 2.42178481596784 2.425811874280043 2.387525633068435 2.36562894427334 2.357360474139568 2.352243780380377 2.329528189646226 2.357325296285126 2.410668063903358 2.350838209167705 2.38011482643924 2.348527576734341 2.407037019882409 2.439784882073582 2.414746927632223 2.347735967270637 2.338423861811862 2.277715192240066 2.299904311090359 2.297432004888833 2.305921637336724 2.309008377582359 2.308334803390608 2.330106548479307 2.408381542571988 2.395964013609046 2.344692623691117 2.346994023268053 2.35917043180234 2.285674271382959 2.296905636307201 2.267107737978222 2.240519535745989 2.261905088399544 2.289067682388122 2.286019878448315 2.272670962527627 2.322006551883533 2.279323012466193 2.295570418285934 2.28027370183554 2.265554009609332 2.326877998671989 2.411918719233654 2.369932397406956 2.380922806272793 2.308693314786069 2.309898510528001 2.316924902910614 2.296760132330746 2.337765096384828 2.340705131544382 2.345560525496694 2.353510764040038 2.366577438777313 2.329403901436308 2.359466436606453 2.380583614107309 2.4167280132624 2.365852635613919 2.358378332821303 2.328734772047028 2.331235342979198 2.287688965610869 2.295033113391582 2.289898359293147 2.301661358314959 2.309432117410324 2.324337684385682 2.33252128053573 2.34895255848096 2.318520221345352 2.351971739208238 2.355316346442123 2.359037929534679 2.334857804757121 2.356101408513496 2.482567211201967 2.723746408011721 3.101062945119338 3.546737257223867 4.142591412550246 4.861266241256089 5.746269553790626 6.772937010802707 7.957125534841907 9.331059720061603 10.7935673185093 12.42039817387194 14.21166645486664 16.14342424035567 18.1096759587108 20.06112873741586 21.91934673778451 23.65796220259654 25.59493595070853 27.46837806144322 29.38920695104753 31.24268016197311 33.01295461748668 34.63440810974862 36.3440278220296 38.1236141282061 39.82839486665034 41.52671988032307 43.13272490145755 44.74358496021159 46.27045707159778 47.81576704368217 49.3540709134686 50.76090038278926 52.17182041340857 53.57282500002111 55.00777352726436 56.32334162352345 57.62039170571552 58.91038222601128 60.19937799411491 61.45043093453569 62.74382855061049 64.00368798679119 65.31415742501304 66.62260224532383 67.84732296902621 67.34290227363999 65.08672619708705 62.85878310174303 60.52213045871758 57.95445885659137 55.24465745535417 52.16404389186573 48.99100129018188 45.4199136553907 41.32898512620159 37.40397494576246 33.85848682821234 30.66613230189978 27.82080731301539 25.21503864867373 22.91341503890362 20.85745341240181 18.97641138994732 17.3224100133848 15.83233178515366 14.4699243350733 13.18972712421782 12.10775959931925 11.11450411879923 10.26819042243369 9.463457186493542 8.697651213465178 8.098880487144925 7.483937304088613 6.964591986445157 6.467871225522686 5.974834228069085 5.621905473166407 5.322827810106901 5.023517176166933 4.707676953181362 4.450982421527442 4.193353769922396 3.966132244426262 3.774929093977335 3.624590922678181 3.470926721551223 3.355394320657069 3.209292080588057 3.080111077688343 3.022456914692157 2.958119247181457 2.862663036430604 2.799298141729196 