# Created by Octave 3.8.2, Thu Jul 06 13:32:27 2017 BST <co1ssj@node117>
# name: result
# type: scalar struct
# ndims: 2
 1 1
# length: 3
# name: params
# type: scalar struct
# ndims: 2
 1 1
# length: 18
# name: cleanup
# type: scalar
0


# name: num_runs
# type: scalar
6


# name: dopamine
# type: scalar
0.7


# name: targetCross
# type: scalar
1


# name: targetLuminance
# type: scalar
0.3


# name: targetWidthX
# type: scalar
6


# name: targetWidthY
# type: scalar
2


# name: fixCross
# type: scalar
1


# name: fixLuminance
# type: scalar
0.2


# name: fixWidthX
# type: scalar
6


# name: fixWidthY
# type: scalar
2


# name: fixOn
# type: scalar
0


# name: targetOff
# type: scalar
1


# name: targetOn
# type: scalar
0.2


# name: fixOff
# type: scalar
0.2


# name: targetThetaX
# type: scalar
0


# name: targetThetaY
# type: scalar
-15


# name: exptnum
# type: scalar
0




# name: r_0_m15_G0_L0p3_D0p7_scsum
# type: matrix
# rows: 6
# columns: 600
 2.307651596853248 6.980633833656611 6.624404504414997 6.343921927109477 6.050440208837244 5.912072644074215 5.950349132566771 6.209100940053759 6.586812894434843 7.377173321772716 8.36696459887753 9.548814203415532 11.00614481471712 12.7173774539915 14.57840495991695 16.5869482258131 18.61213794224386 20.67162586666745 22.66117162036971 24.78729450119135 26.74708195493076 28.57411103085542 30.27241517554558 31.76489046735514 32.956513533514 33.84235987537977 34.38443407811428 34.48408050862236 34.0118702049258 33.0281044945732 31.49546070550241 29.30475380268035 26.57722906882191 24.04141143459856 21.81282250364893 19.72502098041878 17.93473043185077 16.33267823206188 14.83036755376816 13.46344086542376 12.23441162762174 11.14435062031407 10.24676290529897 9.341116139319638 8.563228246974177 7.849904894861538 7.245245337056986 6.650931663418305 6.214647417978995 5.703980117446918 5.297231522396032 4.935993318757028 4.604810387230827 4.31918398003836 4.120543925506354 3.898575754981721 3.737810111000726 3.558257646051061 3.452903856168632 3.277854393789312 3.129754956113175 3.053467738205654 2.994570382266829 2.913851273868204 2.881197207815603 2.793798449161841 2.717418215803264 2.690320343208441 2.658690781367113 2.649106499247864 2.615022945017699 2.611352631167392 2.526985527689249 2.502765875444311 2.499062908045744 2.519335761434377 2.515839311032323 2.530850108902087 2.509074467427126 2.450145607774175 2.397874830763612 2.454846810949675 2.434698675395339 2.379394573159516 2.353750075642893 2.365517647122033 2.300950467499206 2.264382721339643 2.23601079848595 2.246138585336666 2.307588547897467 2.291964335639932 2.307569599492126 2.319281946663978 2.280918658540031 2.350386810454438 2.3682595137725 2.38247201707054 2.397026886999811 2.401263575968187 2.38427825429244 2.364338702660461 2.330115618809941 2.336804484621098 2.337416654911067 2.344843738770578 2.35133497818606 2.360811626116629 2.34230670668876 2.329941749787395 2.31065883172414 2.302213236434909 2.238079015038238 2.200625936435245 2.203624204448715 2.210008050882607 2.239450039414805 2.235973213482794 2.205722741742647 2.146709824439313 2.174116331108962 2.198776574768999 2.273368332700556 2.265633222832548 2.272814841271611 2.292408277817231 2.279052965870505 2.237441309291171 2.271517976667383 2.251884807988972 2.287259429700498 2.286117115154411 2.279164338273404 2.323946771975898 2.264357216045028 2.27052760623701 2.209037743486988 2.186953440621437 2.222037770508905 2.196420609456254 2.206278538320475 2.179109619606606 2.201041427804739 2.249475803379028 2.200583050056593 2.22178185859957 2.22210153758715 2.163730357962777 2.236352495387109 2.227372430641481 2.176968935760669 2.19720604098984 2.171982525516796 2.170008567569312 2.166676130560518 2.177916287768312 2.1430091266011 2.15759857492958 2.169476440278231 2.197800759920938 2.155062110628933 2.124865895086259 2.135506327442272 2.175087946488929 2.159660404620809 2.167825818934944 2.189291542403225 2.194693463156 2.207169710360176 2.139433389536862 2.106512925547577 2.123758550074854 2.153676364738203 2.138288558109707 2.186565829440951 2.17256497335984 2.127636050816363 2.156425219078301 2.181782903644489 2.192422777550746 2.210688238608782 2.1822687924614 2.232555735194182 2.26935171601508 2.268238235890749 2.298366066726885 2.292144945306063 2.290351700692554 2.249007062080636 2.216383623548609 2.237095131618844 2.216050160714076 2.195535073773499 2.257621346772794 2.282188735840464 2.258480094344122 2.208463289000065 2.207525786478072 2.161925490087015 2.170908277905255 2.211900997001067 2.270814325675019 2.258035724449655 2.312445685918647 2.322614399858139 2.289735482791002 2.31150112648902 2.324952332473913 2.312327305415238 2.302158688027703 2.355746226348856 2.333520587324529 2.334549217444874 2.337432965068729 2.338239928598341 2.328126758642611 2.303344441632362 2.296777887233475 2.313530064366205 2.363255451258738 2.367520311243425 2.298460835454534 2.300681711483776 2.309608002797177 2.324071848714084 2.321175680146553 2.297967812326533 2.282919571916864 2.26929749865667 2.309613410310703 2.310676456465444 2.314812740720299 2.32514392702069 2.275399026882951 2.237586616218323 2.245503344423923 2.242175826526363 2.277309112567309 2.316252803182579 2.328814853426593 2.399471054086462 2.389486345386103 2.433488951315667 2.477284463384422 2.483419206047984 2.485166689737525 2.476877235436405 2.434241016504529 2.416164207028487 2.413883023822564 2.373339536985441 2.410484734777128 2.366227510132376 2.338512780634119 2.302543864903782 2.284431941823641 2.27362303415066 2.248370271881868 2.247519425553037 2.337811842393421 2.301631820737384 2.300240522530657 2.246583001498948 2.281021773640532 2.274588222750026 2.315934558791923 2.3134262194435 2.283851089203381 2.235756160524033 2.269866558212016 2.228664524300257 2.26678479738257 2.292350610347057 2.284766000782838 2.263518736432161 2.220641782783787 2.267804852279369 2.220395063734031 2.237897177186824 2.248934173654561 2.302009554870892 2.295136871522118 2.277785682992544 2.291774478864681 2.311554328927741 2.301208720979048 2.32157709213061 2.307068717695074 2.280518496001605 2.261156600539834 2.303007417514891 2.267750666040229 2.294836550234322 2.306408902779367 2.300703348839306 2.218056901576347 2.187759503516645 2.23890040526021 2.244703794585803 2.269552261786885 2.26107160376705 2.222156904790609 2.268629235921253 2.311994867217436 2.394724163517822 2.462090173463366 2.594596053168061 2.8678746757505 3.223064426579185 3.69483270051569 4.143058509160255 4.722976953431498 5.417559858251479 6.128359048692801 7.014634270111856 7.963475552103773 9.090792294991843 10.20139675062092 11.42308207574024 12.69494564325578 14.09305541896538 15.47303911250492 16.82096425279451 18.1897934896333 19.59536003909307 20.95057699815334 22.39485050387884 23.77293756051222 25.0589846371513 26.34327113564723 27.58862567002143 28.85003305257487 30.12143600036507 31.39744892102317 32.66457231374807 33.92884387369122 35.10149789779825 36.36740237382764 37.44219662317846 38.59744721805509 39.69880979003938 40.80954113383632 41.87589185425168 42.8050924503259 43.78716755154164 44.80743195057221 45.79502301166758 46.85151094449884 46.31254535708649 44.73496623947722 42.90810969187078 40.88171730581234 38.59697339937429 36.30695699118951 33.95925918200737 31.31808955735141 28.50726946433861 25.90146766776706 23.55042959532875 21.46172457483044 19.54281045435346 17.79831057247065 16.26983796608693 14.8792868506207 13.63234093556093 12.50603311913437 11.51713339351409 10.5925815517985 9.685460507535026 8.951259492823738 8.304117794050399 7.673929584401776 7.07476063084323 6.559990640864271 6.095819705606118 5.691879479571071 5.3078203686091 4.986737032537349 4.747284613868032 4.520310108535341 4.282621646671032 4.077306917341048 3.942717627825914 3.743751975853229 3.599085863264918 3.468824353985838 3.302028047153726 3.193657075120427 3.087506928030052 3.002505003390979 3.02016362312861 2.941345933139019 2.866925824826467 