# Created by Octave 3.8.2, Thu Jul 06 13:32:27 2017 BST <co1ssj@node117>
# name: result
# type: scalar struct
# ndims: 2
 1 1
# length: 3
# name: params
# type: scalar struct
# ndims: 2
 1 1
# length: 18
# name: cleanup
# type: scalar
0


# name: num_runs
# type: scalar
6


# name: dopamine
# type: scalar
0.7


# name: targetCross
# type: scalar
1


# name: targetLuminance
# type: scalar
0.3


# name: targetWidthX
# type: scalar
6


# name: targetWidthY
# type: scalar
2


# name: fixCross
# type: scalar
1


# name: fixLuminance
# type: scalar
0.2


# name: fixWidthX
# type: scalar
6


# name: fixWidthY
# type: scalar
2


# name: fixOn
# type: scalar
0


# name: targetOff
# type: scalar
1


# name: targetOn
# type: scalar
0.2


# name: fixOff
# type: scalar
0.2


# name: targetThetaX
# type: scalar
0


# name: targetThetaY
# type: scalar
-13


# name: exptnum
# type: scalar
0




# name: r_0_m13_G0_L0p3_D0p7_scsum
# type: matrix
# rows: 6
# columns: 600
 2.281250260100933 7.001755607270752 6.652890199260582 6.287966150121065 5.99875741951837 5.886412553074479 5.808326560220394 6.068764699513849 6.588396520579408 7.311269886340597 8.385857835135539 9.604336196331133 11.18436900783126 12.87271094416428 14.70286355780627 16.62270721471577 18.57917932560667 20.67644340793777 22.7258165265448 24.74526221302585 26.69710421418131 28.56197608902585 30.20988337243034 31.69275330964592 32.92550035750537 33.7413510158658 34.19672663717211 34.20481210420257 33.78395943799842 32.87478099119471 31.3479233272592 29.26169558124093 26.58837954081537 24.0281552769593 21.72707931009427 19.65416823873966 17.83847809331928 16.20623750226696 14.71247967210729 13.42033242997059 12.23064740478367 11.14484779495251 10.19024511641328 9.309550290607149 8.525126572068984 7.89864056881197 7.280001447199538 6.778950507170521 6.286608268546843 5.764961340530135 5.339756492314336 4.944617678429495 4.602654686001188 4.295299520432309 4.03575071717205 3.720848936871334 3.529579324225779 3.329314889317175 3.161345672568132 2.989657445903504 2.92155625029045 2.889857351712635 2.744350311659218 2.71707745324602 2.734191766248841 2.671476077974148 2.616975102580909 2.613192720577899 2.576058515391196 2.600882949125662 2.537098998411238 2.480278487528267 2.424570738535976 2.446852722590847 2.419716175518261 2.421443770756014 2.442811302076734 2.454870314548316 2.371473713610612 2.370893349439939 2.346155815037491 2.31588954864128 2.258408339987 2.271280609085807 2.311103586660465 2.325610446398059 2.338491318159868 2.287849732834729 2.28642774320906 2.315089396492112 2.317572543644928 2.388914259419835 2.385527828009799 2.336006384422944 2.332339424734528 2.315390737676353 2.277630514990051 2.265184625934126 2.265729304690467 2.311815233049856 2.276954458320688 2.233228465644061 2.232558911928209 2.279725594919 2.283039566358639 2.235289637705137 2.268314535467653 2.240378788963426 2.249950565881591 2.229308477863015 2.238812420895556 2.244642429817759 2.22199568510041 2.199136134877335 2.17131863044051 2.192258449063957 2.150196222958584 2.191202814876306 2.20926499615598 2.176931225505541 2.191941871869858 2.202805545071897 2.220832608874844 2.147037174581783 2.159066758445988 2.164531154823635 2.150720170582645 2.158181384973432 2.203784837794956 2.239776939931289 2.194816870352952 2.248942810474546 2.246396089340124 2.238694413030316 2.214997059669258 2.198335908920853 2.199922920808604 2.281059833789186 2.282050416724815 2.258899198300242 2.266119205429277 2.247673342142662 2.255826366097608 2.276320930192014 2.280841536583466 2.283682488392515 2.276573250928777 2.209427779620455 2.190499988100783 2.19485701436497 2.16872706513459 2.216899221275526 2.235796183061211 2.241134826828784 2.202285714382015 2.195000025138143 2.247956618703029 2.256822619758168 2.272243115119636 2.315186037792955 2.304127688759763 2.304400095430537 2.27012184691921 2.276943821220812 2.269629246417026 2.297127446738159 2.373741799579875 2.342909756574954 2.361184182402212 2.34107784578373 2.275341636289795 2.238723208814918 2.269433220295468 2.242641104243376 2.239066817544881 2.237997370422818 2.2641285204827 2.251044666205416 2.253537297379808 2.255693908460671 2.215319200754038 2.253878181800246 2.299137390793476 2.313222480588593 2.300321210848779 2.286084693085286 2.270839518278081 2.277597221604083 2.295749238164717 2.292565364314214 2.275165464830934 2.31335655550356 2.313647550818132 2.290471086340403 2.306078773319314 2.284248958527314 2.279035727413429 2.259204107038386 2.325061929072035 2.297355511131173 2.286070171543543 2.279494968715881 2.240211810480105 2.271619184048177 2.238684542306146 2.208642699915799 2.271079092985019 2.256839156503702 2.25135413521275 2.248057840424735 2.211095401882631 2.26068800869507 2.226408099297259 2.270041086521815 2.211613808029142 2.29503484084853 2.28837967106665 2.360792893759935 2.344066974088491 2.37408792963106 2.376229139750649 2.351370724652952 2.346001175174024 2.362809944746914 2.437697635519726 2.385038855018138 2.350879420988349 2.30202047565399 2.293625540159155 2.267992025750573 2.182680668691319 2.20298153461772 2.215292434933872 2.207039764696674 2.175235231436091 2.204958533213357 2.228920683993692 2.264891134902427 2.265222937661747 2.287203366446192 2.358052094048617 2.313846358893215 2.352961057404173 2.346461251392611 2.361529301499104 2.32797384938749 2.366107339397786 2.360830129626265 2.304427923405456 2.320271564931318 2.308054272007212 2.327456970519052 2.352482278511161 2.315252236716333 2.339693262430956 2.411261919165554 2.442309965401364 2.429996084829327 2.443992821139545 2.448168929546227 2.470012157114979 2.405810838784419 2.344464013401193 2.366837785048119 2.370780465127609 2.303528773285507 2.312010093397475 2.307768598126131 2.289038250117301 2.295203791793028 2.343811119761085 2.305612200296309 2.340851460277918 2.332153937706607 2.328848091572581 2.316731374932715 2.306525397812948 2.262485632952121 2.250112229950901 2.344504627664719 2.34718364550281 2.345191809668904 2.329464726983133 2.329861907954182 2.36605708254865 2.368265552751836 2.37601366724266 2.366663954457181 2.333754469786072 2.330357259372249 2.318736530882234 2.33472455097035 2.319045524507601 2.346098102942051 2.344189420724433 2.280141949722747 2.349090785548469 2.290251951006212 2.246513871505158 2.282426076240881 2.290708458380323 2.400955754332244 2.576564619090504 2.847704239857194 3.190998878551909 3.597413192678687 4.185096193312347 4.816055811646947 5.646398774915724 6.4751482823267 7.463303984481172 8.552378353302629 9.751920489710756 11.01428748485887 12.39942530123517 13.83590753702811 15.31600704099401 16.78016357874731 18.23209514538394 19.63648747274783 21.00304090362988 22.42097728719818 23.85592529743735 25.25387987481736 26.68166647937687 28.05674652267044 29.3869668514526 30.72754245595206 32.04658379736065 33.2996895007509 34.53854331110779 35.78328795724428 37.14155888087407 38.43820081868762 39.70266116610583 40.9330055675091 42.19440735601347 43.48280690507818 44.67453692576237 45.88325595664719 47.09909605373468 48.28522639388757 49.43848944106139 50.70162956422791 51.90435271585739 52.09643901400523 50.3233257034808 48.36662165745292 46.23109170924727 43.90052143154026 41.59864222690521 39.09374671492333 36.35168279975915 33.52832233652589 30.50752425155224 27.73759168280958 25.16969972923835 22.88370418499835 20.80048055443331 18.93593610211974 17.24024219992862 15.73701717386575 14.37437959681665 13.15678839943212 12.05712158957249 11.06836330092847 10.23021901980974 9.383417002663919 8.660217522789026 7.979746902434272 7.431107190677722 6.896998503259965 6.428074541034221 5.962570150870306 5.600877934935852 5.233869025476451 4.912819798519195 4.664203075048135 4.421040412806178 4.166415789644816 4.001373160499497 3.821402339894121 3.65825805116765 3.56043505006528 3.395009281790408 3.311391553006615 3.209064662194578 3.104078650285373 3.027730027861253 2.940041510017181 2.879067424768436 2.783292507425358 2.712758160356316 