# Created by Octave 3.8.2, Thu Jul 06 13:32:23 2017 BST <co1ssj@node117>
# name: result
# type: scalar struct
# ndims: 2
 1 1
# length: 3
# name: params
# type: scalar struct
# ndims: 2
 1 1
# length: 18
# name: cleanup
# type: scalar
0


# name: num_runs
# type: scalar
6


# name: dopamine
# type: scalar
0.7


# name: targetCross
# type: scalar
1


# name: targetLuminance
# type: scalar
0.3


# name: targetWidthX
# type: scalar
6


# name: targetWidthY
# type: scalar
2


# name: fixCross
# type: scalar
1


# name: fixLuminance
# type: scalar
0.2


# name: fixWidthX
# type: scalar
6


# name: fixWidthY
# type: scalar
2


# name: fixOn
# type: scalar
0


# name: targetOff
# type: scalar
1


# name: targetOn
# type: scalar
0.2


# name: fixOff
# type: scalar
0.2


# name: targetThetaX
# type: scalar
0


# name: targetThetaY
# type: scalar
-16


# name: exptnum
# type: scalar
0




# name: r_0_m16_G0_L0p3_D0p7_scsum
# type: matrix
# rows: 6
# columns: 600
 2.310091738254414 7.057790121980361 6.651732110593002 6.316491059867985 6.090153466488118 6.013855710578355 6.048044180861325 6.258738434076804 6.714269733667606 7.420204159283458 8.505071787258203 9.821432900134823 11.28853498075478 12.92405377187242 14.7929133675043 16.73451584349823 18.74916055280482 20.82704058069066 22.90710328812929 24.99277328350581 26.97690566454548 28.81407152119937 30.44306795294688 31.90762083145091 33.15873290898162 33.9098422995412 34.36281950164448 34.37212796412132 33.96699398302371 32.97693940337922 31.47298122372013 29.21165234440559 26.5121635339674 24.0933086068253 21.80525447304535 19.76990787238537 17.98335747107194 16.37917668258524 14.85556237140736 13.52347868928337 12.30663422090583 11.26993296026558 10.31679856425762 9.403741756323143 8.672614267270546 7.945106941420818 7.37403260114661 6.821390719647752 6.30748704157304 5.813180377881508 5.299509652460983 4.927314899745397 4.549552184445929 4.282819932774146 4.064447347074747 3.843677840668533 3.644775116315941 3.513199179513322 3.355599838835587 3.217724358954001 3.089455439268932 2.99388454011023 2.943805245486146 2.837975605187239 2.773635824771191 2.656684251900515 2.679225714133281 2.629732307001177 2.617032419325369 2.527798838767922 2.538301853261146 2.542390201750095 2.504106129788852 2.508939328250563 2.474832792155212 2.450747090901132 2.409209556972201 2.381186856044224 2.346017648575071 2.361629172162793 2.352090123422386 2.386524769011885 2.362491846022749 2.35889303930162 2.379255692387233 2.386431084152719 2.327811073480916 2.348990343831247 2.325971656566253 2.309589271178993 2.334031993992539 2.314781440652951 2.334188844375603 2.323986696075735 2.343158275256428 2.376924805510498 2.314845342163608 2.315251696894848 2.339443477911118 2.282221898451098 2.287428663887113 2.319875438835879 2.335080924862268 2.345388121444557 2.257969077712914 2.204478164563625 2.213255964516065 2.238909147123195 2.23586604098 2.19633818310831 2.227803591791599 2.344380312046269 2.354201705289597 2.400523926220558 2.367392506110264 2.348955077774008 2.359677496413497 2.321080125824665 2.365579024539329 2.397259427580138 2.40567625742915 2.397521728553329 2.354917514348926 2.357872046624834 2.403879908852105 2.380935864519415 2.362815317297645 2.34279778927521 2.321221064907149 2.366521709802328 2.3716083653635 2.367559241978597 2.34968661928724 2.343760003932402 2.341701996236225 2.278748412961704 2.246295851984542 2.264023484895006 2.26733538552071 2.309709517663578 2.334565406876209 2.369688863815099 2.368001773480501 2.391031699691666 2.363600920522913 2.426348209832213 2.391060153058788 2.400122005303274 2.421669969538925 2.371886366407125 2.354369224251059 2.280750092802919 2.312713554681977 2.307883318429958 2.27922426074656 2.313197818948538 2.283162908164741 2.252174273366109 2.219713054166277 2.303910856070615 2.375714295296348 2.377002141642151 2.333424627599015 2.328553803374234 2.379008192405308 2.367310643459859 2.329837268833217 2.338440738416466 2.340665179035568 2.281417862945091 2.252883960165491 2.283619708767219 2.298636742943927 2.350003705845666 2.353856991190696 2.376435360572941 2.356607208927016 2.365054113790393 2.360205966135254 2.311877557964181 2.328319255459064 2.324325437048174 2.307339139524629 2.269224673891586 2.329847364011584 2.349133639956563 2.338757459896442 2.307224167394452 2.325497271787754 2.308949475351255 2.317523559744586 2.277985982465907 2.275044128327863 2.300440555249224 2.239154413684446 2.299251982649366 2.269219806508772 2.295937893497467 2.259151221183856 2.255261758285997 2.279146976037737 2.314366732411145 2.296454667506623 2.305318674880255 2.269074589705269 2.241175831200962 2.23923186230968 2.284919964018627 2.23329209894473 2.27543923455778 2.205904886926874 2.225220943084423 2.289594359363036 2.330400968381582 2.28303443355253 2.299973029825196 2.256151141602459 2.21492743107774 2.142001071675622 2.14085045473621 2.149731353534662 2.155985382898507 2.1527037156593 2.156345688148576 2.146268431170029 2.194680311135016 2.125046224144171 2.101371500521964 2.193666272036353 2.210764293609827 2.187347683968255 2.241596548961752 2.271703283167881 2.275254117845179 2.249381775451184 2.265584644439514 2.295160062265495 2.319095906043003 2.354616206972423 2.319955331902747 2.326907974664209 2.341159833153142 2.340553735746653 2.369559008362558 2.332866091135656 2.315855088490935 2.353065664239693 2.398583824360685 2.357019487026264 2.334862849351339 2.321155092133267 2.347494228830328 2.342117618201883 2.36623464377044 2.290156735332857 2.317586102387395 2.354048374283593 2.340662362677904 2.36502582715184 2.274876597344701 2.224623959615201 2.24674964404403 2.252732929322519 2.241557483372162 2.270673586406701 2.330590916135407 2.282514730632101 2.22947578025196 2.22811722689039 2.217852222018337 2.212595815653913 2.229815740043705 2.261592357186601 2.312093622793327 2.264275318419095 2.293739273136453 2.283625434693022 2.277868778084667 2.162308082897653 2.15540756628252 2.183657919114921 2.163427393348684 2.182267433621746 2.217903948352614 2.248035424148839 2.26847124105916 2.267012696502206 2.294814043994847 2.258664911372762 2.310570132143766 2.249285292549757 2.256495795165392 2.307612639269792 2.296838939546433 2.371789921922755 2.327797250290132 2.31851631178597 2.254087117064046 2.251783226412954 2.223499271269247 2.281217245586959 2.266345396215911 2.308639287079131 2.401323756606871 2.585960314128897 2.809344779136154 3.110612575639607 3.398504838116423 3.848765546779759 4.333050730212562 4.968598332312467 5.596922270524374 6.387378251591144 7.269451319352811 8.230799558281433 9.370496671690489 10.530171252336 11.67600168121135 12.95277203060687 14.34324304598704 15.70647883589118 17.14382630653563 18.54909634289288 19.91309567990538 21.26799232525082 22.61415290819423 23.96482483077489 25.31227485714408 26.69477069612367 27.98710112736262 29.2154043539158 30.54902775883966 31.90044922314337 33.18957872287501 34.39925240384309 35.68136617787059 36.90179613704095 37.99980358813445 39.13258405077431 40.24630091208746 41.35428013109777 42.41227576367601 43.47476828977233 44.58856394093527 45.64923291454761 46.68289937254667 46.15497169498121 44.38809014037906 42.62253553796108 40.63387822658933 38.39364085284251 36.05150982188206 33.64193063520361 30.9905847180089 28.17371499493674 25.51775694887328 23.21712923882296 21.15512230551758 19.22422746058874 17.49821885284655 15.9977453219617 14.67096890591529 13.45028506443487 12.29683904267404 11.24022987231729 10.2958879893813 9.476319886180136 8.787262779998855 8.142907396635565 7.53670082406461 7.006308387273748 6.476994593529525 6.047272642405005 5.684212891939751 5.344120701642169 4.981007545546163 4.744283790536429 4.516690224887498 4.297240343661542 4.093741885662894 3.888812167824653 3.727131644664041 3.60463972355501 3.493213682158967 3.344483132026653 3.239279817400529 3.101048562148208 3.051423973411147 2.965899036444171 2.865363634628466 2.832728227629559 2.801464234442392 2.684647412752383 