# Created by Octave 3.8.2, Wed Jul 05 11:22:18 2017 BST <co1ssj@node117>
# name: result
# type: scalar struct
# ndims: 2
 1 1
# length: 3
# name: params
# type: scalar struct
# ndims: 2
 1 1
# length: 18
# name: cleanup
# type: scalar
0


# name: num_runs
# type: scalar
6


# name: dopamine
# type: scalar
0.7


# name: targetCross
# type: scalar
1


# name: targetLuminance
# type: scalar
0.3


# name: targetWidthX
# type: scalar
6


# name: targetWidthY
# type: scalar
2


# name: fixCross
# type: scalar
1


# name: fixLuminance
# type: scalar
0.2


# name: fixWidthX
# type: scalar
6


# name: fixWidthY
# type: scalar
2


# name: fixOn
# type: scalar
0


# name: targetOff
# type: scalar
1


# name: targetOn
# type: scalar
0.2


# name: fixOff
# type: scalar
0.2


# name: targetThetaX
# type: scalar
0


# name: targetThetaY
# type: scalar
-15


# name: exptnum
# type: scalar
0




# name: r_0_m15_G0_L0p3_D0p7_scsum
# type: matrix
# rows: 6
# columns: 600
 2.273018816387776 5.644513128077961 5.359867647122883 5.072918492652207 4.93642199147871 4.906912295307848 4.941682595046586 5.279512319180867 5.823531596863177 6.567559548111603 7.667789881998033 8.98950487617185 10.52645182496781 12.27235761728298 14.04854395839357 15.99748701162025 17.99637246594648 20.08237462602847 22.18632293177507 24.2269161419099 26.10379716383613 27.90130632616638 29.57626905612779 30.97950351114196 32.10732580035983 32.92632481858527 33.34766024087003 33.34880289077773 32.88943443468452 31.92145115828316 30.42532003521774 28.32618946795446 25.80595282146896 23.32919737948396 21.0822932697065 19.14491264878779 17.29111350835501 15.72186471403256 14.27322134652786 12.99851814330759 11.76535192579104 10.75347212262568 9.831478780277394 9.02481209986945 8.297312199094449 7.617310389880004 7.091370262669443 6.471678643283667 6.043637302434945 5.59709802514044 5.230960500190122 4.886626858307864 4.57093349511706 4.283251387985729 4.086263020893966 3.889898755689501 3.670039145728879 3.464076522817777 3.304820664518047 3.138276367368235 3.050894075007818 2.989974890835583 2.932119149911159 2.804065750409791 2.72035576007147 2.685504279132147 2.659927709861222 2.591023664968816 2.579220970881579 2.565067622730567 2.592044671770964 2.607002142693091 2.522613184577494 2.54251467332324 2.50346342739067 2.45789708925804 2.436992953589652 2.383790180756478 2.439979865350324 2.418990005873638 2.47713708878473 2.483833232417965 2.481207045271731 2.448252005438007 2.470662276486109 2.393509474391976 2.34282792929298 2.354006362140353 2.341013807985291 2.320580177551165 2.355416848342429 2.327836577453127 2.308543298611767 2.294191946646606 2.242559439771867 2.275554008039762 2.280532251235854 2.213417680752173 2.226011810678756 2.240402981125044 2.196689634336508 2.235937969795486 2.264696302547236 2.232305588257077 2.200539167512034 2.152709448564565 2.179019220071496 2.220678144985868 2.205135290842009 2.228640110721244 2.223415844186093 2.276509626455663 2.287868251405598 2.312022289276229 2.267923851923115 2.21865839066777 2.245218872230907 2.235304545269173 2.261929733173019 2.196858766000332 2.265224241669785 2.278123520372901 2.277689355694747 2.266455698510981 2.236915761779528 2.250779046997195 2.253659789319499 2.265098595460586 2.223674490473059 2.246786154153597 2.361837302643835 2.353995153720462 2.323077145718344 2.318901383063348 2.314806119484274 2.290520038459363 2.294441525922593 2.322560622746096 2.390400531146952 2.382905650309112 2.392089973083785 2.306416228988382 2.281269988967324 2.233959693927318 2.264100998829235 2.275470537156252 2.302397900515643 2.289848662650911 2.238221454557788 2.217598135539447 2.229898970690556 2.258158717195329 2.246070367746142 2.255513581236301 2.244096058188006 2.280812942282864 2.281380265864755 2.349122744013584 2.339465987875883 2.377792368966766 2.363550933714578 2.333724658034043 2.317559668212198 2.326207456389966 2.303285909303668 2.273911446962302 2.306129397387849 2.254557988024317 2.305393515533069 2.323914703447372 2.334716674682568 2.36526834689721 2.31353118644256 2.298008151716203 2.336400205829705 2.314987866082447 2.312385405268287 2.296367605089472 2.251965524275874 2.293596852838164 2.228583252501267 2.244479371394846 2.206712418619645 2.231970433895185 2.265197039043414 2.252590977534055 2.319178095893221 2.358646246386343 2.347691208691685 2.321211208123714 2.330121704519115 2.283993375123828 2.276863943247008 2.240849446323409 2.203312584879313 2.204923988350856 2.193212819896871 2.196017436224793 2.138056554107607 2.146580790409644 2.211573245891486 2.184859385881282 2.209981903422431 2.253835773946776 2.198079790312477 2.207187731168233 2.224080858912203 2.251478029149439 2.225977104259073 2.239709155688615 2.238240813680022 2.238514308890444 2.278003215868921 2.296601212030509 2.327911016516737 2.335420777146282 2.3005581764628 2.29617748684359 2.318467968576442 2.329622712633864 2.26856574859994 2.300148295384133 2.271320055559045 2.2850955059439 2.281649019289034 2.319159417127594 2.362463421846769 2.375089931618277 2.356601998855695 2.354312283736363 2.338400438948156 2.357636084940168 2.327581708668731 2.300355913324893 2.313087500348047 2.29869432887017 2.335869358517812 2.295138691435568 2.316652386780333 2.271374770842158 2.253074712760281 2.262528052058769 2.289594447007403 2.254325316018367 2.280065645747527 2.311706909371424 2.266436784218968 2.260936248363578 2.340620790913817 2.325872403933317 2.343959446214285 2.34206231690041 2.303527446591033 2.300854184198215 2.348562202833818 2.320473127203513 2.276867045926338 2.307453667053778 2.323652786086313 2.302743808366358 2.287023112316092 2.231751925781282 2.233402882066002 2.218489834865977 2.219789130012941 2.275192975237587 2.315785698734544 2.317582545147161 2.286976415998652 2.287081704602315 2.323520463441128 2.290847034415492 2.239962913525233 2.255018000141717 2.214583535012935 2.237570224751835 2.285746123467106 2.263350825385714 2.300071208892405 2.335968260271329 2.364332507539075 2.315138286896399 2.278621893554373 2.282283043274219 2.227306531416616 2.210013899461046 2.210365497645398 2.182565764400351 2.235312328084547 2.206191087712796 2.241669086550246 2.274647400729009 2.253343335269165 2.312663643351698 2.318270749463409 2.352078419055033 2.314307296495826 2.297375347836351 2.312228649767349 2.341225745807606 2.343387780259945 2.381367616781063 2.374545045775449 2.341798116191057 2.334321425694725 2.301217301937868 2.310963643816649 2.332846578890894 2.279705387265494 2.274743011289502 2.282273001932481 2.319077699372428 2.292327002516686 2.269418861098529 2.375344049811247 2.321744142085663 2.387810381904274 2.420003815310338 2.452416995573003 2.489176979324839 2.541716250831087 2.599887215797935 2.680615082252189 2.739404582904172 2.79322736496033 3.00456560506791 3.15002997753254 3.346709190787806 3.522891623575561 3.612996453673986 3.751651565929933 3.906497352603765 4.136519079329446 4.316838863804151 4.517417665159883 4.730279235398484 5.018972967729496 5.268524538485508 5.545859448888223 5.791129367738904 6.122668400155817 6.519084044781721 6.825311797227187 7.116126483313565 7.460279548806284 7.778569860569405 8.0960665779603 8.469501803154344 8.860405084107697 9.243814092762477 9.700510082220717 10.08580317282031 10.40991921228851 10.74535541770456 11.05239743574202 11.36536241645081 11.61344252285198 11.972116553663 12.25945131522167 12.5997955424682 12.9267828894499 13.24775123017753 13.55363216904516 13.83977168288402 14.1409403644675 14.48886210912769 14.74606679211502 15.06870054575847 15.43897163255679 15.76432763074263 16.05512340107816 16.42364656324571 16.7681470963762 17.06699878168001 17.37740119973569 17.36394146571365 16.85860792159656 15.97367522565401 14.90389881430383 14.0419569644655 13.04608194282264 12.02213505308464 11.02219945081742 10.10329290306981 9.285295279994898 8.595240173144703 7.937392140571319 7.383933619479649 6.860364919011772 6.343212251638761 5.923281088500516 5.627963695344079 