# Created by Octave 3.8.2, Wed Jul 05 11:22:10 2017 BST <co1ssj@node117>
# name: result
# type: scalar struct
# ndims: 2
 1 1
# length: 3
# name: params
# type: scalar struct
# ndims: 2
 1 1
# length: 18
# name: cleanup
# type: scalar
0


# name: num_runs
# type: scalar
6


# name: dopamine
# type: scalar
0.7


# name: targetCross
# type: scalar
1


# name: targetLuminance
# type: scalar
0.3


# name: targetWidthX
# type: scalar
6


# name: targetWidthY
# type: scalar
2


# name: fixCross
# type: scalar
1


# name: fixLuminance
# type: scalar
0.2


# name: fixWidthX
# type: scalar
6


# name: fixWidthY
# type: scalar
2


# name: fixOn
# type: scalar
0


# name: targetOff
# type: scalar
1


# name: targetOn
# type: scalar
0.2


# name: fixOff
# type: scalar
0.2


# name: targetThetaX
# type: scalar
0


# name: targetThetaY
# type: scalar
-14


# name: exptnum
# type: scalar
0




# name: r_0_m14_G0_L0p3_D0p7_scsum
# type: matrix
# rows: 6
# columns: 600
 2.291357414535014 5.710745611824677 5.43722589641402 5.132993516388524 4.991326483832381 4.907080981563922 5.02614896306477 5.344809831862221 5.871643385922653 6.704639898003734 7.773772577354976 9.08730503066181 10.59493906946591 12.28724171187787 14.06580243063217 15.94568519251698 18.01542645029258 20.12858049510578 22.21586082799695 24.30876141442423 26.30685726370029 28.15759214134596 29.75138356052048 31.09293106925907 32.22364080084662 33.06770184459674 33.51738010127883 33.50338022762298 33.08133672121039 32.16609902879281 30.68830513726425 28.59889497947734 25.97567967183568 23.58842159413325 21.36602086936182 19.33935757052313 17.56047717172623 15.90362208301667 14.45150091557298 13.12611613944318 11.9271045940859 10.87547480376816 9.915262272756081 9.084054452527198 8.317978357095853 7.538978359880275 6.901493322220631 6.345559816920286 5.838654708459217 5.428770880429511 5.093096904121921 4.779961313557578 4.511422999741626 4.237259585228458 4.00356463445496 3.728917537744564 3.565494925045641 3.385827729332959 3.24739361148022 3.134563108404109 2.97375911042036 2.915347477362957 2.794274045099883 2.71931684629817 2.686238536603923 2.643943349721667 2.595199169492844 2.564779131743762 2.495495513849164 2.49927022436168 2.509591890189768 2.488921528562059 2.505963186898953 2.477711436760728 2.489797740538052 2.418751434557635 2.411672439528047 2.391570788710851 2.421043318034208 2.375884587376277 2.330421895010659 2.289021899483487 2.344404999330436 2.337950034023379 2.247577432601247 2.276981131813955 2.202545427506266 2.185672825647998 2.187673487882421 2.184751302358563 2.182236604901846 2.18720041897177 2.212794860111899 2.227957751269059 2.292305625785957 2.28428235368483 2.342284768463287 2.362802336654568 2.403757555701304 2.411990625223552 2.415929714947197 2.426204702584073 2.357711056392873 2.374050793823699 2.358503802824998 2.323840917968482 2.270372040162329 2.254682121681981 2.225568987338193 2.256915233905602 2.257198105682619 2.256145937750262 2.240686237153568 2.232157207969067 2.252942136252386 2.297400331684912 2.291616671871452 2.31694924310068 2.296270907707367 2.30418505128182 2.302245727743866 2.325766476682475 2.285652450422276 2.232617898109311 2.307650704806292 2.273237347275426 2.323844870072207 2.27686039370019 2.302575881545636 2.350903236569138 2.353328668403265 2.343247818485906 2.362896515027387 2.376152003391326 2.402502252360136 2.377814586507156 2.287267540406901 2.29985044753812 2.335654478461947 2.300138171838626 2.317716798093898 2.294908985611983 2.264650894923761 2.28913815154192 2.351042958813196 2.365697898407234 2.345664318811032 2.312330695938726 2.362312142417068 2.360937295423355 2.355832212391761 2.374377103275037 2.352971595249983 2.383169289205398 2.455526164980256 2.412472857453395 2.411529828113999 2.382593349946546 2.329856689684675 2.33308538680285 2.349999181169551 2.337469923513709 2.302183213665558 2.375909178494112 2.327362855998217 2.303676672621805 2.271989747885527 2.283673741785606 2.350351309691177 2.36167407872199 2.371288189846382 2.365828993388277 2.333985105091415 2.327456967668695 2.300302252922847 2.374234515104035 2.407678292798664 2.377298443636391 2.365179300217278 2.342491461917234 2.351649439264293 2.309056231435534 2.339280541775224 2.337147898651892 2.331445372037706 2.277927890885621 2.287295863518921 2.304706911505491 2.261027325250325 2.291106524975476 2.289918260252307 2.250687650517648 2.228366512455977 2.202625083165913 2.208973926612089 2.189830214261747 2.213830547501857 2.226904689610819 2.201379419369914 2.204858048131427 2.298842414551473 2.322600684768986 2.368935331240209 2.351489051559838 2.39189921983052 2.353264251520159 2.367181401787093 2.36936786708975 2.322986340986063 2.325701342499087 2.322799771363862 2.375738134996936 2.402915575439692 2.410711985081434 2.399380827970162 2.433406331304923 2.442855161434636 2.438866241705909 2.431272169313161 2.45272347102582 2.430106658803197 2.399950173589787 2.411053611733223 2.377575629601779 2.328919443541963 2.260366177302785 2.285993233956106 2.314833552531127 2.320701807571822 2.384714248313685 2.32903855056793 2.307817279914161 2.297884083003737 2.273249415261489 2.257104024851287 2.294649500770902 2.253892280074069 2.273405659223499 2.278675606397883 2.298476317128006 2.260705333184887 2.213507209518866 2.192654640508408 2.265231490711813 2.28114719999212 2.317790659129969 2.232566592208968 2.27769579865344 2.304554455549805 2.306201724414677 2.354539675337946 2.348737804146367 2.291395980189918 2.257102611154551 2.248872795233183 2.229947212370462 2.234480908617115 2.239380676001019 2.272657101800633 2.280620417070168 2.287643764058885 2.255822176737638 2.293353769397072 2.28453990908929 2.275476736453129 2.295428821213136 2.296217296432587 2.300646019924898 2.350104653763992 2.317814684516634 2.323959736360848 2.289810149806726 2.328096773133439 2.302083387832681 2.291225585305256 2.290333670014661 2.313756392857613 2.287872723049077 2.264611754621001 2.278883645791211 2.254513352178037 2.257690443388128 2.296173979739251 2.336135610716155 2.385093479359057 2.366535937140725 2.398284973631235 2.361165026741219 2.331449551209516 2.32365151794329 2.371649445169169 2.394276841539977 2.339692563109566 2.367958478796936 2.30676628601941 2.337242203873757 2.327234859680175 2.394364092429896 2.39514073923965 2.360866465533036 2.392316564852081 2.394715073001862 2.36054881302698 2.373020809080117 2.33564158127956 2.380421406663572 2.321643580187811 2.364777729231719 2.351983317530539 2.377314560140803 2.41527556530491 2.394588374005252 2.385613113125146 2.310385619129192 2.353846498772327 2.424068800468376 2.40004504872195 2.444116655929975 2.548069338998175 2.597206959108007 2.666595765423153 2.793750524902862 2.888780919602141 2.999163349442824 3.074976031792175 3.206936910552031 3.31038357840589 3.472151417043278 3.569786952131835 3.720054501689447 3.886427892262873 4.090881239062583 4.317898510107625 4.539048008757163 4.719092316903698 5.014605755255616 5.341580331019941 5.528903287857247 5.806122324393073 6.130957053228485 6.471763558853127 6.711440669569129 7.070517879388262 7.397930725594051 7.748571901372998 8.084750529706071 8.447728793808892 8.838259441981791 9.24089672784612 9.621345850173384 10.01064819127714 10.43058311937784 10.83034092492744 11.16339744286233 11.56289252340684 11.9529199792596 12.38319525957195 12.71876145544229 13.07944798659446 13.54819266887171 13.91326637983002 14.30074270808836 14.70207151012437 15.02738495694211 15.34776904270984 15.66192004894037 16.02922795869563 16.33331798987638 16.65124121864937 17.05984165328482 17.37691711492153 17.70058442067966 18.07882717599932 18.34595139397788 18.64978886318931 19.03951539528498 19.2260484068247 18.92745680518965 18.17598261277453 17.21765547501127 16.21676799635679 15.03509699577626 13.8255943402437 12.66606632666299 11.61344133589228 10.67623505599295 9.887067426912836 9.134179883669276 8.472902158006036 7.920327626063226 7.330154957111517 6.842061751891379 