# Created by Octave 3.8.2, Wed Jul 05 11:22:13 2017 BST <co1ssj@node117>
# name: result
# type: scalar struct
# ndims: 2
 1 1
# length: 3
# name: params
# type: scalar struct
# ndims: 2
 1 1
# length: 18
# name: cleanup
# type: scalar
0


# name: num_runs
# type: scalar
6


# name: dopamine
# type: scalar
0.7


# name: targetCross
# type: scalar
1


# name: targetLuminance
# type: scalar
0.3


# name: targetWidthX
# type: scalar
6


# name: targetWidthY
# type: scalar
2


# name: fixCross
# type: scalar
1


# name: fixLuminance
# type: scalar
0.2


# name: fixWidthX
# type: scalar
6


# name: fixWidthY
# type: scalar
2


# name: fixOn
# type: scalar
0


# name: targetOff
# type: scalar
1


# name: targetOn
# type: scalar
0.2


# name: fixOff
# type: scalar
0.2


# name: targetThetaX
# type: scalar
0


# name: targetThetaY
# type: scalar
-7


# name: exptnum
# type: scalar
0




# name: r_0_m7_G0_L0p3_D0p7_scsum
# type: matrix
# rows: 6
# columns: 600
 2.297409410944965 5.663535589803359 5.410705227302969 5.241644936388184 5.031387921175337 4.909819693322788 5.009702787780043 5.283369698292518 5.75642834548853 6.558727949450258 7.606792232549196 8.955294791619963 10.48048819749965 12.25670478356187 14.03374152484685 15.951007557509 18.00491914412078 20.1377263195609 22.21731580950654 24.27153330010333 26.26998283171633 28.09141214225383 29.73939033301576 31.19504017638974 32.29752054506389 33.07539967541379 33.458187300399 33.37964129899046 32.83740952837616 31.78251894340792 30.2340144568152 28.13006665281137 25.47255685528216 23.10760040461901 20.9456257608399 18.9737000713576 17.24014412086399 15.67031602397401 14.25102357204742 12.96057387402834 11.80714491740946 10.82031774045845 9.946532579306222 9.048000904964283 8.221594800710591 7.507626960175912 6.877913883399742 6.366940014868305 5.932925125114707 5.523520933467807 5.120464549276221 4.790440030359605 4.544365483743604 4.285254858968983 4.138340869216336 3.81908286268299 3.658858958799101 3.514286869045463 3.417011875968456 3.289384006719047 3.124170146546021 2.957346958624839 2.900567088829121 2.77570238811677 2.725267819281726 2.641491410293384 2.536053711217392 2.534325696999076 2.545378336943941 2.543764991300122 2.525577513239114 2.488816405842954 2.445553203353484 2.417907042959996 2.396103771396156 2.376177558129712 2.388359244563617 2.372922636527619 2.296038175105423 2.305768683241695 2.275566971746912 2.252311656455277 2.213857003376688 2.212455140703241 2.240307264193689 2.229437607749787 2.292374556454888 2.289612204564037 2.276478343232156 2.31760134594515 2.351031018595677 2.326549055986106 2.370022219300154 2.341739805196084 2.382562084370875 2.389014323704032 2.340537253432558 2.367922578212529 2.374120206368389 2.339781903086077 2.340996007544163 2.341336113327998 2.3507856634169 2.364577612775975 2.315738366614823 2.327992005790293 2.276541160850684 2.304332697734935 2.326855946877913 2.352614889938195 2.382931347980048 2.351848188900476 2.31702389883867 2.324361185554153 2.370385153666575 2.333503775240388 2.312007024989725 2.265448281141289 2.267488731198682 2.270480388277065 2.251253790092051 2.309920246239926 2.31323547989814 2.308134758213782 2.290114846973665 2.325793835429067 2.298645823833795 2.344839510220481 2.361601388689451 2.322536065717031 2.286959978348023 2.233365117204812 2.195500832385733 2.215966985924751 2.226922737529094 2.169481748878752 2.185290846744465 2.226402812921151 2.241524515084166 2.240163523543742 2.272735823935363 2.28222674454446 2.291564796447346 2.302437605183513 2.312202255843658 2.262056040359312 2.29844073276945 2.341879468242041 2.299716095425538 2.280187076576112 2.316545533029057 2.325242165094096 2.288345595465216 2.323983771890198 2.33389169156726 2.312710552258068 2.25232276749739 2.212058223791246 2.260919812979409 2.253068918937061 2.261824987173895 2.334739885031013 2.391968141848338 2.348472962745291 2.398522250645328 2.401248220192429 2.392693133006105 2.363449342308741 2.356794826926489 2.397112879085398 2.282502259629837 2.206792992627015 2.248011019117257 2.249802195958182 2.21965639807604 2.175414815770637 2.132554154639365 2.182468171118671 2.237900354510202 2.225304870928085 2.200797558268277 2.231150236675603 2.212405978956667 2.220415024064096 2.275857738533887 2.274866980798834 2.260860010122997 2.213375322011416 2.227912595870293 2.257571652691695 2.269055294222198 2.251525510691863 2.161640199712565 2.188630510972871 2.218548107890456 2.17362356128433 2.155089486506768 2.186157325166278 2.172047283856955 2.228297230273711 2.226044513954548 2.263916702449933 2.280875234362611 2.288628388399957 2.282181129547098 2.2831776595267 2.28064668236766 2.326104755291453 2.279567196896096 2.319000663235784 2.282550453521253 2.25741078043211 2.268905696344518 2.322662791430048 2.334265562378278 2.246563517044706 2.223617176663538 2.211237863568385 2.227097475217306 2.233089609875606 2.181233455099573 2.219417545325996 2.237485350487987 2.253225974664019 2.250106336414319 2.260769979231554 2.292988842727937 2.305469079365139 2.357117341169214 2.410631646245747 2.435380797433027 2.427768773977732 2.4525926989445 2.389013538753716 2.373025708835485 2.353456880060548 2.310163202637341 2.302854487672448 2.260403137417597 2.253390689496882 2.295887105923612 2.266681339671777 2.217670383248333 2.220617126826255 2.183910631738399 2.23947454611698 2.268000021307671 2.302045374952286 2.294350166885124 2.304959574721579 2.315845301694935 2.329675967943331 2.292609677846485 2.271167948951188 2.259004720799567 2.230864857345296 2.245631606183451 2.242696559489559 2.334530978809198 2.336457913399499 2.403861610851891 2.380920533192693 2.330393592594191 2.349420661517797 2.297210186196025 2.270339535549283 2.308110996775213 2.273948368878337 2.26641212933464 2.281237531955412 2.278908238049553 2.283351742766172 2.306967005402839 2.270724675930978 2.228217858981225 2.270204814642057 2.247767069355177 2.230694949485041 2.247922167363868 2.194184410469461 2.202203561228089 2.235272034340596 2.277384447246732 2.264277155394666 2.245561315470695 2.314140554703044 2.306674435671084 2.310095989618276 2.307754207547987 2.282201874639213 2.28996742894924 2.287458021299244 2.283066288564441 2.31324747067265 2.322468442191166 2.342824636001751 2.374862647688133 2.358858934701857 2.348142952752823 2.387249624483957 2.384317968148025 2.369768682274298 2.360315825579164 2.414306745158683 2.476066688122955 2.59604917890465 2.723178712898516 2.900643139357271 3.154849972717784 3.419388032217284 3.747412316499322 4.148511281004176 4.516514296123205 4.979709463550535 5.435348694183631 6.066713591986627 6.639351437945152 7.261949593870668 7.937419334433798 8.626125718456024 9.358685990737285 10.12232048921942 10.86432172894274 11.69399496508413 12.51443548010866 13.35085239818727 14.20385354098107 15.05003544918145 15.89948795094824 16.75293515972589 17.58707521807992 18.42242760190493 19.27674568763359 20.05103216254065 20.84556709167373 21.67341157296687 22.46048061518377 23.2091224331889 23.97435195391699 24.83763178256413 25.66784380005993 26.44108877960025 27.29576855007326 28.13582769030472 29.00352342398037 29.84680018646031 30.62264523686463 31.37635467551081 32.12509692955064 32.90763749094549 33.6223009712121 34.37731335708304 35.10738903445235 35.80117665343278 36.49148419433914 37.15843415426752 37.8542682888874 38.61024712632934 39.28511991605228 40.00480491598319 40.77876054792796 41.39853868479986 42.03892206108139 42.62924799237589 43.26207438321762 43.84676260629931 44.41675875186775 44.99542889690929 45.57659716477065 46.13773349713301 46.6799090101922 47.16340089970618 47.64963246855041 47.73450646368656 47.37479799160064 46.44801825271861 44.95494957100891 43.37245085724135 41.60977913114402 39.73621044145693 37.46757958633953 34.43942139031788 31.1963838622969 28.31336408528659 25.70421756626092 23.38330669054267 21.23966646202825 19.33267094262192 17.59405432570929 16.04421051790996 14.64909834377613 13.4340919041606 