# Created by Octave 3.8.2, Wed Jul 05 11:22:13 2017 BST <co1ssj@node117>
# name: result
# type: scalar struct
# ndims: 2
 1 1
# length: 3
# name: params
# type: scalar struct
# ndims: 2
 1 1
# length: 18
# name: cleanup
# type: scalar
0


# name: num_runs
# type: scalar
6


# name: dopamine
# type: scalar
0.7


# name: targetCross
# type: scalar
1


# name: targetLuminance
# type: scalar
0.3


# name: targetWidthX
# type: scalar
6


# name: targetWidthY
# type: scalar
2


# name: fixCross
# type: scalar
1


# name: fixLuminance
# type: scalar
0.2


# name: fixWidthX
# type: scalar
6


# name: fixWidthY
# type: scalar
2


# name: fixOn
# type: scalar
0


# name: targetOff
# type: scalar
1


# name: targetOn
# type: scalar
0.2


# name: fixOff
# type: scalar
0.2


# name: targetThetaX
# type: scalar
0


# name: targetThetaY
# type: scalar
-9


# name: exptnum
# type: scalar
0




# name: r_0_m9_G0_L0p3_D0p7_scsum
# type: matrix
# rows: 6
# columns: 600
 2.295412298692099 5.694171083814581 5.534966381834238 5.276102763440576 5.167937798923958 5.081489968422829 5.10715490479015 5.406560765230097 5.922097829995209 6.717296624199662 7.792952642936143 9.129575333514367 10.63847405131673 12.3790113822979 14.21005458834588 16.15468579774097 18.13579982244846 20.18688109389768 22.29529401057152 24.36223014760617 26.34285361285947 28.1084944407994 29.72902986456029 31.16354701413002 32.30471768948337 33.06955368865601 33.46577995792904 33.37349632316909 32.90619617879565 31.93201497154223 30.37245563363831 28.2908252143061 25.73500812667044 23.20970564602248 21.0049121017496 19.0041035716531 17.20132918514355 15.59498417366922 14.16221236505589 12.90491007103628 11.7826161344201 10.8009253354212 9.871645210725546 9.049427633304731 8.22766509540088 7.588971009139641 7.006547836364916 6.490920999567606 6.059094617150549 5.548178499120695 5.157067782867671 4.807341341505889 4.534924912353745 4.25172920357727 4.009415512395208 3.7846325084829 3.628961283793615 3.441922713096574 3.339017241312831 3.200196594460067 3.067997434700374 2.91489077865117 2.847981255341438 2.766037966412114 2.688314162078314 2.680156711179734 2.633219515024393 2.488025490853033 2.457763963910111 2.447339457536145 2.483593351156742 2.451013006688299 2.464162774034776 2.410285750145704 2.372270691430458 2.354364735061608 2.341772347946971 2.335542054501275 2.309746872379037 2.248454839664191 2.243603766954038 2.214243183239887 2.259788724953978 2.240686253642707 2.208170181143942 2.249968638043356 2.262636235979699 2.299584087108087 2.300811024560971 2.303908487654553 2.339404560574621 2.295536892157543 2.317707733262068 2.246541026841442 2.206494842363099 2.284330934962782 2.273472575565393 2.294569850684638 2.343308849274763 2.324297287821537 2.331821270054206 2.320457844377415 2.311462235050385 2.344093293821061 2.305900808849401 2.289466147809435 2.336522944585795 2.321364957904734 2.330997558453419 2.345200856720112 2.335249443005523 2.30106185303157 2.295154048244513 2.261493261881697 2.273719692293525 2.285735886449402 2.286550419881678 2.270496802453636 2.333184604909547 2.347654421486368 2.290114987688867 2.287765198903799 2.279957185848616 2.287737163140264 2.301820859607687 2.336749753369077 2.337902631477846 2.356012113195902 2.371254867281095 2.353231339759077 2.288533324990567 2.267714654553856 2.341880360874711 2.353905901443795 2.310609709151322 2.241573728637377 2.287706869297836 2.271192779899138 2.3033932508406 2.333189494562248 2.293223267708527 2.338100098102586 2.345435898278083 2.34811659222396 2.296270578792246 2.36891624418422 2.403653143108386 2.404681664405871 2.400367750382429 2.373444191573071 2.372967717799838 2.354390055254044 2.339031165603956 2.33647507490241 2.39265627424902 2.394050782255363 2.408984395078733 2.346937518152117 2.308060914203452 2.272158108309668 2.267968027692405 2.247355034323846 2.264992921747762 2.323258209744381 2.296810112144158 2.278303304941801 2.305679541917925 2.275112997394899 2.253429354275795 2.269990694192529 2.252750460014795 2.214221089227067 2.164196512181661 2.11205644862639 2.136794196743722 2.11664206970454 2.166321096850879 2.145551156412694 2.182486174795486 2.176325958771486 2.174171910730365 2.212326377431964 2.234474954617326 2.253912920135917 2.280485939911159 2.221508243710559 2.229718179412885 2.269337429708685 2.227422979980474 2.187288835750223 2.202214651319082 2.178012768195913 2.224415557539032 2.225729888676142 2.300283798052988 2.224129066475143 2.268000671887421 2.258944661603891 2.265197709675704 2.267906738925376 2.264342670365295 2.284592910138599 2.232609838312783 2.285736262107093 2.2877521236951 2.280829608062049 2.286666715713181 2.307264123159257 2.322521684647654 2.356012123316759 2.370754076633602 2.387152023315139 2.348959231116169 2.329655631907372 2.385309235622117 2.392585262885405 2.363374916956673 2.301367107200349 2.307498275287799 2.287137651464946 2.238822199236893 2.250191333576367 2.246699284361966 2.293111335553476 2.28579440665635 2.305219787291207 2.304743371561926 2.280584689251555 2.27020024718513 2.263407182141236 2.290195165178375 2.317948538562632 2.228769395976997 2.252970845325763 2.266984214027616 2.300474648189265 2.310058031054723 2.309433178394102 2.352244844631059 2.350319337980181 2.33167919691914 2.359157987506478 2.410077109962003 2.426257694940432 2.41523739691911 2.400412269023946 2.35351441540115 2.340689057898999 2.345281722165964 2.355677736737562 2.309664575201168 2.281374847250845 2.279683359753108 2.293784570472781 2.246256666296176 2.182469752217003 2.247722665997571 2.229902581182614 2.224043985326716 2.239436953781478 2.26111314344962 2.264214812486898 2.348437837201345 2.340606457997637 2.366227859070932 2.450541382007941 2.460135390005235 2.40179163555149 2.395458599025005 2.391911573096877 2.373435943347431 2.384612552123144 2.398840840774938 2.370835942041595 2.373269370764319 2.341972680227627 2.314887836357229 2.263331514404854 2.275492253629636 2.324545883748215 2.339055263604678 2.363054376019136 2.419366327565513 2.391457522178825 2.44182866630581 2.346381346149428 2.356315944831294 2.310829579630081 2.279310070203792 2.245080703774875 2.249679647749872 2.289328996404947 2.294522333204441 2.285990895201394 2.29080508197876 2.277073592544184 2.30997565483267 2.27126910761217 2.300629764074984 2.24627185904319 2.280220038786865 2.27315469946916 2.298197366311797 2.269217639823182 2.263939303518782 2.272759732513805 2.402112447714899 2.496861022362282 2.697430072104908 2.926474660333042 3.223132844614156 3.448595592024503 3.766573672284721 4.155468819590169 4.628569423683075 5.082154297866509 5.575957226144965 6.131167373780045 6.676540880056564 7.316448700119508 7.937503148597898 8.525158971129713 9.250505934927787 9.935123144110548 10.71718279048036 11.46465765586618 12.26388150380808 13.08931268781453 13.8926938188888 14.72144194010616 15.56528631677429 16.34471254227901 17.20324663809151 17.97935477113788 18.82095878731707 19.56482997037529 20.2723054044036 20.98039951511237 21.83342392293707 22.5961695467995 23.32674605086504 24.10672614229043 24.89955624823051 25.62959034816049 26.35133880983631 27.04927046144712 27.81314574979842 28.57348575994911 29.34903191014746 30.04323268052394 30.67331695115354 31.3504048098057 31.94482441170794 32.56908063220908 33.19865335877694 33.83174711034007 34.39944722485961 35.00185818606769 35.6374766500885 36.23943992378918 36.87570899078128 37.44430096184078 38.06786827693577 38.678195322791 39.28855835419381 39.90358124395789 40.13084018271184 39.68218761967728 38.55049684880942 37.13916328785126 35.66521845580428 33.98693242848822 31.95298760136575 29.47671646309391 26.78360714414885 24.28876172731543 22.06829746889343 20.03842682402683 18.27771995651347 16.6319855755637 15.18867595514166 13.90884377568 12.72825184457179 11.64285336188914 10.67993031850347 9.847260030050165 9.073739325904171 8.36580963652159 7.693368090782315 7.178693132176704 6.716912215997581 6.296013722050702 5.907332477741875 