# Created by Octave 3.8.2, Wed Jul 05 11:22:17 2017 BST <co1ssj@node117>
# name: result
# type: scalar struct
# ndims: 2
 1 1
# length: 3
# name: params
# type: scalar struct
# ndims: 2
 1 1
# length: 18
# name: cleanup
# type: scalar
0


# name: num_runs
# type: scalar
6


# name: dopamine
# type: scalar
0.7


# name: targetCross
# type: scalar
1


# name: targetLuminance
# type: scalar
0.3


# name: targetWidthX
# type: scalar
6


# name: targetWidthY
# type: scalar
2


# name: fixCross
# type: scalar
1


# name: fixLuminance
# type: scalar
0.2


# name: fixWidthX
# type: scalar
6


# name: fixWidthY
# type: scalar
2


# name: fixOn
# type: scalar
0


# name: targetOff
# type: scalar
1


# name: targetOn
# type: scalar
0.2


# name: fixOff
# type: scalar
0.2


# name: targetThetaX
# type: scalar
0


# name: targetThetaY
# type: scalar
-11


# name: exptnum
# type: scalar
0




# name: r_0_m11_G0_L0p3_D0p7_scsum
# type: matrix
# rows: 6
# columns: 600
 2.351348825599416 5.698341499039088 5.415368456000579 5.205781944634509 5.059317203900719 5.032172751445614 5.113388928795757 5.346375731916851 5.881429073378968 6.668671810959495 7.71389307454956 9.029409064736683 10.50963218046491 12.2188144131178 14.06728846482292 16.00782046434324 18.02239771574386 20.05485105765547 22.09935388664599 24.26132603638325 26.15326023412854 27.98192414056393 29.5447138688105 31.00301700423734 32.1053106286563 32.92317958261265 33.34184023259877 33.26661221923496 32.81050014958419 31.8509288757632 30.32995668877993 28.20279007979843 25.62984077873443 23.21558319859469 20.99478541982535 18.99319372642276 17.20740672235479 15.68928067831075 14.29675087411306 13.05060993423103 11.91697502400712 10.88190900349582 9.951202534146432 9.093541299880599 8.360338119033258 7.741534119315475 7.165671104485227 6.658285614395936 6.166226810550143 5.740768704967195 5.366187484920374 5.016291098268994 4.661303842960479 4.391608196339803 4.154041567104287 3.902698530655471 3.681102507231117 3.581267638950521 3.458290130431124 3.247147162217516 3.136225251610085 3.020852044424828 2.93473338772128 2.842842926700541 2.775681923561933 2.785993693563796 2.703717292068177 2.632039925239951 2.623468328081799 2.625149727082317 2.55754132221773 2.53587562685243 2.554406048111559 2.545010092580924 2.509578191453329 2.522380470512871 2.541637006790552 2.446556435526873 2.462585553177632 2.491197017439845 2.43839932330593 2.41786751401014 2.437908654201237 2.398418763068548 2.403245513269212 2.431580259748443 2.411142484412267 2.443543952678738 2.443857276623021 2.449020382409799 2.450953837912493 2.421251226372988 2.383641932025057 2.402130988411955 2.370655110618827 2.452783605607692 2.355122922341252 2.353280904866551 2.371226385330374 2.404473504888301 2.403776794184523 2.379217067646096 2.407304250456946 2.403619423890632 2.393846562736144 2.359565271137399 2.328167408868467 2.288386100433854 2.226821612252024 2.224863277020631 2.24955705249522 2.299766225809435 2.394990616994619 2.402989158905257 2.384985109285481 2.345197612403126 2.338929037727212 2.392818085550971 2.374376332918473 2.373869281313091 2.363344212710217 2.375308027585561 2.359429829928558 2.349256691792107 2.340341561692185 2.348571460082894 2.335102568824368 2.313423903215153 2.334519268304575 2.321801730994594 2.339989789470565 2.32090177207283 2.298117268025635 2.280147781755659 2.272221744868148 2.252701252877159 2.251051859311701 2.22773338144907 2.293287507101923 2.220999830307846 2.240527099238534 2.275903717563779 2.277962529988145 2.232687472744146 2.241811771658831 2.201346151803591 2.186083894746844 2.237721318988406 2.224717879762466 2.264005816690769 2.226786254694161 2.163563875736145 2.210769689454537 2.220935380119045 2.24272071735686 2.264413114033232 2.284517420910561 2.247948643049313 2.240966360619495 2.198592119610112 2.18461855008718 2.184063846114441 2.194486618845986 2.229212298840139 2.247747248504311 2.213280592399315 2.244786709175969 2.281470167501539 2.243904212369671 2.225569760816143 2.230758326913929 2.271410275687231 2.264396849444893 2.283616523058299 2.272973902912781 2.305334054868581 2.312678344991582 2.278710086553474 2.28274568555571 2.227166393688094 2.221816896612836 2.205162072314124 2.216058583726408 2.202691457663605 2.19273515120949 2.146322000400687 2.123852288994385 2.143357026125159 2.067214486058219 2.127925867451268 2.172601767859305 2.141479569294461 2.132356145404628 2.140691844907451 2.155215382910683 2.253595088193833 2.205924767742545 2.203569151293777 2.288540306548384 2.216062407404024 2.203160689481592 2.208336268231506 2.206933057786955 2.184567362135567 2.217538795825931 2.193796702438704 2.259566181326591 2.261789416785177 2.295308727845622 2.28895178881794 2.294525637074912 2.227321699330787 2.206847684496097 2.255587364037638 2.256711064639603 2.197871427732025 2.253673391605844 2.297817246038903 2.32947293498728 2.352913804568743 2.286121528799413 2.279351293000218 2.231417044135014 2.276219216388199 2.277030433542677 2.227104133573448 2.215780545091548 2.244678564100468 2.240341141048702 2.257146570918849 2.29089018753848 2.31233918586986 2.266214669849433 2.263023654355493 2.21170094707486 2.243702674502856 2.258003595878108 2.30217340546551 2.339303808887053 2.360828420634789 2.357497324293945 2.300581120907736 2.33753497491125 2.267954506372917 2.264177164281136 2.268362274633546 2.339563085144619 2.308723505593662 2.330866722109931 2.2939153622101 2.311242675488757 2.328497395461454 2.286608421272831 2.282687219820218 2.344062488817144 2.362375731072461 2.321469608694315 2.305284360234509 2.287042592099169 2.289406604191754 2.225345372087759 2.222206970986008 2.219480586165446 2.260892512098508 2.280090894972091 2.303198823203275 2.275479820087639 2.31771393818417 2.288266587493126 2.331523314693186 2.299600206320974 2.291919238014088 2.316552556301758 2.324631850951846 2.338547277002363 2.380720510227547 2.360975855597644 2.38403453387582 2.358333373565983 2.367814666795311 2.36075063784665 2.337130047701066 2.328731219640758 2.374923281509837 2.328465678787325 2.337254625403148 2.349240551553521 2.33569207272194 2.363398337221497 2.241274586322106 2.231243001293478 2.262478621632908 2.244044258113718 2.249683863012251 2.251915155335155 2.279851874933229 2.279946137570732 2.260634292637405 2.271704764545575 2.26587906703935 2.273954660937306 2.25736415720894 2.233322638137906 2.172077066683414 2.221141702011664 2.264177756340359 2.343671243586869 2.422343210884719 2.397424778297136 2.413730448526621 2.526885854857028 2.582353307800076 2.674855409215525 2.865407461853465 3.01057767630482 3.272252373863012 3.536153486718831 3.835563895750965 4.271509319538382 4.623312540323241 5.004172240165644 5.409562668504805 5.821308267764834 6.284496256183047 6.817623469594764 7.303007318201708 7.877869919928344 8.462228728156333 9.055978918193432 9.643828571104677 10.27714103377366 10.98325114192994 11.70207910809768 12.40941509032564 13.05272485293062 13.6881190057029 14.32546165700478 15.03413786814417 15.66106147526079 16.30851774832172 16.92436557887049 17.50571552502515 18.14166984083204 18.70371475802676 19.33194595179521 19.91821026758407 20.44854153509914 21.05048576394984 21.58203972866977 22.16167015004612 22.7827313464386 23.25827111842045 23.74651257508049 24.20697890082374 24.69952860963531 25.11674358719392 25.55549505630552 26.00623831999474 26.47375768836355 26.89441265449568 27.31404825874051 27.79934949186281 28.23763899518963 28.61425100633642 29.09808687177792 29.51294948703435 29.47143128469543 28.7433151791156 27.43421431607567 26.12497722853004 24.93343663057021 23.54191185444506 21.89495069948316 19.99212519298817 18.26861165383525 16.61540119884012 15.18850397380083 13.84133249231672 12.67217136561158 11.6318289219198 10.66581537744423 9.846280158388254 9.067471437572749 8.373061270549442 7.788599563580647 7.184134082115634 6.659399224856315 6.168634957875838 5.745602010945731 5.44121163366799 5.167951625349815 4.864039226980822 