# Created by Octave 3.8.2, Wed Jul 05 11:22:18 2017 BST <co1ssj@node117>
# name: result
# type: scalar struct
# ndims: 2
 1 1
# length: 3
# name: params
# type: scalar struct
# ndims: 2
 1 1
# length: 18
# name: cleanup
# type: scalar
0


# name: num_runs
# type: scalar
6


# name: dopamine
# type: scalar
0.7


# name: targetCross
# type: scalar
1


# name: targetLuminance
# type: scalar
0.3


# name: targetWidthX
# type: scalar
6


# name: targetWidthY
# type: scalar
2


# name: fixCross
# type: scalar
1


# name: fixLuminance
# type: scalar
0.2


# name: fixWidthX
# type: scalar
6


# name: fixWidthY
# type: scalar
2


# name: fixOn
# type: scalar
0


# name: targetOff
# type: scalar
1


# name: targetOn
# type: scalar
0.2


# name: fixOff
# type: scalar
0.2


# name: targetThetaX
# type: scalar
0


# name: targetThetaY
# type: scalar
-13


# name: exptnum
# type: scalar
0




# name: r_0_m13_G0_L0p3_D0p7_scsum
# type: matrix
# rows: 6
# columns: 600
 2.251472562853451 5.579234067539801 5.431439028185196 5.290578954321973 5.043767904107881 4.929981833287457 5.032809756317874 5.284814947395716 5.828673178322788 6.691805998783821 7.720003490612726 9.067480341480405 10.56186649129631 12.26982630257407 14.08836566555692 16.03046860279574 18.02600451496255 20.13279524286008 22.24228748403402 24.2767342348161 26.2989720538244 28.05732547608204 29.65396654675351 31.0869963817604 32.20804255204712 32.93873312405231 33.2873273876794 33.31062012082111 32.8484065060693 31.84905845181493 30.32732681703055 28.19474210562475 25.58587641981285 23.16639591042622 20.99635960365413 19.07072061017607 17.2946952327402 15.73722747292413 14.3002349080125 12.96921370898781 11.83573413539852 10.76964041515112 9.841804276233233 8.97026950792133 8.243748572291224 7.567606471224281 6.99854215450614 6.475493333320628 6.017570414598595 5.617115147430013 5.229488543776824 4.883470368178678 4.561455601811758 4.264179590689309 4.016749518272263 3.739675780961988 3.600266971130623 3.444038184890815 3.333337109615968 3.259762645415321 3.180479397749878 3.071848681858683 3.001483332503994 2.928839473356675 2.829066161320952 2.770080881051399 2.697364982064755 2.69345109337155 2.64395404629613 2.589006818730923 2.537535994304562 2.568797332525719 2.517309404167463 2.458010308349913 2.45485423206992 2.439956545415043 2.407056058378657 2.387913452796056 2.37819354115345 2.337548207367945 2.31776079829433 2.290976268806844 2.324007008224726 2.264559949622708 2.272711907393386 2.270068193600309 2.291411238693399 2.314421552873682 2.312686519835552 2.302218043594621 2.269844033857225 2.250456496498373 2.270753997318025 2.236317363502167 2.215938017359804 2.165763148806036 2.207880977597597 2.190649950403895 2.170617417828907 2.200474369292351 2.204277150158305 2.166187748785887 2.202609394102183 2.252937513148936 2.292185482561763 2.274775229161605 2.264329326599182 2.275655200704932 2.272802806543041 2.260154516829061 2.279748268752883 2.297213385478244 2.326088347075711 2.357467113659368 2.324482071032435 2.315783856050984 2.301111132132064 2.284997960698092 2.284999934872758 2.258947540540248 2.234760876051951 2.209860487557307 2.208239117207995 2.221402813431268 2.170004128478467 2.144311371695949 2.111121047722918 2.106871642754413 2.118110552128201 2.154764380196866 2.12440391985001 2.138403551809461 2.139026589460627 2.120847583202703 2.105490867594199 2.16723965590063 2.152517976350282 2.19493639796201 2.203241089569929 2.177815290600847 2.206079154449981 2.192271389358211 2.136783963273047 2.129895175647107 2.183369856797981 2.260595843246847 2.194350100893644 2.201996317158773 2.226332788075524 2.22410488595051 2.22059257060755 2.315183400052774 2.30644225181095 2.314170427176578 2.310566055370145 2.358533151094889 2.42769079626305 2.424576545894524 2.43880401151182 2.403792683795473 2.380958745103271 2.474205429371068 2.471340308969957 2.4162598851035 2.303164805012784 2.345351154581294 2.307586430113588 2.316982501462917 2.327263233470148 2.289136768325989 2.249095850824233 2.232346751070509 2.213863884244347 2.169364508212311 2.207596471547731 2.190416917823313 2.143900695882621 2.124789599329233 2.113263667626597 2.145528839344479 2.132269198547874 2.163173573466338 2.193291157265776 2.251131531051215 2.233020592051616 2.228407804723247 2.215448283881415 2.217088207678898 2.291186445971107 2.30901209582953 2.270554176473524 2.211393559922726 2.21236691231752 2.167890411503322 2.171443677246316 2.206288288616634 2.204906647337339 2.195108480729687 2.197509426710894 2.164522109313111 2.210379845928401 2.191242375601405 2.149676278739207 2.148782080032106 2.190776303599705 2.144506890157572 2.18697123097445 2.170790949618095 2.198444494679279 2.19831368821724 2.203909515716077 2.196237855678191 2.238308720212444 2.197991482962607 2.142082775724703 2.126639879352297 2.194336917535111 2.152013986698876 2.224273663057829 2.268778764719173 2.215573518393285 2.220735274237086 2.19471797062215 2.191858174423032 2.17726225453589 2.186779384253896 2.12558605985032 2.169659544824754 2.221773513920198 2.195302096261003 2.195096320232551 2.269504975869495 2.298986790203344 2.288346449113305 2.326003591624612 2.33098278552734 2.342217076875386 2.361560725519666 2.383977996785688 2.374300162939107 2.323191672894609 2.317056768049952 2.321677668362099 2.303407297891681 2.254586533399561 2.23959022488998 2.222679382430215 2.190717595199203 2.221981852433601 2.21539489665156 2.196877641043102 2.218239300113055 2.268431280757795 2.305898436337884 2.272129443554149 2.274982577973788 2.264960507003707 2.321056776629121 2.342721963012082 2.250952984089963 2.279419440268612 2.246659775970329 2.218744417459675 2.197663446491788 2.20848024017323 2.176232058358437 2.223307819884212 2.206177483960346 2.187839965417879 2.189295055748516 2.20614662702792 2.28842314709982 2.265430257943081 2.277324096932716 2.2172838834922 2.171117178328132 2.17445077058801 2.127526592101276 2.176252228931844 2.157888327608816 2.179932319777436 2.196709198082317 2.216124507351196 2.236028267492657 2.265067900651047 2.298849405873625 2.326831666501675 2.269066862023465 2.284664561695536 2.283481962494989 2.283620030790189 2.320794745763124 2.320778933477413 2.347287814434821 2.370523925297675 2.377035142111708 2.397615650173975 2.350079748404823 2.348333747824654 2.354584381639143 2.357608013880963 2.432230623271607 2.356323126099596 2.346374854958412 2.37318229113589 2.373274077701353 2.369140060935024 2.311860659443482 2.332518737301143 2.299931857418414 2.313065023201489 2.40639332770661 2.431728310220933 2.530320094690978 2.567148205856938 2.607701209897641 2.684915104458923 2.839391865974903 3.043037761046435 3.170309447523323 3.250482001771161 3.429439219104097 3.620590897035072 3.835546998589052 4.097145254618226 4.295306459400308 4.580563430230541 4.867583917170123 5.147589552432692 5.498371684483573 5.819344046572951 6.105159929902584 6.50514013729844 6.869695180008421 7.254474899364141 7.649588442327513 8.157446371686092 8.543026179044318 8.994952621847915 9.474785010359483 9.959244965895778 10.4470378526662 10.94511547681395 11.48026714041771 11.98926003689121 12.47663570033546 12.96440523919227 13.4426976959694 13.92023950854491 14.35361858760916 14.81138065574942 15.23024377548427 15.69856014589277 16.13624279245778 16.54337072995531 17.00812700169445 17.41067826894869 17.78802839345008 18.16816793350154 18.50934025680181 18.87654894683692 19.31743312577964 19.68659897397447 20.08462607864203 20.51740855882963 20.95011437398534 21.35498466178979 21.72356743276396 22.07022002541544 22.4415550700287 22.50184183854071 22.05503128190685 21.16246016924924 20.1485103945779 19.04456373032735 17.99207127780755 16.54246384577709 15.10741773892369 13.80994979832758 12.60479343440966 11.51404865917357 10.57550815700233 9.721224889133737 8.896409272245364 8.255570018467552 7.708478824541089 7.168342031127395 6.646561019875662 6.198563889272918 5.84583279126673 5.446298681152257 5.166827804694549 4.873159759881673 