# Created by Octave 3.8.2, Wed Jul 05 11:22:12 2017 BST <co1ssj@node117>
# name: result
# type: scalar struct
# ndims: 2
 1 1
# length: 3
# name: params
# type: scalar struct
# ndims: 2
 1 1
# length: 18
# name: cleanup
# type: scalar
0


# name: num_runs
# type: scalar
6


# name: dopamine
# type: scalar
0.7


# name: targetCross
# type: scalar
1


# name: targetLuminance
# type: scalar
0.3


# name: targetWidthX
# type: scalar
6


# name: targetWidthY
# type: scalar
2


# name: fixCross
# type: scalar
1


# name: fixLuminance
# type: scalar
0.2


# name: fixWidthX
# type: scalar
6


# name: fixWidthY
# type: scalar
2


# name: fixOn
# type: scalar
0


# name: targetOff
# type: scalar
1


# name: targetOn
# type: scalar
0.2


# name: fixOff
# type: scalar
0.2


# name: targetThetaX
# type: scalar
0


# name: targetThetaY
# type: scalar
-17


# name: exptnum
# type: scalar
0




# name: r_0_m17_G0_L0p3_D0p7_scsum
# type: matrix
# rows: 6
# columns: 600
 2.294650434294454 5.603432850111858 5.377193457054091 5.215344285112224 5.091500793903833 4.983323935688531 5.023535768654256 5.324403562313819 5.891916822019994 6.735393407776428 7.795351257556831 9.088339115922281 10.56815835146699 12.29672442390074 14.17589301196494 16.03152984353801 18.11665915481717 20.14101427430433 22.26143934921129 24.29119306759094 26.25356697843381 28.09726506759762 29.7165870268218 31.08071331887913 32.15629721305595 32.99160482623302 33.34721330168395 33.27727867985959 32.74406442288455 31.72619747550925 30.19534314591147 28.11948849411056 25.58483364417771 23.17980378433276 20.9996076180978 19.01596034912654 17.1879751562501 15.62101879555121 14.23168441908638 12.96469924200937 11.7917243145057 10.75292575811545 9.86540659820821 9.112972554219596 8.378204501863365 7.710478395689279 7.102146153876674 6.599255485331014 6.113672268802475 5.671592694903666 5.180312227188551 4.874765658638353 4.64690848322789 4.375282340050035 4.139171488131979 3.920590351463034 3.728391490447393 3.557345187629835 3.338424281224434 3.218899005925778 3.132009341527009 2.97498980896853 2.864747210553105 2.761589695419389 2.702962019873667 2.587667796677124 2.540690706608984 2.47646100629936 2.399500811297912 2.388321260172233 2.361245778241937 2.31281031943945 2.293339288167772 2.260894128154177 2.218335474950436 2.254045208374009 2.260607701035042 2.23676919065781 2.21450989843288 2.235995216833544 2.215266838407842 2.231499506997352 2.22773221557145 2.279108150811226 2.30484281443205 2.32304333828597 2.296985773489723 2.242517640195729 2.265339410958404 2.285253732128695 2.309903497931373 2.320563554512773 2.349880520108854 2.294631912876866 2.31046442862862 2.341432152068592 2.304899101902265 2.257134317507735 2.21179895226669 2.205988626208637 2.264906709446223 2.201372909731617 2.248170576682242 2.250378965251002 2.201398653080105 2.211786232575832 2.258376147859963 2.259302614784247 2.292926835139951 2.296062571178481 2.337331872481627 2.374919332731224 2.366794822231896 2.372370909783058 2.34682336221158 2.398520243659732 2.383024162292713 2.427039322574274 2.411575204881956 2.374529508277192 2.350572533141531 2.32299486917691 2.33286713965208 2.249974606638716 2.248056280324818 2.276754576769235 2.279257010122819 2.27413844392504 2.286753928225153 2.273389990838041 2.236620744019092 2.222191793298407 2.254203313015751 2.224990031605557 2.269459892351733 2.263602865758003 2.276726861018687 2.228261520156593 2.266396543109295 2.284652902220841 2.316439141693991 2.291607170485804 2.2605286024409 2.260877598877414 2.339206614276918 2.33292169134802 2.324397566371772 2.339185423712479 2.357109419495828 2.35546036786036 2.329849556990666 2.323684556376975 2.364095619617729 2.368493679685344 2.30568584217508 2.25180299989006 2.176459919672197 2.162502870396565 2.14676514689927 2.167054217774421 2.138301245257026 2.21670465475836 2.185472230059531 2.228127832643622 2.217264687189527 2.225323909973667 2.204602956007875 2.139600681079173 2.123510218636511 2.193928502874769 2.201853753147589 2.177825110029517 2.19387353269849 2.268178749363869 2.278750657304045 2.290343678658246 2.281977452283172 2.259761495777639 2.253482232608803 2.252607014002933 2.272982400427281 2.296707403609616 2.316724374601108 2.312579261457358 2.393648538352863 2.383139427045535 2.346238831771188 2.327508383343229 2.343353718346407 2.33475963872479 2.25404837098904 2.327410583471647 2.300063976415913 2.284020815382974 2.342461269530759 2.336605723397952 2.327931835377967 2.346650952880736 2.372273680601211 2.331056717219326 2.354430725928978 2.277300237081363 2.323629815058666 2.289665528554906 2.266396804119722 2.348500771587169 2.360195221750473 2.322220345997266 2.284311519921175 2.247184035812097 2.220657700912852 2.211120852933163 2.31893956303611 2.362167770535962 2.313456388848863 2.312922931192588 2.298515598886297 2.268358929348324 2.236060577371973 2.219524686730438 2.248710668300191 2.197180701736215 2.199740238989762 2.156849769336986 2.161094298906391 2.12426990752283 2.162617490928824 2.152242149364611 2.138839137856849 2.115048252824636 2.100525332311008 2.143181301797085 2.147671806738799 2.161870289812214 2.175268038246486 2.20444113308622 2.253691343943501 2.218103298085225 2.228437873376606 2.250962409825661 2.207692134072204 2.207704339212796 2.1873837009407 2.17815461090504 2.206074211684609 2.262483128950407 2.220426420411968 2.213773287905497 2.18590339916409 2.193280606872577 2.175756326192641 2.152556117864151 2.219368043615759 2.223099479622761 2.175688408962742 2.205872383766291 2.242110367173154 2.224270508457266 2.219055867961288 2.205779262243595 2.247082267986116 2.222817685673363 2.289569730543008 2.302232023068427 2.29903605250729 2.281085150549188 2.225933847283159 2.246085348051565 2.233672414062312 2.246409938976285 2.251871058622783 2.255117867549416 2.290747512357484 2.377793970408675 2.380761882901425 2.340549936852767 2.367831064198981 2.282336235430193 2.310525829781909 2.265339299261541 2.263086773000396 2.235828911390854 2.244937878174824 2.248169601215977 2.27710028193178 2.321573579822143 2.319859058326983 2.296354652935406 2.315755344832723 2.266171213064808 2.255673805938386 2.318147579106153 2.310242166535318 2.289638330392336 2.279413414235023 2.29273354077668 2.292645336541682 2.394381588501346 2.362236209995899 2.377876515129174 2.386318086133542 2.372588425685535 2.335661301956861 2.346799760431168 2.385634801092237 2.361611164371425 2.348008745517291 2.325354663596954 2.368173048867902 2.356568435578083 2.387163605522801 2.33861417504886 2.382830406426365 2.350738350985921 2.295326953069889 2.362579023239959 2.398975007628906 2.414081231865566 2.475999982747453 2.548207337946224 2.573353503466933 2.675788039217878 2.713781713580829 2.833301863102861 2.927625202239142 3.021354593332944 3.183038592866069 3.274995923191454 3.421966212396001 3.524631251977553 3.691235318537565 3.856155626312102 4.058180654745229 4.284934407289256 4.477467058739421 4.674509931617649 4.850218858486187 5.061697744189587 5.222565448311798 5.493991991530493 5.75142627682726 5.996557856502477 6.222573353386906 6.456342530967049 6.673232588254905 6.914347008612822 7.159742940284559 7.379744858546474 7.608876337762922 7.796167645770765 8.085487232165178 8.237002410038258 8.514046060416149 8.791957556180023 9.021570512864855 9.254042869042678 9.503546406607711 9.720033921337745 9.996346131491009 10.19908758622114 10.47770649388258 10.69188670246876 10.86929957617394 11.13825373370128 11.32661787618053 11.56420613356386 11.75286416805466 11.98372307128193 12.15932403877014 12.36396272807178 12.54171401766507 12.74761848169874 12.85981497669854 12.62365733159822 11.97000982930695 11.28672951207955 10.45145105069241 9.66461989824893 8.904728921865171 8.240914738977153 7.577730344899464 7.045458209358912 6.539935402277479 6.114129698224133 5.713352505452349 5.440534961147932 5.116369100411248 4.785515951938578 4.496711775587755 4.277414244148531 4.089368442520936 3.860665415249969 3.693580708029003 