# Created by Octave 3.8.2, Wed Jul 05 11:22:18 2017 BST <co1ssj@node117>
# name: result
# type: scalar struct
# ndims: 2
 1 1
# length: 3
# name: params
# type: scalar struct
# ndims: 2
 1 1
# length: 18
# name: cleanup
# type: scalar
0


# name: num_runs
# type: scalar
6


# name: dopamine
# type: scalar
0.7


# name: targetCross
# type: scalar
1


# name: targetLuminance
# type: scalar
0.3


# name: targetWidthX
# type: scalar
6


# name: targetWidthY
# type: scalar
2


# name: fixCross
# type: scalar
1


# name: fixLuminance
# type: scalar
0.2


# name: fixWidthX
# type: scalar
6


# name: fixWidthY
# type: scalar
2


# name: fixOn
# type: scalar
0


# name: targetOff
# type: scalar
1


# name: targetOn
# type: scalar
0.2


# name: fixOff
# type: scalar
0.2


# name: targetThetaX
# type: scalar
0


# name: targetThetaY
# type: scalar
-12


# name: exptnum
# type: scalar
0




# name: r_0_m12_G0_L0p3_D0p7_scsum
# type: matrix
# rows: 6
# columns: 600
 2.291287371434009 5.627539135297411 5.431923992829979 5.209532218512322 5.090653313312941 5.039332201373327 5.101667174218164 5.300375190141494 5.821482096704131 6.629462202643481 7.780736762670131 9.072696464012552 10.59136241352462 12.28573126291667 14.08501071045976 16.05018634653243 18.08038618098726 20.24766893550986 22.32462831721205 24.401067841849 26.29496610180649 28.1307081385894 29.79664444424998 31.21363183661015 32.33403335943149 33.07660531764122 33.46120409901778 33.43392511791899 32.95077794604003 31.94644016924212 30.46872801796417 28.35995354687475 25.74829892327034 23.3574504627104 21.13284241806105 19.16047252256612 17.38265573509852 15.80723979096365 14.33294300770285 13.05210520829496 11.87926563555084 10.87316397709219 9.923187795182457 9.14714891595213 8.380827939407027 7.708997957412066 7.06576039835636 6.485367942026642 6.00086006154288 5.54562738077766 5.155260066632763 4.727291271305148 4.480459125210473 4.254472838161746 3.969060339557473 3.864310434538311 3.685473469875433 3.595784828483374 3.48226834966772 3.351993397217484 3.279014638465014 3.159877419264376 3.033821285898739 2.999744672830275 2.901098546019057 2.80307252563216 2.756282686415943 2.725488329124346 2.720144174760208 2.691298872727202 2.66874180213199 2.612937248282833 2.537567448864138 2.567039186295005 2.561943324668391 2.569676608043665 2.646549542409048 2.59516499851452 2.549437444227806 2.550976403712411 2.51234359544469 2.539542320447254 2.579315046119063 2.506954452461287 2.473245861401665 2.43004816031771 2.38751794356358 2.315752919537772 2.273856908717789 2.220917817360714 2.202617740167625 2.209007112967811 2.263334678285901 2.282933501737716 2.322098047287 2.258984820859041 2.207081459082019 2.229577642941877 2.24208185851603 2.246757877102937 2.202399474025697 2.206727541146392 2.182521592492776 2.196752122101316 2.183942849933374 2.199134070786386 2.227799237771251 2.308547482360154 2.287613570042595 2.29337417059287 2.274639626397402 2.265174158746959 2.233208530291449 2.246393881106087 2.22907953003596 2.231767326622503 2.211964302607157 2.221861395591986 2.21572650111375 2.26282751737017 2.268403859870887 2.262002369319816 2.288538223034266 2.288814814426587 2.298744780895504 2.307474193334201 2.339253998885397 2.323400056431637 2.342799790341815 2.300870083043264 2.275409653253519 2.297371791464684 2.278616958721614 2.284406751048664 2.27644810914444 2.289611639476789 2.304314978850016 2.306025615431281 2.284450472419849 2.312307819040143 2.262968660525075 2.29292136899312 2.272412794152842 2.249781385442475 2.270499919861322 2.274984877023599 2.283118116742116 2.310657074380288 2.390812673453183 2.388976263697259 2.389121971325949 2.370257534945267 2.308368081645312 2.336103364883456 2.368462695376365 2.379195008026727 2.411419915046281 2.441421083371097 2.388090361077047 2.420183538753918 2.456874651776161 2.425620208749024 2.436835852415243 2.410995472302602 2.346557647797454 2.383279609850433 2.376387184158375 2.34053683660386 2.357811963385757 2.385460536715982 2.381822215793363 2.378875357415382 2.342827130189107 2.344112661605323 2.366605214447191 2.336315782118618 2.302969955067965 2.298531344269577 2.226452355738729 2.251868474049843 2.3068762762814 2.342221730985329 2.333296289954887 2.278542783315061 2.272775908681069 2.312607971769467 2.311507318783697 2.333129203303542 2.284682105306274 2.31036454369314 2.353795805956906 2.263811051605217 2.216137614690524 2.206961152482108 2.172929138832842 2.224212667286338 2.249318809524993 2.256054281323031 2.239582733054704 2.210603534604161 2.223127221240702 2.211625493604515 2.164308607832936 2.202999202043429 2.221367417543661 2.245901577818586 2.232401651468535 2.198748768216319 2.205556216158584 2.195240176341031 2.21336567124672 2.15434204011035 2.199359814955642 2.127745235306065 2.169534714179463 2.206835541238434 2.224478057483793 2.21222340620443 2.219616329708515 2.185187828028575 2.229654072732956 2.272973391074629 2.25525190440203 2.211940290077109 2.201585970768065 2.230085022565618 2.1953117755329 2.274470998356264 2.303408834388392 2.331047056784882 2.304274310641631 2.255478583101649 2.23940885661068 2.266214147592109 2.265565041117952 2.275668805094028 2.226627082382038 2.310823923151474 2.254956449389283 2.199352729541715 2.23002935477416 2.224142474271503 2.150663652671938 2.23066168713558 2.27506371263371 2.293641649818255 2.289948964789801 2.337479262096167 2.340923344458133 2.313700615031848 2.259289259145589 2.356706419494003 2.306103745391738 2.296648804921915 2.310055349138565 2.232035838715092 2.253568574495148 2.356882851425325 2.330198507108435 2.291489678428206 2.261140634331241 2.271703463015001 2.236499373713741 2.163305973699607 2.195459080379806 2.239114062445879 2.213742101939715 2.16732691697689 2.151981972434442 2.175366500599921 2.189015449683211 2.193084862054093 2.164170317051685 2.146398244993179 2.186637724975299 2.194082386047739 2.170612786661877 2.256899903419253 2.30199292440011 2.31800700432359 2.275161228335492 2.273493701439293 2.286477584762906 2.206316552648786 2.232663256116211 2.25615955267358 2.255659384689352 2.244253043318167 2.245659833824902 2.202804410357203 2.215177883106662 2.233062599560071 2.276605142491462 2.340007033339134 2.300558460952743 2.268713386882155 2.293651538317135 2.295662466844078 2.316657627125096 2.356026491601369 2.422792065379326 2.362786386387597 2.39398425296713 2.367293219944258 2.34573067304882 2.338959662083653 2.344679282123252 2.38885534817382 2.433742177825479 2.434001921763411 2.437440066780255 2.548500353186682 2.618233723424055 2.804463351728373 2.974393655505992 3.162930298844003 3.367702958545124 3.601474811399385 3.854427430233045 4.183178601539112 4.511366104918125 4.818531639051798 5.097044518344774 5.397995249204541 5.770048265223522 6.128941855975427 6.461067576688947 6.870764697785489 7.284382524834655 7.742231699969125 8.192613733332109 8.675056599109666 9.105732263762548 9.598892778705704 10.07571802701023 10.52648809192942 10.99545238896644 11.5280217805157 12.04092667312216 12.59483644787178 13.09412823910679 13.65856248312048 14.22401676953996 14.63571225504711 15.1350803842688 15.62184472636 16.20970649835363 16.74363499459287 17.25980937596978 17.79886068689211 18.3360375866323 18.87264586996662 19.34889741450024 19.84907869187373 20.32388694983638 20.76395221496932 21.20117945365928 21.63894498729496 22.1143213840478 22.57984473814577 22.95715307540377 23.41003379905305 23.81257258052938 24.22690390411299 24.70720191750297 25.16773208754603 25.5186359884101 25.27664669360456 24.43443897757606 23.34391488664005 22.31394979020115 21.10087673326052 19.77851744770305 18.14135459464887 16.53577379549824 15.12207772923284 13.76643508690177 12.63383130007423 11.63873130886532 10.72849538535229 9.828004219809372 9.106105836759525 8.420114556811313 7.83146851458514 7.273887522313089 6.796562998162699 6.360661100894504 5.92656419868581 5.549009844027751 5.238982955394022 4.924520046228281 4.704106228204182 4.462806068986538 