# Created by Octave 3.8.2, Wed Jul 05 11:22:09 2017 BST <co1ssj@node117>
# name: result
# type: scalar struct
# ndims: 2
 1 1
# length: 3
# name: params
# type: scalar struct
# ndims: 2
 1 1
# length: 18
# name: cleanup
# type: scalar
0


# name: num_runs
# type: scalar
6


# name: dopamine
# type: scalar
0.7


# name: targetCross
# type: scalar
1


# name: targetLuminance
# type: scalar
0.3


# name: targetWidthX
# type: scalar
6


# name: targetWidthY
# type: scalar
2


# name: fixCross
# type: scalar
1


# name: fixLuminance
# type: scalar
0.2


# name: fixWidthX
# type: scalar
6


# name: fixWidthY
# type: scalar
2


# name: fixOn
# type: scalar
0


# name: targetOff
# type: scalar
1


# name: targetOn
# type: scalar
0.2


# name: fixOff
# type: scalar
0.2


# name: targetThetaX
# type: scalar
0


# name: targetThetaY
# type: scalar
-10


# name: exptnum
# type: scalar
0




# name: r_0_m10_G0_L0p3_D0p7_scsum
# type: matrix
# rows: 6
# columns: 600
 2.257051343076455 5.577148012678663 5.46930270334633 5.214307617483428 5.041158844378515 4.94571491962779 5.057226897792134 5.314896678095238 5.892440983905544 6.638994556433317 7.719632384832948 9.088620642345631 10.60061662840963 12.35236229398652 14.17407496767555 16.11615500966946 18.16423557592134 20.23673171329574 22.36701590027587 24.38600736538501 26.36029221230274 28.15523670129915 29.80362020819211 31.19234992726706 32.27914298894757 33.08537758848797 33.56419742696016 33.56254991196329 33.01201952244446 32.09245992350043 30.54932090667717 28.38749474706128 25.7384092492739 23.30155587612535 21.09352288195805 19.23794451319554 17.46461788613669 15.80361739270484 14.39880300518416 13.1193500256777 11.91032354038907 10.86206922672136 9.919243367130548 8.999841873770492 8.240027562223986 7.60838281778706 7.050177484154119 6.499929547204374 5.983665639192623 5.521953939911327 5.116549942926213 4.730934879607958 4.425256047965377 4.178513399325311 3.872644393864903 3.658329374404275 3.465598779996071 3.314904331409707 3.242497937029839 3.135855113774596 2.988305655442673 2.968758889499441 2.886555468501683 2.827969025471248 2.733017989092332 2.704578121229133 2.607395201412146 2.566037283508194 2.545825283614249 2.48026977266818 2.443974184145191 2.343454066596223 2.341953377688696 2.362194528737746 2.337037782523112 2.376995985505346 2.302130614400085 2.295283058560017 2.330168448337645 2.227841479929339 2.21480235936906 2.266531751181901 2.259736046036778 2.262113785509428 2.320240814133285 2.304787016066257 2.248791180480112 2.275753925583558 2.335865993329207 2.310974040301517 2.27411285476046 2.235953895104103 2.230951523077238 2.268791155904182 2.293558849965848 2.313361498643644 2.270996136616304 2.202386536337144 2.236195265784772 2.249799193690706 2.24074312637822 2.258341901154381 2.256750816162821 2.28464123687445 2.313324996262963 2.335736181863467 2.333821027510567 2.352054105394927 2.320812010091686 2.317660370265912 2.267038350913936 2.308440402891392 2.307634024546132 2.281157260549662 2.291371125288606 2.217211975731061 2.29333914838935 2.305852458310255 2.253605991149925 2.268653888379049 2.221975344815291 2.280896894433681 2.305901044768689 2.323779947473668 2.291108744215308 2.310440992085205 2.291945437915274 2.276421038328408 2.224206651048007 2.222499178125872 2.18331256822421 2.12160023443721 2.172850379272859 2.171921583870244 2.180542949772644 2.26335529953576 2.261852665433253 2.28598903438251 2.241374113200436 2.239616293787549 2.285103328242258 2.295271861417859 2.285995548110805 2.214335876349651 2.25320211156577 2.262025206204271 2.312802299282339 2.299837573806144 2.236674452073203 2.213240198489075 2.216958525892551 2.260385516743554 2.255243303276075 2.262033933147904 2.284526150076999 2.308441738781767 2.31553489772341 2.28686889569326 2.285849768691151 2.219205301191323 2.227843923769797 2.231359156794497 2.23265291802818 2.236992030215333 2.197931387683639 2.24445796910004 2.293136508706084 2.300924079943798 2.294020026874932 2.260646727474523 2.262807842344046 2.311897404561023 2.309729176122346 2.268930731170258 2.254784186261531 2.298219275571682 2.312134689989762 2.366443528206219 2.404815053236234 2.375019755672838 2.408495357685752 2.410331344305177 2.314702138268331 2.317557449088781 2.32758614767954 2.330985611969027 2.366629943764565 2.268576081281935 2.268817659667548 2.264716538953508 2.271805580909131 2.261727956312825 2.253685871619382 2.260178008771618 2.231840945034492 2.280378558571101 2.321450414163337 2.294895179507876 2.319171590715996 2.309917711452727 2.302657232670754 2.302882339008647 2.331818407692481 2.326178243274626 2.289885065576527 2.32241125129076 2.266299485963827 2.252707009447477 2.222175276911003 2.229932916789949 2.248993568035075 2.210457593413594 2.19281840387157 2.230488392946427 2.26440127659771 2.301858542552509 2.336663908914488 2.313585574163881 2.297019655223266 2.253458485005467 2.293790495896246 2.284474688887713 2.360365137428744 2.376613449247088 2.392817244539401 2.396679474479242 2.384848546142166 2.374255075663314 2.329119236786937 2.334407877055128 2.336695307943955 2.367575644148019 2.402779253874542 2.378750634401513 2.376681634654233 2.3448274780676 2.353742228047849 2.393726650076133 2.305605899284274 2.404856092151022 2.408755884818675 2.420131750066503 2.453723626655119 2.410655587453221 2.459443816245766 2.478139818340424 2.432996580004328 2.488287210242561 2.454049742133066 2.406015238077089 2.420237905367685 2.407381341246946 2.360199946000648 2.444494329305599 2.408491464801045 2.447712852637778 2.413809478643088 2.360527584591182 2.309807431251102 2.362066288520509 2.33929449403513 2.315240591064139 2.314459906949196 2.349964277884283 2.333347195854003 2.323511532173143 2.348795267564128 2.318939463049901 2.363323962534196 2.318440548133367 2.347810992858285 2.341384937135444 2.319198134791804 2.269743582357478 2.264418941304029 2.206591132959147 2.191824939251092 2.211185250329436 2.230492820752261 2.213202231689138 2.220575743862355 2.237369007045345 2.209985772584332 2.171278876259748 2.214836522987753 2.22634140718219 2.234909345510459 2.261585690153879 2.234583850251511 2.250592897438764 2.246508367606111 2.242278779613116 2.226674371420813 2.199695156052258 2.131944794811716 2.180554828642926 2.20389875737601 2.248531348290271 2.317252163862577 2.343257344633457 2.318799719705567 2.247585755801992 2.271299821528373 2.274369358579861 2.308954772401194 2.347526858447964 2.401984768792317 2.452698249431705 2.59326448423235 2.782141767755093 3.021552587517363 3.288145518069541 3.608692960314784 3.913469633167551 4.225406999517872 4.570883604825212 4.985213242190184 5.467212857885897 5.942626103351358 6.46586785485124 7.005271421970974 7.541747803012186 8.199491834173386 8.793691032347851 9.457744843708497 10.01607287030856 10.70050086077754 11.40465586388564 12.17987829619597 12.88355047639925 13.59980095341234 14.35166198359366 15.10502412914502 15.828380773346 16.49784953781636 17.16116344817601 17.79909076713921 18.41981698507152 19.12617299319572 19.69790810178893 20.37355486537126 21.05731360979826 21.76612859216038 22.41862955950637 23.09203182187957 23.76923050076948 24.45392861765868 25.09671771575449 25.69210146256955 26.25295898813783 26.81000537432556 27.39310116909837 27.91515684774276 28.52947286669951 29.10383156878015 29.65279424693836 30.21797696618887 30.82139172912139 31.33273455162998 31.87096292679962 32.36041532611853 32.76878221143852 33.24173485989741 33.73083807174407 33.81788197443529 33.34326068771406 32.31474308024553 30.91628834193762 29.37920480538378 27.90984610443411 26.20804161246633 23.94792796815818 21.81677730905722 19.89399929418505 18.14772414652907 16.57752499299386 15.13033412837103 13.89328490656408 12.62988371668325 11.64155044557992 10.72389245679551 9.859188910770172 9.093179758136102 8.409198187411675 7.770591727901774 7.241208409892351 6.753381497677765 6.349585821575602 5.964685488048417 5.601294057594714 5.311009131186438 5.002850260811101 