# Created by Octave 3.8.2, Wed Jul 05 11:22:11 2017 BST <co1ssj@node117>
# name: result
# type: scalar struct
# ndims: 2
 1 1
# length: 3
# name: params
# type: scalar struct
# ndims: 2
 1 1
# length: 18
# name: cleanup
# type: scalar
0


# name: num_runs
# type: scalar
6


# name: dopamine
# type: scalar
0.7


# name: targetCross
# type: scalar
1


# name: targetLuminance
# type: scalar
0.3


# name: targetWidthX
# type: scalar
6


# name: targetWidthY
# type: scalar
2


# name: fixCross
# type: scalar
1


# name: fixLuminance
# type: scalar
0.2


# name: fixWidthX
# type: scalar
6


# name: fixWidthY
# type: scalar
2


# name: fixOn
# type: scalar
0


# name: targetOff
# type: scalar
1


# name: targetOn
# type: scalar
0.2


# name: fixOff
# type: scalar
0.2


# name: targetThetaX
# type: scalar
0


# name: targetThetaY
# type: scalar
-8


# name: exptnum
# type: scalar
0




# name: r_0_m8_G0_L0p3_D0p7_scsum
# type: matrix
# rows: 6
# columns: 600
 2.2965411615005 5.693402369201067 5.527337592633558 5.28231506366501 5.071798102871981 5.079628201001469 5.127565001617768 5.433899818213831 5.976033774972166 6.750877949118149 7.880244247375231 9.194659893277276 10.70668486706563 12.46769204104203 14.22798782509926 16.14139060597518 18.14567779368554 20.15913975180592 22.22954750339341 24.21650394806056 26.23298236248957 28.06897289598419 29.75163338553102 31.07559556052365 32.12761395568668 32.95937130969469 33.33739098589285 33.38972301615286 32.9432637294376 32.01763331321126 30.46500954899238 28.41711861338626 25.77106485296099 23.32561848357 21.07872114429483 19.12964795357402 17.31199795527937 15.67692612762039 14.2311669489718 12.97748236959887 11.80135547287318 10.79064466542332 9.870283158874372 9.00859691532969 8.250702942648786 7.563293099497969 6.978220092212723 6.442117303024133 6.001671317004366 5.551983493311127 5.167265308882634 4.829932510270737 4.482844484249654 4.187195398852054 3.899032737746893 3.74246530963137 3.560612928384217 3.36174847487564 3.263857937807188 3.104873738557217 2.995510433713207 2.827458118546929 2.729264924666495 2.706717613542423 2.709982422515168 2.608697751409636 2.546017271553865 2.566838898223068 2.521367885459767 2.470647258451208 2.452742779551045 2.368535665103991 2.405499436616083 2.373360877456435 2.373646358864789 2.382528649468441 2.364733862628782 2.355303842276044 2.304437425184005 2.352934492152599 2.291474115616438 2.239953576816333 2.256390842721885 2.262877857949206 2.292563652756144 2.302330374281155 2.271228172296105 2.276051941975311 2.313049206997675 2.318483826886222 2.312835867534886 2.365915839116496 2.38169120940438 2.450533944737799 2.385774608341308 2.291936780591641 2.283019405656887 2.280778103347984 2.282422328460598 2.240802528087443 2.215351812366862 2.232906107572489 2.260892676611547 2.249413914469187 2.297361738132167 2.400431227979425 2.38722947752467 2.353888703488337 2.322787668665114 2.30156110533062 2.324040287556272 2.299526366030477 2.296711730316019 2.305255278679397 2.382848936787923 2.391129097930389 2.332175607763929 2.393822210855433 2.368609123390343 2.280610719053584 2.286170076549752 2.277357318685972 2.28540655452889 2.245567886660865 2.266084166676592 2.254342634572822 2.207144596442959 2.229627425578656 2.279141023893317 2.188969789536714 2.18064687934384 2.221314369144238 2.236730990800424 2.277480947152071 2.285198444118578 2.274894033882447 2.287111212872333 2.28112174576745 2.264505626415485 2.288497761335748 2.30558701632981 2.256567342894414 2.326408517030359 2.308135681822023 2.341167160553596 2.344980407535331 2.278514466936031 2.332257634714551 2.331012952370656 2.341623312782758 2.33622719345658 2.310367136218701 2.30418363687204 2.301928286669408 2.293127285120136 2.302570151281543 2.313511981341435 2.405423083819187 2.361277087871713 2.312231509131379 2.319229536226885 2.31912380628637 2.244994149652484 2.21387084327398 2.198512390998076 2.27342783304266 2.251538519389214 2.199372106595547 2.198446092304948 2.272731449007551 2.199542039845255 2.209186033891456 2.218623288506933 2.207504536912893 2.222490948552149 2.206559360856772 2.139305459642856 2.182917639140214 2.200614459643475 2.188252195672248 2.192391657321423 2.187898375352233 2.233318770100595 2.271599198738841 2.250492358045449 2.296244855157056 2.293507764887181 2.272763559207306 2.285219929843151 2.241154308870591 2.270337250240118 2.207281412993325 2.191468191536842 2.198002432163776 2.262312120059505 2.236651517829159 2.203305269111297 2.193004952008778 2.209901388097933 2.224782754947228 2.185858988043037 2.224019710476568 2.198617311234557 2.265376394963823 2.260124359165275 2.229876673362014 2.225466035710269 2.199957430693757 2.169625311475102 2.186222065545735 2.187490099913703 2.260179706627241 2.240063552814263 2.255539463010791 2.250873648343259 2.247407586164627 2.249144074854485 2.26472758239106 2.270334490829555 2.279728357643762 2.254389305453515 2.306591263695736 2.30951080001978 2.330163323302259 2.295806593556335 2.271475773479324 2.344189637464297 2.35558948169637 2.342957815584668 2.352148655358178 2.251225503434398 2.258039632706641 2.241529028622608 2.193544982752428 2.195251462020678 2.200455671336385 2.245186569416546 2.288165041303728 2.316224242080352 2.372798546519334 2.406905448253383 2.432862771347573 2.330535373897874 2.294273420753598 2.315600557893049 2.305515160602226 2.30475203026981 2.292221914583934 2.289107227596105 2.309575083123491 2.288688566128258 2.273419395489327 2.244056455398095 2.263306280006873 2.272700357505528 2.330954707595083 2.296647546274471 2.278444001451135 2.343178327933856 2.329795171863225 2.267584390458069 2.27789120774105 2.274653985242367 2.312448040935124 2.321109604879894 2.331978225458442 2.376714411504508 2.352138667334657 2.300916118956593 2.270061759993041 2.260146700100449 2.253258211741922 2.246353419250227 2.269769336271565 2.21266304650635 2.189093522609255 2.206599227560218 2.198146212213032 2.175164012812274 2.161574815152562 2.120854256783787 2.130488241622515 2.086814119171322 2.138964508463687 2.24286351930823 2.281830976935453 2.273643536180316 2.307834395389364 2.295246865909576 2.312009368313738 2.334938013213105 2.35312345863349 2.365478550877015 2.396043707798526 2.372996957470605 2.396266621948598 2.3938425795277 2.422723068029882 2.398275590090634 2.381857150725409 2.439454483275767 2.421425084146904 2.42556666348537 2.471419535258974 2.529715408283664 2.660100973880617 2.802511933445203 3.089919653509241 3.392608741574804 3.696923089893971 4.073472659838444 4.529870342907088 4.926871895058866 5.402961589417828 5.968273546444834 6.51203498680843 7.145255461811757 7.809836375747182 8.520942240131262 9.202195640844366 9.925357933130726 10.66573611601234 11.47848468859956 12.29041711989703 13.16495956321887 14.00819234926166 14.81623614972887 15.61959402467255 16.44477187603115 17.31054523227795 18.04759323232793 18.81474196144882 19.65613623485842 20.49216275545041 21.28184019231412 22.11439148695717 22.97057993162889 23.78324972486917 24.67234831100723 25.55147053158544 26.43646166262624 27.30424397578827 28.1663195789406 29.1353586314508 30.01634901134457 30.93759519817831 31.81108909145041 32.63894482774413 33.37152019074711 34.07645353088083 34.90041416954409 35.67716300012398 36.48560705385898 37.2473980826253 38.03275032023521 38.77923053772247 39.55272860018886 40.27232759396429 40.95884664431287 41.63963339956535 42.30155711828411 42.92384839430451 43.53156549858613 44.13629006093106 44.74465448829142 45.31537443440902 45.78000486101519 45.73756515314744 44.99206279054852 43.69593244498537 42.19142747782098 40.46387574114488 38.82472948721261 36.74338974862439 33.9545735279753 30.78836333294021 27.95842273667949 25.39125787653757 23.06690852561951 20.96669355632912 19.11585526855924 17.38215923690223 15.88473209853328 14.50762916054373 13.24246788023447 12.15641523304294 11.15339515389132 10.28024758386891 9.3921616464213 8.706469443386595 8.129865695682383 7.534038297000734 7.000718384060747 