# Created by Octave 3.8.2, Wed Jul 05 11:22:18 2017 BST <co1ssj@node117>
# name: result
# type: scalar struct
# ndims: 2
 1 1
# length: 3
# name: params
# type: scalar struct
# ndims: 2
 1 1
# length: 18
# name: cleanup
# type: scalar
0


# name: num_runs
# type: scalar
6


# name: dopamine
# type: scalar
0.7


# name: targetCross
# type: scalar
1


# name: targetLuminance
# type: scalar
0.3


# name: targetWidthX
# type: scalar
6


# name: targetWidthY
# type: scalar
2


# name: fixCross
# type: scalar
1


# name: fixLuminance
# type: scalar
0.2


# name: fixWidthX
# type: scalar
6


# name: fixWidthY
# type: scalar
2


# name: fixOn
# type: scalar
0


# name: targetOff
# type: scalar
1


# name: targetOn
# type: scalar
0.2


# name: fixOff
# type: scalar
0.2


# name: targetThetaX
# type: scalar
0


# name: targetThetaY
# type: scalar
-16


# name: exptnum
# type: scalar
0




# name: r_0_m16_G0_L0p3_D0p7_scsum
# type: matrix
# rows: 6
# columns: 600
 2.307053330550843 5.718119225522969 5.482844015154114 5.205858866371273 5.042856166473939 4.950185432033322 5.04564315708194 5.373975956656068 5.875786370521382 6.734481971565401 7.776769203235744 9.121553830162156 10.68809243401483 12.34473858946876 14.16727948479092 15.9940757781369 18.05830976091966 20.15182376294251 22.26850395260408 24.32043184604481 26.20316107842632 28.07641864268226 29.74379191696426 31.21643354491971 32.33468297471336 33.07528418883157 33.46344072346255 33.43321286723949 32.94840257221949 31.93365681268006 30.36891276715323 28.23742885936372 25.70701921001091 23.31676677112409 21.11573092348772 19.15465564975602 17.39705664621215 15.75216668674693 14.27649429698795 13.07026233735087 11.9070986749939 10.81377743850862 9.908514239279612 9.056146994662413 8.329415843531024 7.664633003409108 7.09922321097838 6.535293178078518 6.058371816572617 5.587521691222719 5.165225430195278 4.813286446307757 4.531710087612737 4.26622100318491 3.98896520641938 3.755486746646056 3.556334987009905 3.456692106585251 3.285740459126828 3.163085641273938 3.034603797568707 2.943127557205116 2.898119405546822 2.821607714526181 2.766683319710864 2.673144623062399 2.658264967685682 2.585092494457058 2.531542158198135 2.537647899298463 2.518644994801434 2.534440195242496 2.506155113384011 2.447876520716818 2.453606515761749 2.431944211464725 2.357059375855897 2.365957534231711 2.371063888022036 2.355949993598188 2.404071339024085 2.401560526424873 2.406107136055653 2.431186198111391 2.373625275315135 2.454746763170988 2.394141186974593 2.380613775076199 2.400621765496908 2.347406945471448 2.283360364413966 2.297000912789372 2.25645309923857 2.297392612168551 2.236498026901245 2.274783176510937 2.290090631540806 2.305045539469575 2.361276028190332 2.359832522506622 2.367485632710668 2.357177131387289 2.368180685582047 2.317250669013447 2.337459520724224 2.28406002412521 2.271052316220448 2.269811958583887 2.239507413469255 2.244250400635792 2.281559590021061 2.284213307488244 2.324026132371728 2.297682617943792 2.353556108184421 2.323003571938898 2.310275403426203 2.256678067496978 2.228682633205608 2.242234200897656 2.174284556500425 2.231868064191076 2.259700600858196 2.248907730658175 2.2591765988509 2.268667225926038 2.259443637361983 2.248910468239046 2.253448374511208 2.198865798971383 2.148262544629688 2.187612583900773 2.175884054182461 2.14114969622824 2.153672657092102 2.176422459506284 2.163124422517285 2.135348504081776 2.13500072898205 2.190242587996181 2.240056001177436 2.256362021784298 2.257297289015696 2.231062993618252 2.257191209379016 2.246869905375206 2.289898354458273 2.28035774462478 2.359150317344756 2.335899294288538 2.298437945624755 2.260071803308165 2.315328227272403 2.360608631282958 2.334287741956359 2.27975645368133 2.301922970083979 2.262270670997168 2.291505673199936 2.261295661937766 2.255944368989731 2.213301744347518 2.206493670595592 2.194592381354596 2.141573884307945 2.150703967294248 2.168921786120336 2.16194883899152 2.211327378750866 2.209933936479501 2.25230094194194 2.233309994713636 2.27838499101199 2.219357780231803 2.250747213656723 2.278348238385661 2.281523878315056 2.260677889986255 2.27477632838054 2.275022235007782 2.26583491643396 2.268527843672928 2.225742604656261 2.267363528259011 2.267032448031387 2.273760081949149 2.289496237903222 2.353987993777992 2.386162332222739 2.363469741261724 2.325749658921268 2.329639908391982 2.319182503648335 2.33640639809164 2.327092584346246 2.338265092628717 2.375769965321524 2.424543837667443 2.453871723993871 2.406731930976093 2.421115765751892 2.37721915029033 2.35709488912471 2.342068672762252 2.301760443002422 2.269387008163903 2.30412497956786 2.301570157105743 2.306463316615918 2.290611953700136 2.264344510853334 2.236000927739951 2.228042753995396 2.211712025593442 2.236186967096728 2.262965511756192 2.18967375135253 2.178509428336838 2.216601998448823 2.246057375021337 2.232886774760118 2.25659615915356 2.318186655189493 2.293818061731145 2.226793502315559 2.252969387996927 2.30783547811734 2.284710138112132 2.323298592113133 2.335411768606718 2.309161411107198 2.233507876277145 2.212716754198482 2.242029921071662 2.251393129725329 2.227520531705522 2.193365687016922 2.190226736594923 2.120652536435955 2.177971825327404 2.207606455100176 2.257618180792633 2.263203594051447 2.328883074653277 2.324947753171728 2.315092322733562 2.3161126268933 2.394555793409381 2.39142711337081 2.351186969110131 2.275406034921616 2.238571758931357 2.209457396271318 2.275341188914354 2.240682717329037 2.179998960498779 2.1659282461369 2.173726567967606 2.211953337249724 2.214433360291878 2.168566457015913 2.146503570565983 2.151580400364765 2.152086914880783 2.172911427176587 2.13483247494878 2.111890958432923 2.170865925210819 2.186872723024862 2.151402972984215 2.190759380349846 2.191741117887432 2.178704916623246 2.143929575864604 2.126785173582903 2.140483599589061 2.143229812234495 2.163322171974869 2.15831094377063 2.167319365424191 2.18927433769386 2.169340183201712 2.17489999330428 2.160400258937443 2.193055852418183 2.171863191120792 2.208677312482905 2.145544022310787 2.138871871451556 2.097242098905554 2.083776224812027 2.076986029940599 2.084134229400661 2.120900739675562 2.139174387288222 2.096555583382724 2.124663018799765 2.141941153467997 2.156425339286216 2.211064862480271 2.243953538352798 2.177361526388268 2.199038519414898 2.172005302309117 2.195688842813979 2.193596190478274 2.214158182559004 2.201860145556566 2.181396161191515 2.254242011978931 2.240165745439299 2.17892301433767 2.180273701045735 2.175185573829367 2.189745528670755 2.283461705199443 2.306269059870829 2.278670071013039 2.313320209505036 2.355995138121216 2.443582659849199 2.552234334405512 2.703546799793912 2.778494264850451 2.873028908172273 2.991024666647718 3.131389874368324 3.288361201135558 3.434692804818042 3.555657087670625 3.743194635040709 3.908410685657145 4.098712743078067 4.253651274584627 4.419724423047228 4.590346444205352 4.782752032221651 5.015168109952356 5.245724892152793 5.53312737345459 5.819442742489628 6.037212943319901 6.283381658711733 6.513301146922458 6.789664882777288 7.025045002490515 7.304994267457005 7.592720833654312 7.941856312980235 8.169861418460641 8.473239510793064 8.708352588351772 8.967057654655946 9.303939501827699 9.61266521988 9.92029228093088 10.15541271923576 10.36236720158558 10.63660241652542 10.87078329826545 11.09208228142234 11.38552706299379 11.65395883459496 11.85570332764473 12.07977680766453 12.3590043387303 12.60371002669126 12.90778512602992 13.09781393229059 13.33109879700351 13.57643516907774 13.83346979143971 14.10363879040233 14.31575051871187 14.26587953400303 13.80224172871385 13.03567415977886 12.21683995708918 11.4059796297006 10.49604812307462 9.661423062727408 8.948363724899536 8.198706903138373 7.568783971852099 6.993956085956597 6.539528916920972 6.158692292752676 5.742731807113159 5.35012790415567 5.13114796355876 4.875566953829548 4.591438770181412 4.369369571850257 