# Created by Octave 3.8.2, Thu Jul 06 12:13:47 2017 BST <co1ssj@node117>
# name: result
# type: scalar struct
# ndims: 2
 1 1
# length: 3
# name: params
# type: scalar struct
# ndims: 2
 1 1
# length: 18
# name: cleanup
# type: scalar
0


# name: num_runs
# type: scalar
6


# name: dopamine
# type: scalar
0.7


# name: targetCross
# type: scalar
1


# name: targetLuminance
# type: scalar
0.3


# name: targetWidthX
# type: scalar
6


# name: targetWidthY
# type: scalar
2


# name: fixCross
# type: scalar
1


# name: fixLuminance
# type: scalar
0.2


# name: fixWidthX
# type: scalar
6


# name: fixWidthY
# type: scalar
2


# name: fixOn
# type: scalar
0


# name: targetOff
# type: scalar
1


# name: targetOn
# type: scalar
0.2


# name: fixOff
# type: scalar
0.2


# name: targetThetaX
# type: scalar
0


# name: targetThetaY
# type: scalar
-16


# name: exptnum
# type: scalar
0




# name: r_0_m16_G0_L0p3_D0p7_scsum
# type: matrix
# rows: 6
# columns: 600
 2.304427920746093 6.888279839215102 6.601576409084373 6.259830751012487 5.976425125928472 5.790322268709133 5.779222697703517 6.042299581153202 6.577863153521321 7.360964902065462 8.473700013393682 9.684771112451017 11.07441964184545 12.75342437054496 14.57185592913447 16.50219678709254 18.56730164588953 20.5920719907881 22.66396747847466 24.55031745690758 26.3113434928955 27.66614995991404 28.6157658032389 28.88844429999153 28.4544670045434 27.00988979298563 24.4971749765682 22.18707932183679 20.05140346319968 18.1751134705919 16.50804575848088 14.98900767190935 13.62346837438963 12.44882207343107 11.30040119104524 10.32263096958195 9.422495941878879 8.71336849475847 8.0156057479835 7.345950761793574 6.847875371553528 6.312149235418474 5.870932435416762 5.440552641950489 5.066492727499281 4.772960988309933 4.435800446564826 4.19328260995826 3.942300960356079 3.714483652540366 3.550410119660228 3.349258031617865 3.266580655705184 3.106559793992346 2.937958999405964 2.927484181935142 2.877433002449834 2.775907409886713 2.773076044328263 2.721435913146706 2.704377202833712 2.639535477970639 2.609052544146834 2.521682193997549 2.532845406863999 2.524744968610321 2.472936702393781 2.392962491183425 2.394581283464504 2.387623043810891 2.375638454200214 2.440459429180919 2.419326533121421 2.393288447303348 2.410501061949617 2.371078556281645 2.35223348488762 2.328426649706671 2.349020232963085 2.353918413537031 2.380007175619539 2.378870058208122 2.357850174703344 2.373743314077728 2.330589131775923 2.311198019968288 2.358804338691698 2.315762584981712 2.301507909864085 2.281061979061633 2.263250112428068 2.282089941763843 2.258503891245709 2.231412909466599 2.270129816941335 2.309340324973164 2.289209919479617 2.344915087061963 2.374559339645202 2.412307667987989 2.4057103615296 2.370439118589275 2.311900694858195 2.314862212205298 2.307134736001899 2.308894809328194 2.319885328324744 2.307512155968652 2.298824203062395 2.341001793600299 2.395998544765462 2.355456485285686 2.367231693078793 2.364414831019531 2.351034604980669 2.346412769453309 2.405369539472304 2.368633875354135 2.372244431359832 2.393585555131722 2.4299547753144 2.427994849880633 2.427576022862922 2.406991076830309 2.385186373100851 2.386418515576224 2.375316110475978 2.380771065254521 2.366628920699441 2.377889400813729 2.400997353026469 2.316995220156969 2.293711104030081 2.287515757889196 2.310470826501842 2.263374299647694 2.314695168941398 2.368462698010262 2.316173953378893 2.275807065379922 2.212048885043259 2.213474085194321 2.191623549846554 2.217095188902022 2.263514550195396 2.241634652826178 2.202704366773105 2.249198020797849 2.271074227937788 2.28836459145532 2.296107205689623 2.317528768397096 2.277309921315009 2.300672971956374 2.252988675869346 2.256954520914405 2.215686941362947 2.226863925541693 2.226264105462178 2.209657749088365 2.239890002589163 2.211585580793326 2.176565056040999 2.147114156907264 2.189982061823684 2.17214979151322 2.175460672675399 2.136247379592533 2.094045048281259 2.11623406261424 2.129790278886503 2.154869549107389 2.138031434755248 2.192102563662047 2.220524098331225 2.322266688212949 2.267656967458606 2.229246559563762 2.233150498701434 2.244591469425359 2.246070842607878 2.293594860675512 2.311711249260952 2.309803468502651 2.285909090118366 2.202552923166877 2.236268257825259 2.229665739945631 2.210956822145818 2.263391058806519 2.306005238973739 2.341109141281777 2.365681575040981 2.388671040876943 2.378781514380535 2.361232952664068 2.385490443870367 2.284587859729072 2.296274484149762 2.293045792430348 2.390544887316537 2.379479615989112 2.355011809180724 2.384750367506058 2.338357374992484 2.333149107293139 2.296670209259901 2.262913156278955 2.271317867951439 2.253979415996582 2.24282465622673 2.238568960565317 2.200734853696304 2.204128044202662 2.148409684672515 2.21119129032013 2.182875091561073 2.123736281586389 2.145245560739568 2.150614071288146 2.133148059787345 2.192527724429965 2.17707072430494 2.194362105292385 2.17390683216945 2.180629515838518 2.216451975844393 2.257174543934525 2.240442692112993 2.28006519396331 2.329010083438334 2.31463870709922 2.315543056977731 2.302166789664625 2.308661527951699 2.324546883522999 2.334752473747358 2.284575808225782 2.255834400391905 2.256176009657793 2.266235098816651 2.315660280175507 2.318902480412362 2.303044851367304 2.255192419464038 2.247637998800201 2.248331159898953 2.263952868775959 2.211565354249615 2.193104995829344 2.222059324045404 2.215188934158505 2.26108127644693 2.260900686407695 2.248688006795874 2.263701449658129 2.212257555402175 2.195929118337517 2.194575118272041 2.17863814671 2.154940148502646 2.18869202928181 2.184904793215537 2.15566869615941 2.095995312100058 2.121379654134216 2.142783726203561 2.184508969912713 2.139420535433601 2.170046399362036 2.18839999177726 2.258470603777823 2.235746894344629 2.25184622395318 2.32992284213833 2.391216670872382 2.350923605816206 2.356486680233502 2.346846609056229 2.298976875038534 2.274345501533389 2.253067822071898 2.324565455615812 2.371558245606138 2.346831585928157 2.377387897009612 2.393736473299214 2.337271331183729 2.283209692126547 2.311035730042931 2.330286773056287 2.302239057440602 2.324402636095328 2.38109087745579 2.373048872014806 2.344518414902268 2.372264244731923 2.396967078464513 2.410788298308034 2.476298076962848 2.592416511582996 2.620878324260957 2.749772029073938 2.898499936789449 3.061778282950399 3.203932463777164 3.386497426141432 3.599862167204265 3.842243192299065 4.127629220911331 4.411104423699726 4.777282475690299 5.050937170046382 5.402718051664124 5.708577363529912 6.11726738590005 6.527013452521714 6.972258693953336 7.46198326312151 7.89631394803655 8.483442186647153 9.029857640569389 9.53330160571204 10.1083761372156 10.67109577252268 11.22746785069467 11.72303391574678 12.28317655767387 12.83206355302536 13.36611830401671 13.89103401039029 14.33931102481074 14.83762782969279 15.37800257718482 15.9115364842437 16.40347422616105 16.8969687834142 17.44208327049637 17.87068841726432 18.36468841516398 18.82535510537491 19.25046106418449 19.75009226681868 20.20318124896221 20.63738710161851 21.12060382192794 21.6355619359274 22.14401417806221 22.63048716223784 22.6000565639406 21.82353856050395 20.84625734472502 19.88008905860079 18.81956272361276 17.72263888427915 16.53943668316424 15.14060321609213 13.82551952368522 12.69453479432195 11.61716409950168 10.70988844490057 9.859061608945922 9.114541661710973 8.361947925688582 7.753537805496308 7.16907798894681 6.624999540941644 6.218985395938944 5.876336074117717 5.52212860063446 5.171385274652494 4.914357388868666 4.68103033558873 4.480345304105867 4.251932886068971 4.060105672382633 3.856181515746357 3.730377525775111 3.551143145290553 3.432568202164475 3.352459563706361 3.296736910677282 3.223130365142424 3.084735057003854 2.996158213743911 2.918474741993123 2.813258668807975 2.729924768599631 2.63812612266338 2.619714517160901 2.608639581831085 2.541077103611315 2.4295398959257 