# Created by Octave 3.8.2, Thu Jul 06 12:13:46 2017 BST <co1ssj@node117>
# name: result
# type: scalar struct
# ndims: 2
 1 1
# length: 3
# name: params
# type: scalar struct
# ndims: 2
 1 1
# length: 18
# name: cleanup
# type: scalar
0


# name: num_runs
# type: scalar
6


# name: dopamine
# type: scalar
0.7


# name: targetCross
# type: scalar
1


# name: targetLuminance
# type: scalar
0.3


# name: targetWidthX
# type: scalar
6


# name: targetWidthY
# type: scalar
2


# name: fixCross
# type: scalar
1


# name: fixLuminance
# type: scalar
0.2


# name: fixWidthX
# type: scalar
6


# name: fixWidthY
# type: scalar
2


# name: fixOn
# type: scalar
0


# name: targetOff
# type: scalar
1


# name: targetOn
# type: scalar
0.2


# name: fixOff
# type: scalar
0.2


# name: targetThetaX
# type: scalar
0


# name: targetThetaY
# type: scalar
-17


# name: exptnum
# type: scalar
0




# name: r_0_m17_G0_L0p3_D0p7_scsum
# type: matrix
# rows: 6
# columns: 600
 2.289481446590798 7.044019054268574 6.628666339354822 6.303290435607778 6.100270039642055 5.864721617319447 5.860419136457494 6.141183407591598 6.679753278316639 7.516539716045372 8.500544759830518 9.724941557731654 11.17262494485476 12.77473564774846 14.64535101431102 16.48853342352959 18.48401214667683 20.62841737874987 22.68879786290927 24.62322154602589 26.3742695760302 27.71165016895247 28.64653307653498 28.93314911704329 28.47480555732454 27.05234632403881 24.51767420578835 22.24427527487933 20.2118407162634 18.26920954258458 16.61665124584761 15.12703929763666 13.76038727727428 12.55884915700881 11.49405698754708 10.50462938462442 9.604350063767924 8.849790657775884 8.088394590558892 7.454402802381082 6.906714279313746 6.351439323443628 5.876211534952745 5.408682070505165 5.019945468739024 4.730476420467312 4.387395191115502 4.208193757658591 4.024149403114279 3.780509867196088 3.598346728525939 3.402704779218766 3.300657713491091 3.190230419886575 3.114023574700695 3.025686179782497 2.896211053091974 2.762591822604008 2.71525201692566 2.65557007073221 2.639882822925074 2.605112368430127 2.575286644547305 2.570707105820475 2.534919124875159 2.50051626637287 2.499805317405844 2.486973104478238 2.481917759625503 2.488673283678509 2.449136269500741 2.473200658154383 2.398192823100544 2.445387647392636 2.425468466641178 2.407020561848185 2.370191757800058 2.409002331831289 2.413060667378886 2.392359604113153 2.340734045210411 2.354881623159599 2.318567348986107 2.307865122045769 2.278574689988091 2.346970837425033 2.343981433790759 2.334964991670859 2.28299149713348 2.317721588879067 2.341529641747911 2.30055076258941 2.335077934163564 2.360743410652503 2.336262430057104 2.344500161951146 2.362336238476018 2.392050028865924 2.390859798862948 2.394158446360962 2.327688707402558 2.318053397313633 2.361559160923207 2.293733460523072 2.352219031825371 2.319703737695818 2.305819763692853 2.318809336127742 2.325227568147966 2.281374830850837 2.265631539612514 2.182696408177435 2.23622925935706 2.171364808506041 2.203949830072816 2.188680617982754 2.233729395884438 2.249904695117948 2.270290603610192 2.294412455208658 2.310024607953892 2.37547879327758 2.381961997620238 2.330445044608496 2.352378324801975 2.309954242984531 2.339386952557106 2.309931439067441 2.297430327002076 2.26732221700513 2.274960065820778 2.288996214789222 2.222172254274483 2.254149514305027 2.242353775767697 2.220407736562265 2.241316171399376 2.26402086775488 2.262278717011213 2.244283504325722 2.219602776924148 2.199750168054379 2.241206194536062 2.312614589237455 2.316212547841133 2.268909308681032 2.256708843218803 2.269891565854778 2.330719300200144 2.306038700109639 2.280770728033531 2.345624965913885 2.336329968804421 2.263000176433707 2.235962099875906 2.251931050321218 2.242830973482342 2.298591773062071 2.319193812338199 2.291801044280874 2.292141850982716 2.270284065503802 2.3089255142404 2.309199216382694 2.313520801424602 2.264265385420003 2.246740980983304 2.240325965314696 2.292429918525158 2.263634736085805 2.319755837525008 2.279199000666267 2.298972478471114 2.284357811578957 2.326761927368352 2.343225299628102 2.403280362217629 2.387292828159843 2.345379914077057 2.393083415558067 2.388149557293218 2.435940266826947 2.376016236368741 2.339032024654443 2.305261045730731 2.282106873164594 2.323514229854482 2.301064765786577 2.287876259546465 2.284280569507246 2.261386571150069 2.231953571117629 2.265990270061593 2.270458961396798 2.240943900469574 2.233782930721645 2.24909732586093 2.285158506841981 2.200977380249242 2.22922684893274 2.222909122341662 2.22906700205931 2.223184699934791 2.278668534028839 2.238205573165033 2.306730214557319 2.312270282458485 2.262128474849305 2.224911349048853 2.185860390633025 2.195263856872771 2.20888963640391 2.222327666568162 2.277147532608069 2.205571053636959 2.271927709698502 2.236367993165914 2.219053614293443 2.279208404936071 2.245762850063329 2.292943166296027 2.282635823474266 2.302024423661351 2.271326931666408 2.282623040009639 2.305741260426657 2.348868910714373 2.344405731375446 2.329433201179199 2.326279449429421 2.291777045258641 2.324703375076751 2.295191710978543 2.311680758422881 2.314125430079002 2.305233002925888 2.301271963429826 2.355168586442232 2.252768612142972 2.254348728740297 2.346293016220443 2.369866465356608 2.376589025396243 2.365698707013507 2.403852464994998 2.366054767240712 2.292471425214899 2.278730236241245 2.309426364754472 2.275046611668586 2.242494751681079 2.253120819172182 2.265392836045066 2.297920557943144 2.270719407075376 2.242747616466659 2.223714428979292 2.255116619657201 2.253131731184112 2.273139070464822 2.239665062603308 2.198421387332928 2.17979942902457 2.198094716273772 2.263158302845113 2.28143437615654 2.343982040853007 2.295840998696804 2.271417722669867 2.261754388382087 2.223470573542727 2.231744377624636 2.253657152659798 2.229774956074834 2.265830677384656 2.294841671038739 2.272885945105372 2.261388175880711 2.240773042882211 2.296065298040048 2.26848714640073 2.263250956726552 2.270574978145305 2.30667450139299 2.305407234483937 2.306560670422186 2.307904197456082 2.306745686595605 2.367640640222817 2.283418077990063 2.340195833778125 2.28384891099995 2.310317694296828 2.279645357230038 2.222639875199093 2.213946315227076 2.218973231476411 2.246222477308038 2.294140113219328 2.292096551698705 2.288880334619535 2.281349398914244 2.282315193100658 2.259943110424501 2.280690327825141 2.390056581716635 2.4960015343745 2.640931993530103 2.784850164003728 2.942563020509624 3.126234057845068 3.333936917618303 3.604286605808738 3.914302426017457 4.209461211750749 4.514533110461343 4.798725769745943 5.193598724563344 5.590866689057293 6.035830525128404 6.47074501897805 6.899954640255601 7.39417199581294 7.908718302376656 8.491999936937646 9.043239764181635 9.594811213468347 10.14135317063119 10.71067852365377 11.21681626447389 11.67549927990331 12.21055763042386 12.71364838912996 13.17699364349028 13.65821805706037 14.12733580500571 14.66012605169817 15.12310268153669 15.59875729832493 16.17245956130864 16.63458359274227 17.15967509838811 17.66030415889691 18.15505201848646 18.63424734687942 19.04088430470074 19.50995114916441 20.03901067139668 20.53858218675668 20.93303083988576 21.3902950530719 21.83179630646919 21.778142571231 21.00310619124866 20.08047312598501 19.10415181476492 18.11550602704301 16.97715405667259 15.84881157203381 14.53119526945375 13.26743375174919 12.10872507132626 11.15084678143103 10.2825000409357 9.508399915976952 8.741303452385182 8.070732919593866 7.477523593377555 6.980226122802378 6.546759861237661 6.027689838807419 5.656959626925527 5.342131076805344 5.020961801288649 4.690852873867698 4.410783048893791 4.162595260262606 4.007296929041331 3.852436046912771 3.744611251568131 3.584838388567732 3.452548227771331 3.307565827855797 3.170511334334151 3.086953205802274 3.010936265538476 2.853169054276805 2.878301378397737 2.810270762529399 2.748980325297453 2.769969135479187 2.745739405829227 