# Created by Octave 3.8.2, Thu Jul 06 12:13:45 2017 BST <co1ssj@node117>
# name: result
# type: scalar struct
# ndims: 2
 1 1
# length: 3
# name: params
# type: scalar struct
# ndims: 2
 1 1
# length: 18
# name: cleanup
# type: scalar
0


# name: num_runs
# type: scalar
6


# name: dopamine
# type: scalar
0.7


# name: targetCross
# type: scalar
1


# name: targetLuminance
# type: scalar
0.3


# name: targetWidthX
# type: scalar
6


# name: targetWidthY
# type: scalar
2


# name: fixCross
# type: scalar
1


# name: fixLuminance
# type: scalar
0.2


# name: fixWidthX
# type: scalar
6


# name: fixWidthY
# type: scalar
2


# name: fixOn
# type: scalar
0


# name: targetOff
# type: scalar
1


# name: targetOn
# type: scalar
0.2


# name: fixOff
# type: scalar
0.2


# name: targetThetaX
# type: scalar
0


# name: targetThetaY
# type: scalar
-7


# name: exptnum
# type: scalar
0




# name: r_0_m7_G0_L0p3_D0p7_scsum
# type: matrix
# rows: 6
# columns: 600
 2.344251978678585 7.070320257458661 6.748424900223199 6.344534466097684 6.119069159982246 5.945382102690928 5.95641718000843 6.192545822166721 6.651213894598186 7.408042307622964 8.404116109613824 9.657716239147703 11.18117564421846 12.87701759711126 14.64932193505228 16.57263187366334 18.59443738942355 20.68363829050213 22.74467518114398 24.66335387260187 26.46927764767315 27.85228043340612 28.81430856279621 29.07744345560059 28.5416255166474 27.11055378985475 24.69836776187185 22.42728022087977 20.32163636349378 18.47105487942827 16.83851291912288 15.26636456266715 13.89113861520309 12.59971735645377 11.52242227500028 10.50072866027404 9.638531469787267 8.844887687300798 8.082896205018187 7.441995933764701 6.885002738366893 6.357624368043616 5.910911593658511 5.497217052445194 5.167244460069014 4.861444851952911 4.560715995590726 4.181130376990041 3.988923827117105 3.742012789985893 3.498341381069622 3.344829384057448 3.229595140728634 3.129036709953652 3.096735413761053 3.001912264669954 2.925207524385769 2.873454862372455 2.787438175699208 2.720165573729901 2.656893960574962 2.655276916510047 2.652205446793232 2.595538960703379 2.498821768065682 2.516142781572853 2.467206465025811 2.453710093630434 2.473276933313173 2.466569606644043 2.425183253344585 2.370657583534921 2.381398039389751 2.337947731961322 2.294352687775245 2.254618464290616 2.222824349759321 2.181601088501338 2.213095551080187 2.228880381782801 2.211988206918249 2.227499185923079 2.234365026874002 2.29186267714249 2.31683591552428 2.335672029832494 2.272167772098328 2.29314645229897 2.293552788250963 2.326790659062681 2.297873503786832 2.354818029220041 2.352559382954496 2.327888774027087 2.347533898482652 2.317575215536635 2.324071344177355 2.385980863694385 2.329603955684433 2.294756839375623 2.334912156376959 2.388024539042817 2.316682955151919 2.289920016151882 2.347868058139284 2.318115392507025 2.296147798020684 2.349567228193337 2.374790711175592 2.286133385397989 2.299248243612965 2.287297799201042 2.308175863083306 2.259295573399868 2.254371156715933 2.215199335601937 2.222027327519754 2.234368540848664 2.262830287319957 2.208684485725826 2.256167293955514 2.248666330204287 2.227558920345473 2.248943805338058 2.264981907497713 2.22056031028842 2.198059585149167 2.233121774759638 2.213694340094662 2.207431822735089 2.220662725436341 2.267080802128476 2.225020189467614 2.202899993673782 2.217851859853909 2.274021391291171 2.26252180901065 2.234352939150995 2.251798549463274 2.215581893171475 2.19567647108488 2.213368070384604 2.230416638194129 2.180960955112823 2.119340915836801 2.089471904761922 2.103890971169676 2.200757382948723 2.244716514767788 2.250371826812625 2.239875126942934 2.269682776382979 2.270081593706891 2.280947218510846 2.329903409001417 2.294435996780521 2.299266708429059 2.260482791065442 2.286527391734126 2.277036665636842 2.278636491035286 2.341844260889047 2.325931702706384 2.271517504586882 2.275943335753254 2.266594637349044 2.246506212963141 2.269025393314223 2.293757258097685 2.332040258086636 2.327130394056439 2.33043323997299 2.291287384578027 2.279070590302581 2.252797866342007 2.233967964202748 2.215064517040446 2.190432078081358 2.256676625762339 2.248515299939754 2.252334129225346 2.18767465918063 2.248285759709688 2.258813734450086 2.28839995245653 2.250736777743441 2.260054661848699 2.225105040372 2.223287927159618 2.201704630879249 2.192140197344997 2.171296055807034 2.217379674963013 2.264682579516375 2.320352269009163 2.281977158672817 2.263715872526518 2.309413101662358 2.209868009307684 2.24370364549759 2.26137132724034 2.251133103640313 2.267577768270712 2.336746350010799 2.287269903281413 2.253224968106224 2.265496877625992 2.252506042816094 2.245520246462547 2.246411539839755 2.22429312886743 2.242290710342786 2.24518199533486 2.266231637528108 2.287488561161808 2.223391725121473 2.247909127712774 2.232012326980112 2.261385983736545 2.310708503177011 2.25713131291559 2.256891275130329 2.209613812054158 2.283052666758522 2.280007161843059 2.254422995676578 2.2440136547375 2.23835835425416 2.246918869817819 2.222881271845836 2.227676345897635 2.16187214047568 2.18153877864097 2.178810043438716 2.195644096806063 2.191517872844997 2.22563211108718 2.266939065320912 2.235109322849894 2.200346946829086 2.218765776327928 2.185525000786583 2.103630007815809 2.110449875279301 2.158903884941537 2.143550949331257 2.17086061797454 2.209524176818377 2.162022870579676 2.183949966027285 2.253392137010451 2.27984727488365 2.294725480845955 2.24585236204075 2.265768023135024 2.288110413736604 2.271438758936711 2.270759530852956 2.319361898775242 2.253754307508643 2.271242391099804 2.244934450642177 2.255461550281325 2.19988218583967 2.19739626908995 2.192665057154954 2.238440381705004 2.244088299688883 2.253979109864304 2.257525117543992 2.238038092116767 2.320322366162145 2.435774107403631 2.49788171138789 2.661531667468807 2.866137291341147 3.108975255690893 3.342229916204815 3.704240384045988 4.091812543352717 4.581090728403069 5.143719290026638 5.814180197379756 6.52395080414135 7.21387720733037 8.04635277253692 8.896559267988778 9.830325238668593 10.83478098567139 11.88660838348005 13.04572527795972 14.2438830250685 15.50053411415138 16.73672332781643 17.94675721442036 19.01884368748142 20.09617578345933 21.21428849676522 22.35691008061258 23.5306746570277 24.67905612796312 25.68995771014852 26.62593808283054 27.55200032462744 28.44350642569043 29.32079119590298 30.21699016481944 31.07116912784113 32.02966701892001 32.97151326548556 33.95512754594893 34.97151414654581 35.87615506107795 36.78818113143643 37.65177691112331 38.45360858485947 39.29804527965098 40.09525315456995 40.84056657138353 41.56422587045745 42.30885977148318 43.02008740800011 43.6834422338361 44.39858013057528 45.1226289545848 45.9030520842789 46.70681976282503 47.50450592752895 48.23840433875375 48.9380691940969 49.62727267798346 50.30831549004142 51.01493729785579 51.68307246533368 52.32360710709327 52.51766752500043 52.12187153465129 51.03769374057265 49.48090364650125 47.81839372310787 46.17307579493081 44.5642464247212 42.87167462160505 40.68922346307954 37.93239710239868 34.37508906942094 31.17167607678493 28.25106112250432 25.64847216217095 23.38844850434907 21.22192419240309 19.3129986380809 17.64568981427692 16.11861749253148 14.74898292560465 13.4991334672377 12.35351352158068 11.32112252670049 10.42157641816357 9.604339001714834 8.87173749451722 8.162570945598418 7.566359784104861 7.059622554697853 6.633873808550561 6.171763302432737 5.79135280745686 5.533668480690721 5.168036807477165 4.854173699925013 4.593651022547419 4.372898243571399 4.123206022180966 3.939574376789096 3.782002850886784 3.633643850198496 3.543174159902264 3.401695544693212 3.215412403802475 3.086672371144232 3.03964458295377 2.950444181242347 2.865560213635035 2.79598017725948 2.790635498327902 2.721507224423476 2.644629930582596 2.54283815369854 2.507341123755396 2.427075056044487 2.377401516061582 2.336487436650714 2.30489259265596 