# Created by Octave 3.8.2, Thu Jul 06 12:13:45 2017 BST <co1ssj@node117>
# name: result
# type: scalar struct
# ndims: 2
 1 1
# length: 3
# name: params
# type: scalar struct
# ndims: 2
 1 1
# length: 18
# name: cleanup
# type: scalar
0


# name: num_runs
# type: scalar
6


# name: dopamine
# type: scalar
0.7


# name: targetCross
# type: scalar
1


# name: targetLuminance
# type: scalar
0.3


# name: targetWidthX
# type: scalar
6


# name: targetWidthY
# type: scalar
2


# name: fixCross
# type: scalar
1


# name: fixLuminance
# type: scalar
0.2


# name: fixWidthX
# type: scalar
6


# name: fixWidthY
# type: scalar
2


# name: fixOn
# type: scalar
0


# name: targetOff
# type: scalar
1


# name: targetOn
# type: scalar
0.2


# name: fixOff
# type: scalar
0.2


# name: targetThetaX
# type: scalar
0


# name: targetThetaY
# type: scalar
-9


# name: exptnum
# type: scalar
0




# name: r_0_m9_G0_L0p3_D0p7_scsum
# type: matrix
# rows: 6
# columns: 600
 2.277697335022822 7.016219189004914 6.617591883485147 6.333249372553837 6.075202363390417 5.94602426147685 5.949993634283601 6.185065260651754 6.583385370899123 7.354037058936228 8.367947014878155 9.681099315293977 11.1430025991649 12.84100114145986 14.64748675398005 16.59153438260546 18.66856774182816 20.78115794737096 22.82530425579171 24.82648166768922 26.50491670849715 27.94486755339312 28.83653730325022 29.16972680171602 28.70340873417445 27.22608271573699 24.71157470220351 22.34929626037228 20.24837446704623 18.39076642217515 16.67659349490714 15.19189014455333 13.81332062751608 12.57289123757801 11.4348511756034 10.45030644920917 9.548752433762274 8.788473160588183 8.11426849520285 7.499624057421897 6.935717198492057 6.424699696101015 5.971181101407637 5.516476932149089 5.071373303308064 4.705213627825287 4.501504056539488 4.233700816705095 3.970311984845466 3.751239635370439 3.569240508761141 3.397626727996339 3.298809946674737 3.149834582960466 3.062047812419223 2.999932995655399 2.930237397144083 2.850144740186806 2.749546125629422 2.68484523596635 2.605361573725531 2.563219222776752 2.521510999093152 2.476194751783623 2.466947975586663 2.460214983490005 2.458654246729566 2.41940032216371 2.455108718855627 2.447741753459923 2.420712157127127 2.394240757432271 2.326662672334351 2.336653802176443 2.344453774356225 2.357308082227974 2.369836336954904 2.423146114178962 2.424901684273209 2.401026273375464 2.384001924765471 2.400590502209525 2.4016707431947 2.377575614455054 2.369442781215184 2.342804154708574 2.38291974429012 2.430275849295867 2.42399277358345 2.470057614518737 2.432431480836385 2.435361857085809 2.366638916580996 2.361157879677194 2.346805502078496 2.356174908345565 2.335829498266321 2.364426893365817 2.332476333634986 2.292409691981447 2.340996238948719 2.249031531107903 2.25697261204914 2.298879941517953 2.251542367494039 2.255058927050413 2.265189313282463 2.341296372251236 2.305963454833545 2.333709588769125 2.338652917715081 2.345126435269776 2.292626652673789 2.326887317638466 2.314939104311634 2.332619558628721 2.262889351152353 2.271895399423556 2.28303248982229 2.294880456269311 2.287825518556929 2.262453028230084 2.287694019025366 2.320980100159431 2.316335939678538 2.244057895637525 2.251813807708459 2.26398714921379 2.246033957311738 2.271201416486292 2.276466469069419 2.268009803836321 2.287989525764715 2.300628049466468 2.316987425780098 2.305683871632937 2.27165200158197 2.263173098261177 2.273349388276984 2.252398422220722 2.247966099123005 2.284569142389955 2.311453245092707 2.294507323382277 2.30086734743054 2.326148430576723 2.278119946771767 2.270184115113807 2.320841308613126 2.294312337067822 2.354899125974043 2.295704011245107 2.29190660628592 2.318141090399877 2.308552521597449 2.334058484397247 2.325821716163546 2.290866375209589 2.252839216202119 2.261197914536751 2.209847778787662 2.214927971093857 2.193751132113903 2.202477263781475 2.236150848122634 2.205530856990663 2.204365029476321 2.19668941006239 2.253641737948783 2.220932410960813 2.249610114124152 2.26594419873436 2.272844002007332 2.267011907071719 2.259468200638366 2.308362708266941 2.282980887266604 2.234853611393191 2.200226032744467 2.272084653806814 2.239326547656674 2.244741600254201 2.251734169392876 2.255484173274453 2.301525372866308 2.299509139187649 2.286452000917052 2.294308574768365 2.30585254993639 2.314806087048055 2.349310267454712 2.324714256577863 2.289078922476619 2.299900548097867 2.286262546316721 2.266319316895533 2.307818614317512 2.323322431137058 2.333880257139754 2.322897494450444 2.311459772303351 2.282893019335461 2.31972683967615 2.341803349481779 2.334625339721242 2.343069725611713 2.284571023650642 2.308411370226167 2.279515823393012 2.238746266299131 2.234181734304002 2.298038524764706 2.262958844046807 2.253346077024617 2.258608976431788 2.265754447485961 2.220475918395096 2.250964010214375 2.179827832042065 2.184169753563765 2.232907173311105 2.245240537824429 2.235608369359397 2.25538366974979 2.269446186706773 2.253026344307727 2.202236555713171 2.299272288069915 2.248652951842814 2.239086327317636 2.214012363617258 2.202359254566545 2.243925527654937 2.23954014890478 2.26657047856861 2.181618160189828 2.243450142545043 2.279482305715646 2.251303541226662 2.184906519833021 2.186954722479641 2.201319675521518 2.19003590342254 2.242300391234494 2.264847964139335 2.304727682982048 2.299198777138372 2.246042643136207 2.272817932316684 2.241887707932619 2.237903632678353 2.278050582608557 2.249561430646281 2.28746429336752 2.293477064476974 2.255590754444711 2.281719649930892 2.269701534813066 2.261797497922089 2.277523343027497 2.228359219596314 2.255162633056898 2.206658272459208 2.226192195928888 2.275759759530047 2.231158972033882 2.204354532492289 2.235461732325348 2.216793125349795 2.272356236746418 2.29815618802786 2.259656710291893 2.319904974181554 2.378480244682578 2.511420805487433 2.754460223513888 2.919090817253164 3.170194424117653 3.479678648822301 3.85136300601971 4.16602995534231 4.620728490943293 5.127390762856521 5.683294560762079 6.355483253624698 7.075541696587607 7.924156761706399 8.792501747651841 9.694542078301311 10.66886465176322 11.7588458070386 12.87203279963705 14.02631480650598 15.20828739638819 16.39701416297976 17.58314783626702 18.78789842110564 19.9157398008756 20.93452517951664 21.96341619127998 23.03647635981361 24.1203594972867 25.1819900006376 26.16520201249659 27.12967732830293 28.08119305670698 29.03043279234043 29.95381238757909 30.81749832834612 31.70281441078623 32.59483393911432 33.48014349161713 34.38292761923003 35.25957625131377 36.03140711095512 36.80968066639252 37.55905197321772 38.35765637193253 39.18240579235862 39.98849359757878 40.79125733106775 41.56327215657075 42.31651605966181 43.07760229727137 43.8347292038743 44.65565474810137 45.47100270737428 46.29496005743567 47.06377581397101 47.78592544214916 47.88655670545268 46.99680758637578 45.49033447269176 43.90231320370185 42.31543329972646 40.66218485981517 38.98478322119627 36.94317820189826 34.43259937908442 31.29132567865599 28.31914309001877 25.65581173673854 23.37123250767763 21.28152056026738 19.34650939138737 17.65434921289307 16.12375739158597 14.79770761672989 13.54992186417803 12.39166701079375 11.3853569750645 10.44732989972545 9.584358001633518 8.923770680990856 8.325340259623772 7.705988509806048 7.097804612698383 6.648349023624178 6.199886277241603 5.789574238049681 5.470236856140218 5.210051005495188 4.885530147803365 4.638048588873062 4.400025285893207 4.175348954893707 3.996263073036971 3.792225476812746 3.62349173988332 3.521799795958941 3.382477651190129 3.260463447149959 3.14795468614102 3.021337808404496 2.886222170403926 2.813386137859197 2.743791210803465 2.711335164691263 2.671877809370926 2.635182945174165 2.687602173300547 2.664402013034305 2.580495127549511 2.526970353108482 2.505303069374349 2.53287883071971 2.564406828667416 2.521166656779315 2.459769275852523 2.476966592286772 2.490331144530501 2.555077610209992 