# Created by Octave 3.8.2, Thu Jul 06 12:13:44 2017 BST <co1ssj@node117>
# name: result
# type: scalar struct
# ndims: 2
 1 1
# length: 3
# name: params
# type: scalar struct
# ndims: 2
 1 1
# length: 18
# name: cleanup
# type: scalar
0


# name: num_runs
# type: scalar
6


# name: dopamine
# type: scalar
0.7


# name: targetCross
# type: scalar
1


# name: targetLuminance
# type: scalar
0.3


# name: targetWidthX
# type: scalar
6


# name: targetWidthY
# type: scalar
2


# name: fixCross
# type: scalar
1


# name: fixLuminance
# type: scalar
0.2


# name: fixWidthX
# type: scalar
6


# name: fixWidthY
# type: scalar
2


# name: fixOn
# type: scalar
0


# name: targetOff
# type: scalar
1


# name: targetOn
# type: scalar
0.2


# name: fixOff
# type: scalar
0.2


# name: targetThetaX
# type: scalar
0


# name: targetThetaY
# type: scalar
-11


# name: exptnum
# type: scalar
0




# name: r_0_m11_G0_L0p3_D0p7_scsum
# type: matrix
# rows: 6
# columns: 600
 2.293443507747725 7.027494551046402 6.729985809004575 6.361134281061823 6.107495104688496 5.878980342320574 5.897629779843555 6.132749721036816 6.591817510132387 7.312323113936145 8.360883948429546 9.637643271482375 11.14957798746764 12.73837039526188 14.55847438113778 16.5563178163502 18.6264582819058 20.65763127429454 22.73974672723125 24.62176601331703 26.34361949268714 27.66523709327885 28.56914018526004 28.92556906117898 28.44843702096841 27.0289945645336 24.50367865347289 22.20467456958431 20.14959985869064 18.22724925152579 16.53422374399088 15.0321585453421 13.6828473664973 12.49991343279908 11.4210482849885 10.45221142735318 9.580187611289148 8.720297597701574 8.051888597510697 7.427161588624585 6.890105573969777 6.36330330972487 5.937444002694974 5.527504492485605 5.077368449135975 4.732671281562943 4.357486907858402 4.136874402032845 3.887273852617 3.663856006782225 3.464063586485281 3.299928832333535 3.215286512204329 3.070262450819428 3.01486615927206 2.956713487998059 2.86113609401491 2.817188925451774 2.766703745663108 2.703285628260346 2.636999678281427 2.623346830376249 2.621613294031704 2.604369916247379 2.571499548623251 2.549677354578307 2.523235700369696 2.462249570100539 2.415237383891508 2.414542336060549 2.390843014305574 2.439813975433935 2.393019172875938 2.443426801895839 2.424246504990151 2.462309147842461 2.46060725874122 2.433622674856451 2.387416395249602 2.420861180922657 2.326416180578235 2.348470073098724 2.332010978483595 2.288051165713114 2.317134534518118 2.267179040001793 2.303361018988653 2.277621729415841 2.266351358844986 2.257238111786137 2.239348480694389 2.206969312532237 2.204175788880093 2.208398730937915 2.287559930919087 2.29558412177721 2.26842346590638 2.274830087344071 2.238649377868569 2.261567130117328 2.273090811970178 2.267129722888058 2.256265556445214 2.24785490812792 2.284908568408355 2.351155127897073 2.258465182079817 2.250954885028477 2.275309830853075 2.267251865479921 2.283832643974165 2.265768031880725 2.320424573284981 2.303586508001899 2.299926745585253 2.269513033932526 2.251177753285447 2.282216844319919 2.274507524776709 2.234609309089137 2.219946349672682 2.248875336921628 2.238057463015139 2.258088871916698 2.279449354013195 2.27830837179863 2.299862872911035 2.341807433389477 2.324377777860718 2.339813663695168 2.381126172265795 2.326482535412651 2.276703269599238 2.233248161724987 2.2686058149975 2.291911636457371 2.301596037112176 2.241200886300248 2.216884675985057 2.196270265179919 2.166248563455156 2.19034345606633 2.213692371180514 2.276593988935929 2.296781963039848 2.336986559083016 2.268799987974489 2.280280412960565 2.30032686753475 2.268686248793529 2.340526633997797 2.349961534057002 2.33863235354147 2.31762299744787 2.276805430738023 2.284936710679176 2.291346653779328 2.260143817104108 2.304050662114605 2.237328493542009 2.257874486655055 2.259139177927864 2.260584317329631 2.268194037365902 2.268379574827122 2.270948250850779 2.288674285060551 2.251216735980961 2.247724640765227 2.232773091956915 2.273269588993571 2.29190190967347 2.233566529410382 2.231216413129005 2.258853215176714 2.26427661935486 2.292410444104462 2.318042898587009 2.295293382994714 2.258500291809469 2.204738751057448 2.242439597874181 2.250917095123441 2.271318908438843 2.26583478655084 2.240895890528918 2.274803451840853 2.247318501330483 2.326696023807017 2.339868359409593 2.344934786458907 2.30292472353176 2.269188344584109 2.288423690399213 2.311621921980986 2.338521231293271 2.37364739777513 2.330596127012541 2.316850500933469 2.300476421733038 2.316971776694118 2.332457512828114 2.344475573227101 2.29949088018293 2.365011990503717 2.356964863352914 2.398091687904525 2.461630888152285 2.44167433687835 2.41693725935329 2.373187279745252 2.346605965096387 2.332583276678633 2.333801574093741 2.3871485583295 2.315091651042167 2.292929559516779 2.327574462397024 2.294404467043933 2.308573809423251 2.341763430773426 2.366045594568277 2.350238147504569 2.314998609421309 2.352853412172408 2.337124179168313 2.350966117901407 2.345246205302828 2.343082450089241 2.3703868844932 2.336295257686288 2.361833717965055 2.338605485419976 2.355929197117803 2.326533920200745 2.339492314906238 2.298709090529883 2.24935396337969 2.258068636805547 2.259952486248949 2.29629792792548 2.253585944112274 2.265659465832869 2.266991751490423 2.291685165295348 2.291953746815125 2.282427500886115 2.303599397426296 2.247454343640129 2.248555405867592 2.2384834452414 2.238805666311237 2.282587849844276 2.294714002870023 2.319768378580193 2.33162485064895 2.317945150065498 2.345712058997378 2.345427386113442 2.353881324794202 2.328585209572338 2.365721010915877 2.339350270529394 2.356529755699739 2.361659769856487 2.364387490233639 2.347893898436269 2.283055163832614 2.282589307174931 2.244524871739486 2.238581806966977 2.220918023353079 2.204617642666562 2.234744980043615 2.261295777199848 2.211901690823652 2.204275324264017 2.219876317049966 2.301574903860455 2.337196145124835 2.499835021713807 2.60090693215534 2.749797692762513 2.955472654517507 3.228782355799922 3.563944049768907 3.961058974004118 4.47388957217845 4.978028821558837 5.513354318398342 6.136689008617395 6.782951430294816 7.528637832594541 8.338777112491698 9.165507513578632 10.03453226253623 11.02686701654238 12.04511179236397 13.004574104727 14.03232224693784 15.06648056045606 16.05494192852348 16.95653085644881 17.91956278380894 18.85867101287636 19.71712318482241 20.4640007179496 21.35448294838898 22.24919480705285 23.13031702162334 23.9875920864979 24.76423341625014 25.58704533826676 26.37066099256117 27.15577229394694 27.90301838952291 28.60770916700494 29.26984876356437 29.99643258356809 30.71823070423488 31.40920248690236 32.16469248531212 32.94543036619143 33.6024894929069 34.23521248182442 34.90066991553249 35.56828657472215 36.27087978974305 36.97222920162312 37.63540176020615 38.33725297346245 38.75155682950208 38.25803824573813 37.04630654827633 35.67656782579434 34.46338369935984 33.06161876318947 31.53922869104281 29.80975271069474 27.73730290475214 25.30702947083773 22.92220091634954 20.88886274501419 18.98166197735736 17.3388546779388 15.84095813869499 14.44660623148866 13.24337013913464 12.1245153435375 11.04558150413141 10.20247810520959 9.364629146664811 8.641274528861686 8.065333438007656 7.456290011890815 6.966500260507019 6.518826573872502 6.136437849574577 5.731714064113476 5.341902948843199 5.088687980016402 4.80293943640936 4.490893624433738 4.259560733633407 4.065442305554825 3.82652343672089 3.614902829824132 3.481556978840672 3.385214855868981 3.264406617337954 3.13318777774839 3.014961012657295 2.942664133617654 2.912666874501156 2.853730335744331 2.811749121552566 2.736060662784439 2.649367772090045 2.657704561001083 2.652432380375103 2.663428528088843 2.607155588175374 2.604133942488261 2.561615666018042 2.550840974665334 2.514439818936808 2.463518056636531 2.481079005407082 2.481544902428141 2.483540275570704 2.500731249339879 2.443830881045869 2.453998458702699 