# Created by Octave 3.8.2, Thu Jul 06 12:13:47 2017 BST <co1ssj@node117>
# name: result
# type: scalar struct
# ndims: 2
 1 1
# length: 3
# name: params
# type: scalar struct
# ndims: 2
 1 1
# length: 18
# name: cleanup
# type: scalar
0


# name: num_runs
# type: scalar
6


# name: dopamine
# type: scalar
0.7


# name: targetCross
# type: scalar
1


# name: targetLuminance
# type: scalar
0.3


# name: targetWidthX
# type: scalar
6


# name: targetWidthY
# type: scalar
2


# name: fixCross
# type: scalar
1


# name: fixLuminance
# type: scalar
0.2


# name: fixWidthX
# type: scalar
6


# name: fixWidthY
# type: scalar
2


# name: fixOn
# type: scalar
0


# name: targetOff
# type: scalar
1


# name: targetOn
# type: scalar
0.2


# name: fixOff
# type: scalar
0.2


# name: targetThetaX
# type: scalar
0


# name: targetThetaY
# type: scalar
-8


# name: exptnum
# type: scalar
0




# name: r_0_m8_G0_L0p3_D0p7_scsum
# type: matrix
# rows: 6
# columns: 600
 2.310403013296309 6.985694556235103 6.687877071333787 6.315048735494202 5.988825245192857 5.7928422899422 5.824731859598614 6.055422650984838 6.617310000921862 7.404315617350221 8.547337617535959 9.804129953256052 11.1702366884565 12.77493948812116 14.59592637090827 16.60927986436946 18.56694649242127 20.67619403349272 22.74595592355763 24.62478286623264 26.29745627459124 27.66539131620812 28.55965369488695 28.82550582007389 28.27204139883906 26.81624261092475 24.27309037799205 21.96181133181744 19.9812538344122 18.08421186522173 16.43582102761138 14.91275795104593 13.56078136030555 12.39937648635168 11.28351545239275 10.33312329944602 9.497038582230743 8.747015808887227 8.04892729522544 7.412547878160694 6.921754547882301 6.376282503195398 5.910518937598681 5.452219592851179 5.048376085243945 4.699836567962848 4.482601829906343 4.23698460716696 3.999715107187512 3.790343099917663 3.57449339323648 3.392554136148647 3.330661971365771 3.213133739320256 3.107521494363027 3.010310008026863 2.922043287035194 2.797762290945684 2.791520528837282 2.760624363938405 2.691593462564924 2.6580831761421 2.575727808689408 2.544238414142455 2.496317082102905 2.425494022852945 2.471745067869051 2.42056910163592 2.343445367425375 2.367295123491203 2.347133229339306 2.305847031759185 2.30660562625053 2.31500059019254 2.359452328786574 2.360853791404224 2.367732916289242 2.348896610830707 2.29245055519641 2.262897813208838 2.221638468730816 2.179923932591464 2.202628293183807 2.288458951530629 2.305836178347818 2.28194125013033 2.227105317178939 2.217943809915596 2.184855682342459 2.200404805062135 2.221317227194959 2.225213200908911 2.201651195086015 2.196139006900921 2.207153228446259 2.23365434948937 2.28753606290411 2.306766364706164 2.269750136238144 2.236547007054469 2.22701333288569 2.270643602557357 2.243189615939627 2.270501559520198 2.320240335066046 2.339718444738537 2.272049711198633 2.276967281584803 2.304736150867029 2.27148906414368 2.313443507042393 2.332560131471837 2.273386820046653 2.273620184925676 2.309558441163972 2.259281389004173 2.287682212790969 2.271920547056652 2.332792539666116 2.322917188212159 2.355139222454454 2.334488313879774 2.382527024312367 2.399509558810678 2.377657867109519 2.355478867480997 2.359703648111463 2.384334829373984 2.39758634529062 2.408654186026979 2.412326225006836 2.421678458522365 2.4306527048102 2.426522996029234 2.509193352423608 2.515911807087832 2.43699187340826 2.525448676489759 2.508749823961352 2.494962809117169 2.433016358867462 2.437881799229217 2.426709869745537 2.391566101628996 2.369588503694104 2.352393904468045 2.339340582715522 2.306494167685742 2.245551025396708 2.242834444579785 2.257275355274032 2.258046570932493 2.241020774272329 2.266555903781409 2.295987342355147 2.300271976782824 2.308700497786049 2.289468858083637 2.263082013618259 2.287884783632762 2.326663359672239 2.333071257198753 2.330724771672976 2.311502912227297 2.289735587233736 2.305561030778335 2.315814956418762 2.267957964919333 2.21139983626199 2.284347134711425 2.294765466373974 2.332924613208888 2.253101727954345 2.295477392071916 2.303632742583432 2.329159604691085 2.345439886150416 2.329283747822046 2.362245242162317 2.269058229434449 2.245140389335575 2.219155578577556 2.232741614381666 2.226047702602045 2.214897994283092 2.227083770365425 2.253940439135476 2.268652539962204 2.233269450221997 2.263239131410955 2.280632758564025 2.287178643149673 2.263199585628172 2.2375034168399 2.227794015379914 2.28633488266496 2.265792063524714 2.233747036348177 2.329270525173342 2.339270474760269 2.28637270494437 2.341292558528949 2.320709595765948 2.343665651205811 2.348119979229523 2.371202184192953 2.349656522550504 2.301824236648827 2.260491511609871 2.280291628983832 2.279072028806695 2.250185611184861 2.281127573760386 2.291254176881012 2.332847313263755 2.316653306168519 2.292153202826739 2.27935827926558 2.285822856058076 2.256366568573867 2.314973005279171 2.320498236520507 2.371025558029942 2.387915829880512 2.384881818099529 2.408431716008636 2.382786718852003 2.357165392484603 2.285689649830601 2.345741444196392 2.333997992183868 2.346136842548731 2.327933064747413 2.339545454422478 2.335000160430354 2.326906227757718 2.328605175825942 2.296398603568377 2.316509839634818 2.354839150444604 2.380766295791545 2.357322666883192 2.337986253303825 2.343990672896325 2.289309442265221 2.305078652452721 2.30338212794959 2.269839484542899 2.313525767756801 2.288514260886586 2.264349030687299 2.291405713556742 2.288533717030077 2.22758298527333 2.160012124220884 2.215783049924994 2.221849381510765 2.228695492172847 2.206162190715986 2.22849561381372 2.245646551935351 2.2507209055766 2.287592776800011 2.293159486609511 2.318610361890023 2.340411566645344 2.314042883717775 2.325280304790795 2.3550724642555 2.316078522992029 2.263957138489786 2.33611929570543 2.389798567943217 2.497287002021039 2.606547342726117 2.74127063341939 2.993754843202623 3.366519817391236 3.684799719701914 4.124350405803852 4.717563111811614 5.363240845552355 5.978888011773961 6.696152234449983 7.547144229036348 8.357090158926439 9.182853747057379 10.12810057922616 11.16269099455531 12.29297804676025 13.49314483010403 14.74997075802821 16.0180547529738 17.33236435127037 18.60839557759755 19.83761470312311 21.04657869685252 22.23539552678994 23.38726135655452 24.56152567971731 25.78277300384434 26.98501071339342 28.11079903286009 29.15347004977411 30.25261974400564 31.22109535027266 32.13701833079904 33.03109035507805 33.87040916400292 34.69048208968889 35.68890225710857 36.56690907708617 37.40415507539001 38.29249262292433 39.27135783329868 40.2501902777949 41.22437850608185 42.16201521078619 43.14217524249034 44.08795466993615 44.97351297872592 45.71881392567229 46.49395000758523 47.33971389697035 48.16229703610588 49.00952869556022 49.80002047117159 50.52461775729171 51.30258259834955 52.0401670627125 52.77188283642317 53.02280130636063 52.62122460172395 51.59313959681458 50.18812566659108 48.55076782252218 46.74844345057863 44.66486870805966 42.60263396370283 40.23488410217396 37.03513943816506 33.51718491497741 30.39124546740277 27.60651952088665 25.06980238195683 22.7874868493127 20.75536422327423 18.85870652488484 17.19245443882028 15.68566760310932 14.34202645369078 13.11395670746424 12.10025722950741 11.08003245645159 10.17943359550554 9.422820405412494 8.697361562550213 7.954961539420765 7.383435491385171 6.869544542638323 6.379017343693704 5.938574447352948 5.594298684307432 5.297011484573886 4.923418191505334 4.659631994090887 4.413825131228805 4.172491522680502 3.937185606911953 3.809678044381144 3.665450764521665 3.48796536860209 3.388402294513071 3.202778897813914 3.117063985384448 3.033333787097945 2.986148446470906 2.901918498280793 2.811315040948102 2.843304192414507 2.755606580685708 2.637679611270869 2.58314001900726 2.522003632930137 2.519420094358793 2.461237275969324 2.479700768210023 2.455070782776602 2.462153765081894 2.408882773735968 2.405040955374716 2.393843456133254 2.428843091998715 