# Created by Octave 3.8.2, Thu Jul 06 12:13:47 2017 BST <co1ssj@node117>
# name: result
# type: scalar struct
# ndims: 2
 1 1
# length: 3
# name: params
# type: scalar struct
# ndims: 2
 1 1
# length: 18
# name: cleanup
# type: scalar
0


# name: num_runs
# type: scalar
6


# name: dopamine
# type: scalar
0.7


# name: targetCross
# type: scalar
1


# name: targetLuminance
# type: scalar
0.3


# name: targetWidthX
# type: scalar
6


# name: targetWidthY
# type: scalar
2


# name: fixCross
# type: scalar
1


# name: fixLuminance
# type: scalar
0.2


# name: fixWidthX
# type: scalar
6


# name: fixWidthY
# type: scalar
2


# name: fixOn
# type: scalar
0


# name: targetOff
# type: scalar
1


# name: targetOn
# type: scalar
0.2


# name: fixOff
# type: scalar
0.2


# name: targetThetaX
# type: scalar
0


# name: targetThetaY
# type: scalar
-12


# name: exptnum
# type: scalar
0




# name: r_0_m12_G0_L0p3_D0p7_scsum
# type: matrix
# rows: 6
# columns: 600
 2.31360339024468 7.059623660185025 6.694782908372872 6.348921694760065 6.095223536045523 5.896881297776417 5.955970964758308 6.20326699191537 6.694165633445664 7.452045897138305 8.493971346200851 9.716057931029354 11.20155239817177 12.85841816966422 14.75656758284276 16.75769485619094 18.7799226402276 20.87862943005166 22.98019138289965 24.98089713540685 26.58470817661146 27.9375667595923 28.87919598757799 29.15561797831833 28.71920766888979 27.28111816347518 24.79614108503074 22.45258834354536 20.36275090038907 18.41013688272687 16.66116194699498 15.12033786984102 13.74728880036673 12.56738936459806 11.45834648979508 10.47491506906954 9.581912084024225 8.860658848860112 8.162321171461372 7.564793000674399 6.975895222654799 6.377704089871258 5.862770892956178 5.500567147275433 5.177223460235837 4.868658451792726 4.568921872261853 4.335306349814346 4.064266567683262 3.943019749778614 3.770076191485714 3.573833614866089 3.427391119890672 3.258621412764114 3.185615650178079 3.047120013121457 2.877069885005767 2.782163660423976 2.768646736134542 2.67605075303436 2.668065983292763 2.541649688857433 2.504551363927021 2.470858224907715 2.406313352832512 2.40700047844075 2.459900377201848 2.434994981376803 2.442885357078922 2.373879938606478 2.330253619889845 2.295075289766828 2.249423133158416 2.236722760560951 2.229613581697777 2.189894299934167 2.14144692926493 2.170656915248401 2.217167863214854 2.239833730837745 2.277296779924654 2.264151385366858 2.242012987939233 2.220957415942394 2.280222776236769 2.229594689360965 2.218687255892291 2.282813583748066 2.323795693562715 2.370016516173564 2.38630687614932 2.415989431116031 2.448215933996835 2.368507466402662 2.366848309091438 2.359229725065234 2.327985735879338 2.355994800109329 2.383414573050686 2.427242347352148 2.335198158994899 2.32755097142217 2.288886803609785 2.288580147060202 2.263140864055458 2.306438385254296 2.289897512309835 2.292248602148902 2.343850718199974 2.36676928115412 2.395537599721138 2.392309761962679 2.307589980948251 2.286950936788344 2.277181889727217 2.277649021852994 2.318473043604172 2.324990835128119 2.337663609112496 2.344209222906102 2.353383557117922 2.31345965104174 2.312920760030465 2.26194059153022 2.290359091057326 2.3025195848968 2.285050342114118 2.317777350392134 2.352883995808952 2.311571177382575 2.265448935897439 2.253396624735615 2.291397139455512 2.213524645841972 2.209061123940046 2.260983425414452 2.218816150598286 2.219971181206347 2.272682950751914 2.31148242105337 2.321258159980061 2.388540695588745 2.355791968875565 2.301755357211732 2.234808686662291 2.237416145253519 2.249653397662769 2.295356056914898 2.343756994399882 2.286933268658686 2.287484384822164 2.281690471907496 2.329837443827273 2.365059637391823 2.299284326196357 2.361416051651759 2.352514950895056 2.340548537198629 2.369869514564925 2.351708172838698 2.441564146368364 2.461913285838818 2.388606306518341 2.360879648989794 2.383309993041621 2.357070844213013 2.315644139827782 2.36466677091812 2.362721098190377 2.303149907347688 2.267019580656779 2.322455579464076 2.335785178736842 2.343238581350306 2.348934810139326 2.348934318135434 2.349472186171624 2.321257647898165 2.305223509523785 2.287255458068103 2.248009353706948 2.319821541800138 2.309510002571187 2.323581225093221 2.296472832000291 2.261364266501914 2.318861539664795 2.277872665201812 2.314888911845628 2.348948097966058 2.298332213289541 2.279114638367901 2.339613495976664 2.337175190896232 2.327883063269837 2.332973370997934 2.370157735313114 2.394758522164921 2.382243788972119 2.392829308565524 2.353547872517083 2.35946445697482 2.379102612674615 2.378007171748322 2.356034944146813 2.368180355297227 2.313420483078517 2.281619770827092 2.265795427079865 2.256515769619 2.22883030243247 2.230704977806454 2.251639722722757 2.277885310344573 2.334026335229282 2.300622210384972 2.30843681008264 2.27196249996814 2.244647557898134 2.274809595233819 2.32985016892053 2.294511180109112 2.315680863568559 2.319134364413912 2.273988262862986 2.282906707965594 2.34557713533286 2.317729999675066 2.307154081889166 2.317755862317426 2.363601406381349 2.358923994037468 2.316426413461159 2.263831312046023 2.305749577164534 2.293345232302272 2.318592078783695 2.290144342368876 2.215602456675697 2.226453583905823 2.246298971484066 2.216860113701841 2.201906700252948 2.182478541551973 2.201858896132762 2.239146276519023 2.279757768345007 2.353972147757304 2.306673784398299 2.308376021039294 2.304629661950457 2.331122387953656 2.284671550733037 2.24619586281915 2.257505351029977 2.287808916802533 2.285131366224959 2.270117878935707 2.272902406203684 2.279719929079874 2.31588915345128 2.277125973800139 2.279205019269284 2.277092725085822 2.28041734130602 2.280471741916699 2.314211514727504 2.267898956433783 2.283737277584805 2.270282375103307 2.30727365556595 2.319816127495869 2.348780102605815 2.360688376564212 2.382795221543347 2.423954374644381 2.386388880579034 2.399144532333594 2.426101630320773 2.390540475058515 2.378193123426172 2.428544667949609 2.488215745153866 2.59261496426916 2.746884240525105 2.970008641403183 3.194772853668837 3.346778939732758 3.606412370394537 3.963012463471387 4.416710408984727 4.805896937647049 5.295061564709613 5.836321122631489 6.413613061529759 7.049491102385218 7.68640950525878 8.405804568476015 9.106200302618163 9.83810205420923 10.65091281292553 11.54463175035926 12.41392281144363 13.26154521924036 14.06178323204949 14.86994526169292 15.64549720455398 16.45002838179244 17.17217823937972 17.90835893768235 18.58740711491009 19.23850811485318 19.91408526685882 20.57367916829025 21.22234419737288 21.9029667716859 22.51915731600457 23.190966974209 23.84803279629705 24.50553561865672 25.02153685520352 25.64234044915065 26.3233950367503 26.889111205066 27.49375949617024 28.0773763833713 28.71947682430618 29.38299860408006 30.07763042398437 30.67917525801022 31.27562666343147 31.91147673956948 32.55343627002003 33.01468135735558 32.80190065304123 31.86014403499848 30.48560374286899 29.16188979400249 27.86544293696352 26.45382903306017 24.95795213441306 23.09576773706794 21.0413273180493 19.16475210955105 17.41370114353049 15.87263034384159 14.48095371122326 13.28768752943142 12.19414484278968 11.15420846561392 10.26728933971754 9.492738104889213 8.807569774802687 8.152349190197128 7.599280409533094 6.991375753586908 6.533834685189504 6.129752579152409 5.741571824961284 5.302129482355667 4.944792815258552 4.669674701886834 4.456266869001411 4.239384725085984 4.08787852779551 3.883485669077345 3.726780043823965 3.582039409502613 3.468835056264652 3.379851405028603 3.287942608185404 3.281965790478353 3.139684961814055 3.046487565301504 2.912086463912601 2.825279695483914 2.718607477174373 2.68410094126375 2.695593719006865 2.61836466929708 2.576932862728427 2.492718394787516 2.483302746884874 2.526927700637316 2.471686864562798 2.496869883219915 2.469295617578609 2.432967048493083 2.449024163077411 2.458606397019139 2.444085797116713 2.50068213616396 2.486654613618157 