# Created by Octave 3.8.2, Thu Jul 06 12:13:46 2017 BST <co1ssj@node117>
# name: result
# type: scalar struct
# ndims: 2
 1 1
# length: 3
# name: params
# type: scalar struct
# ndims: 2
 1 1
# length: 18
# name: cleanup
# type: scalar
0


# name: num_runs
# type: scalar
6


# name: dopamine
# type: scalar
0.7


# name: targetCross
# type: scalar
1


# name: targetLuminance
# type: scalar
0.3


# name: targetWidthX
# type: scalar
6


# name: targetWidthY
# type: scalar
2


# name: fixCross
# type: scalar
1


# name: fixLuminance
# type: scalar
0.2


# name: fixWidthX
# type: scalar
6


# name: fixWidthY
# type: scalar
2


# name: fixOn
# type: scalar
0


# name: targetOff
# type: scalar
1


# name: targetOn
# type: scalar
0.2


# name: fixOff
# type: scalar
0.2


# name: targetThetaX
# type: scalar
0


# name: targetThetaY
# type: scalar
-15


# name: exptnum
# type: scalar
0




# name: r_0_m15_G0_L0p3_D0p7_scsum
# type: matrix
# rows: 6
# columns: 600
 2.27874588414852 7.053179622540483 6.773462189432394 6.469126319294446 6.193043086517719 6.033820550394012 6.022146026982227 6.319876020002994 6.856603074498707 7.525345219561132 8.461013852371252 9.68492636083829 11.18830612020975 12.85597702673113 14.74351661022592 16.67035524013772 18.71187225119502 20.85565554432833 22.91790074783057 24.83498459513794 26.5388918978133 27.90358835525694 28.79072273205747 29.07679482215826 28.51050051469065 27.00818795743544 24.54098793473895 22.25549397242685 20.19403774574312 18.22784790380138 16.58656132522083 15.00736362821226 13.63600785282324 12.4034368659668 11.37232550593762 10.37640340691723 9.434800074275699 8.689102942611498 8.021717585870647 7.382545627187937 6.828442273439578 6.357511408677965 5.89596868231456 5.460177926084725 5.03273651030031 4.753441889402893 4.471623860365071 4.199637386635004 3.915957214085211 3.653490096432506 3.433954297728633 3.255490086175996 3.151368966064183 3.038379949754017 2.948648328965646 2.894968385246102 2.828637988812261 2.777809008519398 2.744491311510501 2.692542859304922 2.595112696037177 2.557488320890116 2.557221722956456 2.475199563112255 2.458339766268637 2.461015312590462 2.419937095353816 2.434174323519983 2.368662447170209 2.329651021456812 2.299497497780976 2.338975929538719 2.368595940326486 2.380145531606104 2.391963360238151 2.370996735749941 2.383641592263302 2.383957095902588 2.405012353076017 2.34914321809083 2.367306601159726 2.372361092377105 2.357205045867886 2.347720459500124 2.358300117133695 2.31922933349415 2.295209881805931 2.261761326051783 2.233557771138294 2.259196501545375 2.286440458628931 2.257876102710725 2.281054510076501 2.227324934239732 2.283383345744369 2.25122532082969 2.249666712854378 2.300161689834567 2.24597024846662 2.232110165397899 2.213414422236383 2.2091237578461 2.260336012070184 2.298698028331273 2.294971259172598 2.310681822666083 2.290696472966374 2.259055629900104 2.240786675327399 2.318097046842013 2.276448204727785 2.289725599854137 2.293655623499944 2.270493388434261 2.257353273698754 2.257130153982871 2.218582943747606 2.18058012551046 2.236741361741224 2.233933389510639 2.279969709932629 2.310411900245526 2.270815827730985 2.287370244368503 2.308845944877248 2.348286742799246 2.418569627181569 2.476897523371008 2.443477173954307 2.466465892568522 2.39329671251835 2.323978709406219 2.315836264184327 2.349417352634191 2.380672905338088 2.411796456886805 2.363193765595497 2.34348524599045 2.301288970287715 2.275705699910759 2.27420604922554 2.337889019298018 2.289251024332771 2.335812952980632 2.313975624078012 2.321420652442612 2.33803210109545 2.30626169637253 2.315033299553761 2.334536537709937 2.320398159416072 2.302547057137417 2.289205069449963 2.301942269179563 2.307048860107898 2.315319834731781 2.31590152161516 2.35442533612877 2.3540328035524 2.371152471627283 2.337671239238261 2.384114555105043 2.34999891150801 2.336513884846681 2.255247677880106 2.265937967327773 2.216982211444702 2.1500652832583 2.118877473527391 2.125288368646579 2.138470677062287 2.131440744717111 2.126396395004122 2.104610398479053 2.056969905137521 2.103036966345826 2.099016828764434 2.157363207588787 2.15659851590317 2.162366426098743 2.219214849745185 2.235803355555618 2.269885428053385 2.328482056989742 2.310514879638504 2.296701077926627 2.266538065894565 2.253280832213932 2.317193708171544 2.286237255968445 2.333453010600351 2.316178047549329 2.3277135823555 2.283170386897837 2.3575920901676 2.312074050118099 2.321964572154684 2.350968113420095 2.354438795460737 2.35654899846304 2.38055795438413 2.374981744673278 2.361290766035381 2.350255851943075 2.376321605206613 2.370623882288783 2.373176948884065 2.301007517533435 2.298343743084843 2.235906029294711 2.272611854637944 2.275026043542312 2.264783041224291 2.296658567109262 2.337204832729185 2.325906344565738 2.322630321879842 2.297891057205561 2.270355865606689 2.261042076839658 2.301322440449439 2.365437041960831 2.320577074951871 2.34214003539455 2.299668468251184 2.235262230213266 2.206925860606134 2.222259554255288 2.249847109596885 2.200223624138744 2.184209998584265 2.183130409473961 2.178859369618294 2.198422224410024 2.217804389606499 2.206683157666703 2.17407926015585 2.24348394646222 2.230415478796203 2.220284283641377 2.212118333518447 2.198067627039563 2.219142481928429 2.218961510530789 2.230118510706234 2.220955404292908 2.259462094014452 2.261217790735827 2.268153613695176 2.275579277738871 2.290640633531439 2.224176312443888 2.194230283872457 2.210815290771279 2.187219953280874 2.186938753009599 2.22890171416293 2.217701404655145 2.256922119693627 2.271406930871308 2.282822115276758 2.300516351337137 2.273078618403815 2.308414385683136 2.295726322332484 2.262652721376071 2.289026852231473 2.340388185504708 2.311472937188228 2.339241937399493 2.308380000435136 2.368594474217389 2.34506221090669 2.340658768123831 2.379039663934236 2.361520924321667 2.379576360995998 2.367865833952237 2.289517788729427 2.298925597960988 2.317391330492683 2.269105163904896 2.323826900974382 2.280162564107741 2.280381533688342 2.29496631892107 2.266431523959909 2.266112118257297 2.22733449932548 2.259123313285272 2.255712898651836 2.234700590910506 2.274103999901854 2.336466276450665 2.29625116554962 2.207705848431942 2.247419801446085 2.256369093271132 2.274123631137627 2.301108648402078 2.406132890791923 2.507915604131995 2.631828007059084 2.699791865794396 2.926859599188901 3.096248211397324 3.311778966155543 3.524161572207959 3.793127989267305 4.096825691794947 4.389881341936416 4.721486583348451 5.059226271323496 5.425072456688213 5.847831296914592 6.333373946836218 6.869941709890554 7.403536728488689 7.926964109699838 8.500815597890323 9.096381182630466 9.752822410002409 10.3702903142912 10.99075608729436 11.56853401826083 12.12872886968216 12.75710511871875 13.34887751198585 13.93630328245672 14.49227352137586 15.1005711987782 15.69598011282142 16.2958893392788 16.83729297748141 17.32087697459792 17.83592794201104 18.32688913063612 18.84173326329983 19.34117998789225 19.88516209569934 20.47777249249702 21.03257207488059 21.61163969257905 22.10913224907199 22.72580923188798 23.2785257408359 23.82354921461047 24.36094477034021 24.90829528191898 25.51746809427959 25.42840030471507 24.52439692121334 23.50114980778926 22.47351620025256 21.3825410200443 20.23554684655028 18.83208280822146 17.25697171741922 15.74722781046512 14.38362248503472 13.16795961069056 12.06835884747488 11.11637159186466 10.27834629526478 9.494800196891447 8.754465195495868 8.105076566709613 7.52974983747481 7.06236147807067 6.547237864684575 6.106166074714565 5.759661492484156 5.384642031996918 5.030271325071226 4.770234958486981 4.570259183281451 4.335769446253835 4.16645942530522 3.991148387902285 3.784352117912931 3.642052611692634 3.458977179741851 3.321919859386981 3.204107010030384 3.171596496868005 3.06650476636969 3.040435290116875 2.937514653582184 2.863076921399625 2.774171352526537 2.74982964139781 2.702857468615548 2.641096246778034 