# Created by Octave 3.8.2, Thu Jul 06 12:13:45 2017 BST <co1ssj@node117>
# name: result
# type: scalar struct
# ndims: 2
 1 1
# length: 3
# name: params
# type: scalar struct
# ndims: 2
 1 1
# length: 18
# name: cleanup
# type: scalar
0


# name: num_runs
# type: scalar
6


# name: dopamine
# type: scalar
0.7


# name: targetCross
# type: scalar
1


# name: targetLuminance
# type: scalar
0.3


# name: targetWidthX
# type: scalar
6


# name: targetWidthY
# type: scalar
2


# name: fixCross
# type: scalar
1


# name: fixLuminance
# type: scalar
0.2


# name: fixWidthX
# type: scalar
6


# name: fixWidthY
# type: scalar
2


# name: fixOn
# type: scalar
0


# name: targetOff
# type: scalar
1


# name: targetOn
# type: scalar
0.2


# name: fixOff
# type: scalar
0.2


# name: targetThetaX
# type: scalar
0


# name: targetThetaY
# type: scalar
-14


# name: exptnum
# type: scalar
0




# name: r_0_m14_G0_L0p3_D0p7_scsum
# type: matrix
# rows: 6
# columns: 600
 2.205629933807359 6.99189198896056 6.668846019536431 6.309310562020983 6.041855451112497 5.940979235725536 5.945646003801812 6.256961543629586 6.731300367617223 7.463128374358348 8.548285288525221 9.772001373494277 11.2417350257947 12.87522023809288 14.75896710860252 16.7297908213186 18.8589090282203 20.90066451179155 22.90144253352628 24.81227345890875 26.56095203795121 27.9232866321363 28.79010859774644 29.06092232570336 28.57394677877164 27.1269047025562 24.62578885554103 22.33486155488936 20.22029321153968 18.39303345408553 16.67998763979267 15.2222221940583 13.88878281637881 12.58473710236285 11.47619054315874 10.47021411257811 9.565144463784236 8.726584547526727 7.998813939018873 7.432976467738627 6.903157062186438 6.417909841522487 5.98993119424631 5.46230507792643 5.086471055892616 4.768946065229102 4.479997987724346 4.206251499901555 3.907805009803269 3.743527462305792 3.605409343654173 3.415758839351838 3.268329410813749 3.119626339135721 2.984678259144857 2.892729741924086 2.757407510543999 2.703114434636518 2.633569796696975 2.647140268483781 2.58518545464176 2.498762692597666 2.444695465034783 2.398998254338949 2.424681904623867 2.361934487016697 2.324574712722097 2.374023304659204 2.395902332300466 2.356855484398693 2.292106385277293 2.353333114264387 2.422126769677561 2.367987560486654 2.315080888172815 2.27935015384719 2.267673701746389 2.230269954490723 2.246115903044483 2.273792877840606 2.28535659190311 2.297938943258487 2.260700263133913 2.251992493693251 2.338290270869038 2.328308918309631 2.320967779669445 2.349241835621797 2.335025548865815 2.381985144402279 2.40862534237931 2.385671288237063 2.371333730101469 2.360445062560757 2.35865272038609 2.395518164610621 2.35784463424352 2.280289470530988 2.298335406387196 2.359122869325802 2.366189188323915 2.307288716725452 2.30808985218755 2.272702769918396 2.323648550882353 2.284991909953533 2.21780709133418 2.225043237824138 2.216668917728384 2.26013366303232 2.286647641074524 2.27437559763348 2.287648203555364 2.283143006876344 2.29988984332158 2.356729956782146 2.34092264352148 2.329067845599639 2.293953440341284 2.310449089507529 2.339139028888894 2.379385538952192 2.399037769610004 2.396082039493194 2.468531141726999 2.46715244204097 2.455688826927144 2.4795224834088 2.47680888899049 2.41286162223696 2.379499933857005 2.402368029384888 2.421044847209487 2.386534849385498 2.38160004342717 2.379126747473492 2.400248879821447 2.376402199657605 2.391260210846667 2.419366330033881 2.449647111759987 2.452913693614391 2.438958305954202 2.383727852524316 2.36994886429602 2.346023464153404 2.351241215459595 2.354449435133574 2.30804348114907 2.355897461296991 2.375763371052017 2.362752321729204 2.347690757305827 2.326883176330739 2.317444260897901 2.290294209316926 2.316643828300585 2.32681384125317 2.271762486972875 2.252547647440224 2.262487995798438 2.311258093986908 2.282025724259483 2.276623896250385 2.260976926052535 2.251387927772157 2.28634373962268 2.338466887362301 2.318706162834133 2.289370931343001 2.30837364771287 2.34935994684929 2.37491424165637 2.360800450132956 2.401191318461315 2.40034156982756 2.381171615837957 2.391530845019588 2.366285745225468 2.290714812115766 2.310106678636657 2.28127128549022 2.198616546704216 2.141681039975083 2.162387336276879 2.205770929798746 2.26068109318112 2.202566828374984 2.205949975737894 2.186328135019721 2.246664599180804 2.269718032570381 2.26818238366468 2.277042212313972 2.241696165474423 2.214275549897138 2.231878132228303 2.224046473143972 2.263590736925835 2.23455710048438 2.252445974041621 2.218720899607433 2.289137853986176 2.34990411526087 2.341658704244765 2.28263480505484 2.277762665951741 2.213350229791104 2.213912173912831 2.266561068114243 2.197228512057336 2.195009765027862 2.149538958565245 2.229423569206119 2.235397537526296 2.253927488334739 2.236528997964342 2.216112290701858 2.231771072278207 2.259654703815613 2.275205688078131 2.300947823121533 2.315115141258502 2.315924398415518 2.346552321381751 2.383656094203616 2.386476195664727 2.437154036495485 2.462973464296738 2.473844987420307 2.511728393812518 2.504153521615081 2.494827119007823 2.454597988587921 2.433728673546284 2.420866418557125 2.346790345090994 2.351510250346109 2.366642856367434 2.31515242219939 2.2572507704499 2.28933323921774 2.243344145481387 2.221906235678034 2.223938466246182 2.290044540226518 2.290888571946198 2.26269748953564 2.334897570312023 2.335272705737225 2.321151595962874 2.307346727206095 2.305052437561244 2.289494462784205 2.288955773918133 2.237514199936413 2.210655512019002 2.25483911502306 2.263017495461099 2.273250902617292 2.292838598677918 2.240066280712199 2.27011142190895 2.255934089555012 2.233870353509701 2.211800318342284 2.230222777270683 2.250164577086252 2.293592691272352 2.291357313071785 2.230993747478351 2.22623705883484 2.241708097797527 2.217581127206358 2.219050530788081 2.247234079848567 2.217690131139534 2.229069634187908 2.273894511941762 2.270367176264699 2.311027199073578 2.230396332653982 2.215901512223354 2.167960471437254 2.258681592837092 2.257125565720344 2.229095509992476 2.285100950186461 2.264024105650606 2.263146019737178 2.304670960424119 2.320088771819428 2.279019186275946 2.258510454332281 2.306141759319871 2.346529787660984 2.384223521747117 2.448416489856754 2.524203979774029 2.723010863759555 2.909510726109147 3.100059527005214 3.440572733234148 3.737200189703799 4.120308802965155 4.49962547071118 4.89517001823333 5.254819421803404 5.684339061081118 6.180429838575947 6.801713631983148 7.34957486863641 7.98821789062913 8.615503073759101 9.257352885062573 9.914320758791291 10.60653865254426 11.30638954833194 12.01545712216921 12.68083583560292 13.36172958933821 14.1162085799042 14.79061632750745 15.50309929610012 16.16436012772829 16.713466525689 17.24724058434367 17.76179736198173 18.34044052892568 18.88915120230376 19.58368522804813 20.19656647319971 20.89920269081631 21.47012906253076 22.13466841068657 22.69948606692924 23.30466323040309 23.91891965972172 24.54329308849992 25.15683683387761 25.69625493893182 26.3385589966565 26.878270702804 27.28612461366174 27.79543074964386 28.19586234675853 27.92315315416454 27.10912612367974 26.06720323630361 24.82498854153528 23.57083751283426 22.30074895121652 20.90586185754728 19.14880021351564 17.48384019096557 15.96928045582899 14.52990252956079 13.32412787390058 12.2149788681636 11.2425454898621 10.36256024583054 9.570029604808951 8.788829273849842 8.122878202371794 7.540833347095031 6.993167477252427 6.501226797205163 6.016649357497954 5.597606976480165 5.261716316461388 4.919138071214547 4.625617521094682 4.37552333324129 4.173352676716604 4.010899281962338 3.765233877378705 3.584712245736227 3.419866909420307 3.292524106604105 3.284554992125777 3.233980443943437 3.11507431042628 2.989642323373118 2.944166395292996 2.868323563161539 2.789421940698958 2.695704268986447 2.663964405830484 2.652550164832064 2.657700341991585 2.591135510403547 2.514830738349701 2.488153098296607 2.4494264973182 