# Created by Octave 3.8.2, Thu Jul 06 12:13:44 2017 BST <co1ssj@node117>
# name: result
# type: scalar struct
# ndims: 2
 1 1
# length: 3
# name: params
# type: scalar struct
# ndims: 2
 1 1
# length: 18
# name: cleanup
# type: scalar
0


# name: num_runs
# type: scalar
6


# name: dopamine
# type: scalar
0.7


# name: targetCross
# type: scalar
1


# name: targetLuminance
# type: scalar
0.3


# name: targetWidthX
# type: scalar
6


# name: targetWidthY
# type: scalar
2


# name: fixCross
# type: scalar
1


# name: fixLuminance
# type: scalar
0.2


# name: fixWidthX
# type: scalar
6


# name: fixWidthY
# type: scalar
2


# name: fixOn
# type: scalar
0


# name: targetOff
# type: scalar
1


# name: targetOn
# type: scalar
0.2


# name: fixOff
# type: scalar
0.2


# name: targetThetaX
# type: scalar
0


# name: targetThetaY
# type: scalar
-10


# name: exptnum
# type: scalar
0




# name: r_0_m10_G0_L0p3_D0p7_scsum
# type: matrix
# rows: 6
# columns: 600
 2.24532386429928 7.106494210078381 6.767296574660577 6.423595340005704 6.104976097456529 6.006045943053323 6.032318677418516 6.344344124270719 6.746805719441909 7.502218814384833 8.517174159544084 9.782273276803608 11.27287358049216 12.87797601032071 14.7525529871491 16.65432266623247 18.73462096855292 20.86302765602522 22.84200736803177 24.72654479565608 26.51306123592803 27.86165285360767 28.78941570418829 29.06283438608807 28.57321751506242 27.09276380019128 24.57189304236817 22.25677216827171 20.13770257509896 18.32092497223493 16.57107429041207 15.0130035142065 13.69839443579622 12.45468743112724 11.34091408896984 10.35663680591097 9.496433410615282 8.717242811082542 7.987656540797616 7.336499586661375 6.792872494896073 6.311054415014951 5.854548408613482 5.491255815330078 5.14162530134854 4.809370482144004 4.503190513583831 4.207470252615167 3.988711989622971 3.756190434709424 3.526825996435946 3.323489054419042 3.174751473274227 3.153972811116546 3.076078482837147 2.980405231424811 2.965151929325657 2.869486724546732 2.839794126815832 2.796753106000324 2.811970395538083 2.763139865310222 2.690449912393888 2.629173394296231 2.605234117549116 2.633559924051951 2.553156123094595 2.563478517986368 2.593438311283535 2.551600818219868 2.549930281915294 2.544166767656861 2.526352215332736 2.470459742173261 2.432737898870982 2.402558023008169 2.365608312480617 2.35367824662535 2.334964015602964 2.348405796656152 2.383418546674875 2.352191646250503 2.358022094123953 2.378217794737793 2.384163785151031 2.384382900610944 2.375303320564853 2.370756597496438 2.359201971179573 2.354663227466517 2.299374707385141 2.302203235458364 2.291015729722858 2.243519189072686 2.260912475641817 2.264778829972784 2.222053853503894 2.253479644426989 2.303904403204797 2.268496193086321 2.315359762207663 2.29866229137042 2.248159500919428 2.273526478915301 2.24964214640022 2.20199173308356 2.227976631937054 2.266338047349564 2.217097736027995 2.246932189951622 2.293225201465248 2.307692919610417 2.39456583770334 2.346154040693364 2.381285163376106 2.396063051786768 2.423507979103306 2.350340467397018 2.364361382464267 2.383485566519084 2.37799182915478 2.373942600503142 2.363747420618893 2.37026896149473 2.338939613488037 2.34481334146767 2.316603676950763 2.356933134831706 2.312828345218804 2.353880081405805 2.335720965882501 2.427390387310879 2.420404941520246 2.446934826250072 2.442826187063474 2.424029835898182 2.358601821772027 2.325767188165628 2.321797933196649 2.307436650158706 2.26233492805477 2.275977832507124 2.279160487354602 2.320644842358888 2.303217533477437 2.260224181442027 2.289538904798974 2.276054435926198 2.278358868088617 2.295566592791147 2.296701824192496 2.293841960548889 2.341281226748833 2.326091688486486 2.369356591068936 2.34313504662714 2.334003559350094 2.32534210259837 2.319983918474463 2.294494479552668 2.279225717342342 2.300106030234019 2.260806622463861 2.237043661556527 2.309478454830241 2.275249220485421 2.261537978970864 2.230070731591695 2.275822757361311 2.279244420824398 2.23656586882862 2.258050528806052 2.280075165148446 2.280166389500664 2.1987515173887 2.247035070759011 2.287691991059546 2.301829655720212 2.252793426341668 2.279175634123021 2.237002744841448 2.230714097573582 2.252103588594764 2.268212543754998 2.25418040463228 2.229523731410154 2.265333544128225 2.308416899641088 2.259970513327062 2.275098937425355 2.252905877754529 2.323593222539785 2.275853553566776 2.342112646525493 2.31563664173882 2.279023340757703 2.279504522419302 2.282228170632152 2.283604908145207 2.285801699457807 2.325509492480705 2.377961967271403 2.324152718523692 2.30088293641893 2.282738158202847 2.369543883836741 2.402343067620677 2.428051035020871 2.412137731371331 2.446253452970268 2.43169067317649 2.425613998893823 2.397128499891551 2.386446474953118 2.360485312246965 2.334819433270241 2.366039037089649 2.313437528609938 2.308418554559466 2.331777047729702 2.299623582282948 2.294372214977557 2.346923520803102 2.391700637570466 2.358987232375512 2.414507813395176 2.4083972768276 2.374388170588645 2.307728453080927 2.277817310774481 2.331207129667746 2.315938136991463 2.207041463618225 2.185902731198439 2.246892103174105 2.270383432798553 2.344662999932552 2.296268935275293 2.343544984149048 2.363151067971557 2.38960878949365 2.347931430718745 2.382880672827014 2.386596153533901 2.386180437999428 2.348988855879725 2.350514698515326 2.351758800152311 2.38105783402716 2.380668642737874 2.394125355102005 2.367245453940996 2.341454187688214 2.338873694803624 2.333804517526005 2.355827009963832 2.299191969188541 2.312483100977261 2.275025042803463 2.270207832742017 2.305304419118329 2.308168327715975 2.342509243851964 2.369170824607863 2.374710889540438 2.37263131554937 2.374420488507894 2.373320986640465 2.327655246943323 2.305392066529748 2.301492870916263 2.273435513016011 2.267183125830343 2.250888215141458 2.283167648185554 2.3296734437954 2.358286142327415 2.36440281288742 2.458586540142278 2.616950988489407 2.780536233879957 2.981865200505126 3.327408280212694 3.69386213708276 4.09735169403757 4.610096988581063 5.147818549124167 5.786816213469137 6.485247293610882 7.258847214987327 8.079507987469697 8.880945611692368 9.691982209242269 10.61489313835227 11.63831162126007 12.73718976408782 13.82090634042106 14.8852936996409 15.99914499969236 17.12650477985972 18.14817253049478 19.16786729683008 20.22572930627939 21.18161540936126 22.14047524972375 23.14075246755601 24.15552055459193 25.25022910097323 26.21288335210556 27.1500367783101 28.02582686583082 28.94850908424451 29.87180786665704 30.72432328594914 31.53006863837982 32.36158043554497 33.11922841925843 33.87786462419899 34.63767788782025 35.38854134891335 36.17379864490431 37.00678920396876 37.79051111226909 38.67572947778899 39.53346585515828 40.4483747599661 41.23575630330015 42.03627404311919 42.86713584710014 43.7037032008302 44.47697789928498 44.84886891924543 44.30877450195294 42.98356476564913 41.37493220731994 39.72796086431845 38.12964833943988 36.51634500517685 34.57105901850446 32.1665604122245 29.24678597367347 26.58802718824882 24.160993937272 22.01199980480305 20.02816324966261 18.27849812252998 16.66027270793711 15.26590454651341 13.95389149427501 12.77919249328261 11.69532404072015 10.78743196123105 9.929109867218358 9.153694793843897 8.439915521554212 7.825153643083468 7.215102356760326 6.744532855336729 6.29222426587512 5.898194970108307 5.524485963880579 5.176133660510459 4.873234082573617 4.558673965952039 4.337041775859689 4.173053559061373 3.983822733103807 3.843692308873869 3.707025597446773 3.573675316602021 3.380812954364956 3.249700088734244 3.154023039591266 2.990978139758226 2.88317177449062 2.869357775916797 2.739470107931993 2.692673329896934 2.647605984717302 2.593911598556588 2.523352421063464 2.470518267968146 2.483619614871714 2.446977274939854 2.411366512496897 2.403382054890244 2.379530413680186 2.29244693347573 2.276766257731651 2.274008932092329 2.317249652998726 2.317800907352648 2.274297719555761 