# Created by Octave 3.8.2, Thu Jul 06 12:13:46 2017 BST <co1ssj@node117>
# name: result
# type: scalar struct
# ndims: 2
 1 1
# length: 3
# name: params
# type: scalar struct
# ndims: 2
 1 1
# length: 18
# name: cleanup
# type: scalar
0


# name: num_runs
# type: scalar
6


# name: dopamine
# type: scalar
0.7


# name: targetCross
# type: scalar
1


# name: targetLuminance
# type: scalar
0.3


# name: targetWidthX
# type: scalar
6


# name: targetWidthY
# type: scalar
2


# name: fixCross
# type: scalar
1


# name: fixLuminance
# type: scalar
0.2


# name: fixWidthX
# type: scalar
6


# name: fixWidthY
# type: scalar
2


# name: fixOn
# type: scalar
0


# name: targetOff
# type: scalar
1


# name: targetOn
# type: scalar
0.2


# name: fixOff
# type: scalar
0.2


# name: targetThetaX
# type: scalar
0


# name: targetThetaY
# type: scalar
-13


# name: exptnum
# type: scalar
0




# name: r_0_m13_G0_L0p3_D0p7_scsum
# type: matrix
# rows: 6
# columns: 600
 2.286550327211444 6.913827754964586 6.609569205425942 6.283868188627821 5.964364706349443 5.771909622715611 5.833441981872966 5.996501792251365 6.514507221523672 7.320005957859394 8.337287533111521 9.594555838786619 11.19118914922728 12.91575741130509 14.72718444524071 16.67534812693339 18.77121708911727 20.8508407411573 22.82026799927553 24.77928540330868 26.49712604736123 27.77587472778032 28.75325500356848 29.08825984486339 28.60050381301335 27.13388993819899 24.57705024690222 22.31827222649008 20.27174431766252 18.41057674705189 16.71339622586675 15.17437559495738 13.76659618827398 12.55560606898871 11.45827529487724 10.43216749351632 9.530654442845844 8.765731882718683 8.066249958363187 7.434478731574927 6.800088827074433 6.272681682094117 5.80022351873049 5.376682991693087 4.9565938411979 4.696507994882268 4.463298955954087 4.202815122982429 3.986807138104268 3.753644308249932 3.549084312824561 3.387175216412288 3.203004728944506 3.072378500211926 2.961167020304856 2.858878627055674 2.799393700312066 2.722215727182629 2.66644638012076 2.676228251657449 2.65245064670853 2.617684800585266 2.65883676473095 2.651524361474003 2.556639822258148 2.567634720666319 2.538638558067646 2.552665351224277 2.490474788064603 2.47869573218486 2.515962729601597 2.492515034911776 2.458396060319501 2.454228383408918 2.392662579444732 2.399444117349049 2.382135309348087 2.384883894181257 2.367492096087517 2.397808985740994 2.32723143070325 2.305592505093955 2.295185828326794 2.286135080059466 2.224763749973135 2.212943677859585 2.153205820730363 2.130383754232753 2.148580365326779 2.167754883958878 2.217045097904702 2.227729948281194 2.265298380218155 2.281505314047536 2.288894246279597 2.31356704072823 2.309675605654775 2.248223120768671 2.26071004068217 2.173799954533024 2.121411324209475 2.204252289851865 2.187131488393788 2.169085566281865 2.143936920925626 2.138357648600504 2.139209498780474 2.138757215278019 2.136806593014626 2.150009739478264 2.173392945132946 2.206031988702307 2.184301575107384 2.157588328369457 2.190652848352329 2.236250222602393 2.261752907808841 2.279944057723696 2.276139861569391 2.275493582525087 2.31343678797748 2.33711614951244 2.342575727736403 2.39892050133858 2.36361090900391 2.371022414197341 2.295156021034927 2.312565182750404 2.31044118623322 2.341924445838231 2.362322574033897 2.38521513105843 2.385382523374574 2.446689898621116 2.38625253707869 2.330547269322778 2.312783684759779 2.339447951471811 2.316579546171852 2.35088634036947 2.324900908584823 2.336529002215684 2.319053587862072 2.299254466106504 2.309192451324634 2.296816603649859 2.290766748006718 2.332130481758213 2.377073088950056 2.394233701521443 2.399717387237615 2.395691455410997 2.34612061729058 2.331569834699621 2.312120741513354 2.319577336507791 2.31853028567275 2.36901381741518 2.409131057283957 2.379787074096384 2.362938238460629 2.356100063399936 2.315728038513043 2.288059632643126 2.235401256592013 2.255497280213604 2.284456415611203 2.288966827452896 2.284367939748336 2.26971215474623 2.284548936295323 2.24093933367476 2.256513251397337 2.303333800860855 2.305303765180724 2.31532563287692 2.312200383497839 2.315092181437649 2.332036235378837 2.309675143525055 2.327883374629891 2.299001444611349 2.356750864477362 2.372345605581359 2.358874336368899 2.375626101777016 2.304927681543631 2.251203232783155 2.272340449570038 2.283010077891959 2.245913030757947 2.270054633918335 2.28096956526133 2.350070928900095 2.325708921112891 2.330651162973936 2.33568127505896 2.338425849990017 2.364589328437432 2.438030772689672 2.395822996870265 2.37025017364067 2.319543817458907 2.322774486725393 2.359798104138463 2.386261556235695 2.33809448347165 2.324494673423033 2.335162288494757 2.28246237356143 2.29130777145474 2.251867413244327 2.266108250712932 2.284599090362462 2.28993460865604 2.296335594743141 2.243692275740614 2.238662855081202 2.275644478646427 2.311972881940164 2.276891743382293 2.344359812399489 2.369142672108865 2.325225102573313 2.264470377127509 2.277344666958015 2.336831572036317 2.319000651035822 2.315624555543764 2.235785299526469 2.257637367569259 2.297480214847383 2.295206044247607 2.279527543263612 2.271517702858546 2.286729093350004 2.284855001336837 2.307517505569194 2.316713571053697 2.328515398385207 2.307020809814276 2.272820251208032 2.270737367325637 2.3221369901039 2.25385159169673 2.286867324903142 2.299105974765553 2.317439501959598 2.271530142563279 2.27215854597307 2.302420181498746 2.221163618876744 2.188079895757255 2.186220065026646 2.283064199029468 2.28726337275657 2.221706568672744 2.246082250694599 2.203261148628371 2.198039796530793 2.237494607979897 2.213070778700057 2.203430764866425 2.165865096023481 2.182512997133017 2.186114612006349 2.162677498912672 2.125542412755749 2.128191676809365 2.156824931716983 2.16390494476218 2.171185809347662 2.135700539314712 2.206572347393376 2.224107497906516 2.204880063571181 2.206782849472802 2.228188217948627 2.232034120879689 2.265556929967715 2.235295770209632 2.170548715090263 2.179495019110618 2.191731806968164 2.197547498552012 2.214907211171521 2.196752274448954 2.169464352116847 2.250641706908937 2.322561434568343 2.508023946094909 2.713042428880726 2.894872944048984 3.110645308304811 3.404124271321052 3.681352001585765 3.99217348259117 4.391251446641036 4.761652653833153 5.149448642403513 5.647984214576354 6.216447197468369 6.817231923512736 7.452606557737454 8.061196854920126 8.711256924594636 9.452242859228136 10.20322118014155 10.89109109306992 11.62364532689753 12.40193666384948 13.11637998429796 13.8168704603886 14.5425761096194 15.14632388915925 15.83629297831794 16.49281030772181 17.14502628296759 17.77362492855173 18.42124375439744 19.05688113236101 19.63001487270958 20.26180418220611 20.84170915252253 21.45604437497241 22.09316623829943 22.66324934225122 23.22825180317886 23.84197566506191 24.30507774296711 24.87886475260893 25.4017190880113 25.8756234827033 26.46869126971615 26.97618481203972 27.63107991399011 28.15922786463125 28.73083771933307 29.22175679244538 29.33024423960887 28.78376386533637 27.68972749212116 26.53530578964273 25.35337168619662 24.02621841048676 22.77206942697376 21.3243755487274 19.53452408809426 17.83386698344111 16.29945972009045 14.8716086315635 13.6085392828536 12.45206306009095 11.43857750628376 10.53189990903593 9.699123086647887 8.940901087371458 8.258918871397327 7.676253908197396 7.140707395657955 6.67100794846192 6.207950336982321 5.839428920393402 5.459718355778023 5.136310327990941 4.866750551849691 4.628957353321312 4.413242083963269 4.19782124961057 4.044873250775709 3.853143037194968 3.677230723612496 3.546647204915644 3.442607096054417 3.359174219214765 3.311446275616618 3.222494861423911 3.152494136335008 3.061200709053082 2.932553142629331 2.885221043994534 2.807103744653432 2.721275776465518 2.697618667938514 2.639381402317667 2.575334637556807 2.54031303634838 2.546287423583635 2.434109016292496 2.450263394854119 2.407772509628558 2.41442868741251 2.428043187381263 