# Created by Octave 3.8.2, Wed May 24 13:11:58 2017 BST <co1ssj@node117>
# name: da
# type: matrix
# rows: 1
# columns: 11
 0.05 0.1 0.15 0.2 0.3 0.4 0.5 0.6 0.7 0.8 0.9


# name: lat_mean
# type: matrix
# rows: 1
# columns: 11
 116.25 122.125 122 121.625 122 122.375 121.875 122.25 122.125 122.125 122.5


# name: lat_sd
# type: matrix
# rows: 1
# columns: 11
 4.77343841331532 0.6408699444616557 0.5345224838248488 0.5175491695067657 0.5345224838248488 0.7440238091428449 0.6408699444616557 0.7071067811865476 0.3535533905932738 0.6408699444616557 0.5345224838248488


# name: params
# type: scalar struct
# ndims: 2
 1 1
# length: 19
# name: cleanup
# type: scalar
0


# name: targetThetaY
# type: scalar
-8


# name: targetThetaX
# type: scalar
0


# name: num_par_runs
# type: scalar
8


# name: dopamine
# type: scalar
0.9


# name: targetCross
# type: scalar
0


# name: targetLuminance
# type: scalar
1.8


# name: targetWidthX
# type: scalar
4


# name: targetWidthY
# type: scalar
4


# name: fixCross
# type: scalar
0


# name: fixLuminance
# type: scalar
0.5


# name: fixWidthX
# type: scalar
2


# name: fixWidthY
# type: scalar
2


# name: fixOn
# type: scalar
0


# name: targetOff
# type: scalar
1


# name: fixOff
# type: scalar
0.45


# name: targetOn
# type: scalar
0.35


# name: num_runs
# type: scalar
8


# name: preflight_option
# type: sq_string
# elements: 1
# length: 24
-p "DA value:param:0.90"




# name: fa_mean
# type: matrix
# rows: 11
# columns: 3
 0.08752335 -5.68670375 -0.01207155875
 0.055349325 -5.073811249999999 -0.008216935
 0.05823517500000001 -5.1154325 -0.008603485000000001
 0.0580505375 -5.13231 -0.008591705000000002
 0.05663187499999999 -5.07099625 -0.008427466250000001
 0.05652115 -5.096690000000001 -0.0083641975
 0.05444025 -5.1655025 -0.008033755
 0.053887025 -5.0167925 -0.008026111250000001
 0.0540918875 -5.081898750000001 -0.00805858875
 0.05238402499999999 -5.049712499999999 -0.0078174175
 0.06168071250000001 -5.1132725 -0.009087763750000002


# name: fa_sd
# type: matrix
# rows: 11
# columns: 3
 0.02766173849706486 0.5046901462407404 0.003367420978198672
 0.003560575881090025 0.1020557976847538 0.0005293010242628614
 0.0147814010794212 0.07291709808307745 0.00211284822143002
 0.01398468380120986 0.09122458017755657 0.002030080555748607
 0.009653645442562839 0.08370633683769535 0.001388448751736345
 0.01403183347036302 0.09852483602770273 0.001973421812579431
 0.01590048428390963 0.09640936732051955 0.002213576403011974
 0.006633492030112906 0.08352994086810173 0.000948714325336249
 0.009656512844920114 0.1221910785190263 0.001417856278465462
 0.007560269452066979 0.0680626372752126 0.001069291478580226
 0.01743515463272306 0.1393200428356031 0.002483737060697837


