# Created by Octave 3.8.2, Wed Jul 05 12:46:14 2017 BST <co1ssj@node117>
# name: result
# type: scalar struct
# ndims: 2
 1 1
# length: 3
# name: params
# type: scalar struct
# ndims: 2
 1 1
# length: 18
# name: cleanup
# type: scalar
0


# name: num_runs
# type: scalar
6


# name: dopamine
# type: scalar
0.7


# name: targetCross
# type: scalar
1


# name: targetLuminance
# type: scalar
0.3


# name: targetWidthX
# type: scalar
6


# name: targetWidthY
# type: scalar
2


# name: fixCross
# type: scalar
1


# name: fixLuminance
# type: scalar
0.2


# name: fixWidthX
# type: scalar
6


# name: fixWidthY
# type: scalar
2


# name: fixOn
# type: scalar
0


# name: targetOff
# type: scalar
1


# name: targetOn
# type: scalar
0.2


# name: fixOff
# type: scalar
0.2


# name: targetThetaX
# type: scalar
0


# name: targetThetaY
# type: scalar
-17


# name: exptnum
# type: scalar
0




# name: r_0_m17_G0_L0p3_D0p7_scsum
# type: matrix
# rows: 6
# columns: 600
 2.256775031652069 5.538431458488049 5.255913755852816 4.968054293534806 4.868289412563172 4.772707403630193 4.764321190759802 4.973777608531236 5.140388850304589 5.666140651730529 6.331475317457262 7.18110828313911 8.117357204217114 9.280825352969259 10.53895344521879 11.85156168325921 13.11849223545323 14.52220623401809 15.86525163229817 17.28749979912391 18.68927041467214 19.98744810522476 21.27273430543573 22.30056111216254 23.14283018440256 23.78274935794616 24.14590681907794 24.24382312308808 24.0349307071192 23.52895108456505 22.57257108358317 21.20189454535648 19.43019413920956 17.65084408759503 16.07424527527837 14.63327411019782 13.33898711828806 12.13700666241493 11.01464141077304 10.09339105941035 9.235130402092182 8.468051118395124 7.788300685842842 7.181614309665747 6.662797108627274 6.116139250087144 5.704390328450245 5.323588508726971 4.983054806238215 4.682426202172792 4.359955963118409 4.107450776014957 3.925486035212089 3.762623150712898 3.47704942891869 3.303067688941155 3.202242603252671 3.157283074669522 3.059362453990616 2.995254147102969 2.966912109612167 2.858697453862987 2.762534001059976 2.680181160123539 2.63160439121566 2.564082399570907 2.58088493077048 2.481931236086893 2.435443534312071 2.464635055104736 2.430285298614763 2.441706019111734 2.355903823638073 2.381905340909725 2.36216041881562 2.340462939364443 2.352240165095282 2.330375180055853 2.328683916628506 2.31921760487603 2.28810039568998 2.296509941606928 2.346113688254263 2.305969370077946 2.321423012130253 2.271491195322596 2.21963007467275 2.237706887790409 2.23704166637981 2.170072740478645 2.215886461999617 2.192852733835025 2.198165987898392 2.253934185784601 2.286635589898651 2.215252362755564 2.231988101294519 2.246865882359998 2.206905183225899 2.235790414464645 2.193779772078415 2.150729103508638 2.137419348884578 2.267913353789481 2.244632516903948 2.299775720644902 2.311250967048181 2.341400396282552 2.278598221142602 2.248287766349677 2.262065959712345 2.262336751547991 2.227305993776099 2.200379994115792 2.21857765076129 2.209260997395177 2.226882324778671 2.260178405440456 2.227564219349006 2.216301242652662 2.217643861891702 2.24500741252632 2.270646834458603 2.254208253143588 2.259593481529009 2.211831069729669 2.182778860260441 2.153628750213102 2.190672461019858 2.193661498000438 2.145061812956556 2.152466523933981 2.163287956886052 2.210152305815427 2.204035967832169 2.184031625041825 2.177563583994925 2.165539585472288 2.176418095059489 2.18357833860864 2.197586159854836 2.222614612877805 2.184307066994734 2.212165851765349 2.190028431288738 2.121373760739516 2.143749088836557 2.172637575204135 2.193251850258093 2.126675041799899 2.117959540082666 2.198940273683547 2.175793915321265 2.202415086670953 2.182433747853793 2.167737834310174 2.14013954832626 2.124696620299801 2.164408867925886 2.147860850272991 2.147451838787674 2.124286899361323 2.148516635457781 2.150452744721406 2.119738239121943 2.178084179036887 2.212629412635579 2.280971512296674 2.352047413896798 2.324953984199965 2.311069226645486 2.249983695703122 2.295172326463216 2.338901329658256 2.332843720439996 2.313297024775238 2.295028820182779 2.334577972360421 2.320947592877928 2.292630622250726 2.295280050961082 2.291562986923509 2.276679480233724 2.335259194456739 2.362069015638554 2.315517932649527 2.277129918689752 2.323100410525512 2.280247434839112 2.296165439929609 2.279720548867772 2.264812394540058 2.312279684243549 2.309963055158732 2.339228132117569 2.324607158938306 2.282674434500223 2.326992800837616 2.273262935794264 2.341677070073274 2.353679024752637 2.344991470279638 2.304541466342926 2.303819891631065 2.319368164113257 2.298786659255711 2.255312736415362 2.213249644886673 2.2221709384321 2.256829732668848 2.262619544201698 2.238179481424595 2.21657068834611 2.246855757275625 2.335694990470074 2.369350586879591 2.313731250236742 2.28045076016133 2.270001945595141 2.215430082120292 2.209182864563445 2.30541717424785 2.319126272076574 2.354060893670976 2.358913320989814 2.348606108760578 2.353678044401022 2.294514266584883 2.364133132699862 2.384369940435136 2.390935856956276 2.358200725593633 2.322620042592462 2.227841793654079 2.224779029820638 2.239255681335635 2.24531004165874 2.284113752461053 2.307221951276006 2.267521821566334 2.23815384581394 2.243443743143871 2.235209785516417 2.200385432646726 2.21193835548911 2.19423129039933 2.193704419401911 2.201231889157498 2.271386382246419 2.288591907492446 2.194237042078385 2.266074059883977 2.276606479957991 2.29036668381741 2.333705989101873 2.315000815746316 2.268674764429306 2.268643056097062 2.269190367660485 2.265020838069177 2.277559714169911 2.301573630548774 2.295024674032902 2.29853490395908 2.302160613309752 2.289941634808201 2.281936901672452 2.231527912786987 2.18753147177631 2.230389385040326 2.194018431744553 2.22898887149131 2.278083744569813 2.255219146740274 2.265339349251008 2.263900947675211 2.257800964562193 2.191027910732373 2.202112610233598 2.225830217106704 2.240022737170875 2.158305418077362 2.156514525559032 2.168659178551025 2.15628326940714 2.134892766393023 2.144317761830735 2.141749578615418 2.107381378365972 2.103073573667643 2.078000910267292 2.121760336995067 2.102577488152747 2.11127726966879 2.159937672449814 2.15465086918266 2.175630916488444 2.140308091125917 2.207755341474694 2.235300437845581 2.242262472213042 2.19818084470171 2.241491792341549 2.254350110713858 2.257001013393165 2.271893235309108 2.221011543166242 2.195424392135465 2.166526356815666 2.225171202222555 2.246175262098404 2.216337947440479 2.235729128562525 2.323367445507756 2.312557967292378 2.292498300375883 2.270862599463726 2.270549769255013 2.274810527043883 2.336183941586569 2.396325651332518 2.35188504395046 2.324941796745406 2.337235959821555 2.343358481972245 2.369873189236387 2.335259145858799 2.33501034859728 2.344134999661037 2.34611851759837 2.37822679807141 2.419246699286305 2.473462064968771 2.464007125185162 2.595911677854019 2.650434329787913 2.765788370830705 2.890894064643362 3.025151805777568 3.187108625948895 3.417752275105158 3.718936193596164 3.983669754772563 4.410930859296059 4.902376907262806 5.405421913601458 5.945489940793777 6.543973838211969 7.138510225566279 7.898507788997449 8.67883803811128 9.466403435129905 10.37303507627439 11.35175517821517 12.38791039580974 13.51942448865884 14.73429117490741 15.9706531031843 17.2584746886605 18.62727635436386 20.04668779909116 21.41043084294142 22.76381312987724 24.21965659694251 25.61977803397167 26.97288655868397 28.31436888554708 29.66432153772985 30.94820584323315 32.30500665115596 33.64242652002577 34.98559033298261 36.25934107807552 37.49392063662344 38.68855156296922 39.87961732416807 41.0874108482094 42.35035834850169 43.5724626613337 44.78800261413016 46.05708707888243 47.36278892920564 48.46709475231182 47.67057680085418 45.40659164911267 43.06287701245674 40.0069543513091 36.39109986540279 32.96331039693905 29.8875581981556 27.12069665987838 24.64825875396491 22.39713154259516 