# Created by Octave 3.8.2, Wed Jul 05 12:45:56 2017 BST <co1ssj@node117>
# name: result
# type: scalar struct
# ndims: 2
 1 1
# length: 3
# name: params
# type: scalar struct
# ndims: 2
 1 1
# length: 18
# name: cleanup
# type: scalar
0


# name: num_runs
# type: scalar
6


# name: dopamine
# type: scalar
0.7


# name: targetCross
# type: scalar
1


# name: targetLuminance
# type: scalar
0.3


# name: targetWidthX
# type: scalar
6


# name: targetWidthY
# type: scalar
2


# name: fixCross
# type: scalar
1


# name: fixLuminance
# type: scalar
0.2


# name: fixWidthX
# type: scalar
6


# name: fixWidthY
# type: scalar
2


# name: fixOn
# type: scalar
0


# name: targetOff
# type: scalar
1


# name: targetOn
# type: scalar
0.2


# name: fixOff
# type: scalar
0.2


# name: targetThetaX
# type: scalar
0


# name: targetThetaY
# type: scalar
-15


# name: exptnum
# type: scalar
0




# name: r_0_m15_G0_L0p3_D0p7_scsum
# type: matrix
# rows: 6
# columns: 600
 2.316156672932266 5.557650402173749 5.343953305302421 5.14999707617244 5.002362696708587 4.882509617356845 4.915919854327512 4.939033274407848 5.197724705918517 5.672860595925158 6.340407507748751 7.139931624282326 8.126719586391118 9.219530568352639 10.46532549705444 11.71903045604267 12.98352693671768 14.32809303159229 15.6572213325926 17.05725280963088 18.39557720036464 19.72171162898303 20.94866587982688 22.10946323143799 22.99879677131685 23.6144424488557 24.08992644557293 24.255012245736 24.08991639567103 23.56088225996791 22.63315441630402 21.34489391002717 19.54705499682314 17.72334662800131 16.06828838725232 14.60302711585609 13.25326020363173 12.06238780209242 11.03228211854002 10.03715949422622 9.234243051185331 8.474115618893848 7.776063617242471 7.110465159788873 6.64765289918796 6.102072637891979 5.707544951459568 5.276875498828304 4.966768727448652 4.643018871651293 4.359660936690489 4.141497583950695 3.962431091704275 3.76630789750925 3.600993423733598 3.46374074806954 3.291420491503231 3.190246202535036 3.008436214251788 2.929195152137254 2.855946820760437 2.793915588150412 2.735664321386139 2.693763310682698 2.654162450064177 2.606020774386707 2.580159362751147 2.546461414956866 2.536482084222371 2.510859495023396 2.460845837500528 2.483456499388922 2.458544842411357 2.452642247793847 2.419454318212956 2.418654615052219 2.411189742506394 2.39795610888541 2.388957735187432 2.374954854360112 2.376752429083353 2.393096971236446 2.394693794260093 2.332233659504709 2.307723488629563 2.35929499741178 2.399905508820666 2.389043891103938 2.388435938897601 2.364334459758538 2.380075899036456 2.367706673168868 2.384813091492106 2.297546565698212 2.299626733802143 2.312340486441826 2.305837843250629 2.271586387978459 2.314472386104171 2.292332016251748 2.258626475906567 2.237541922117089 2.269519472005413 2.300005735498416 2.320774304571387 2.315583950134169 2.310703614559316 2.341836308823986 2.288892817046872 2.264700590858411 2.255696510474081 2.234080903711401 2.287574275389488 2.366394296139333 2.347261412120133 2.310146498773975 2.345052417545958 2.340144679412333 2.329913077366655 2.305425915055821 2.298087682160258 2.312531942705391 2.335139203536528 2.352902420436294 2.376012324493786 2.307447909718576 2.328462616162142 2.283157467889396 2.314369696727226 2.35278091836517 2.362216169898602 2.376035169596435 2.408132054702946 2.373557832215738 2.373427945160074 2.384670885237028 2.366054782083665 2.350201174158428 2.366791333815854 2.331114787726619 2.288985078706901 2.318092393968982 2.297469708650169 2.285727398069866 2.314443121102158 2.326733997113479 2.351255859270168 2.338800341814931 2.335042172344401 2.299003113454091 2.271548737797275 2.288385477179872 2.266715062592993 2.25998118861753 2.260567314700893 2.281994389297324 2.264475551484793 2.223717376609784 2.244721819290135 2.219053927990899 2.230254922042377 2.1952010269124 2.248004501136165 2.278288190977037 2.340767124809645 2.302712263144713 2.259459129161769 2.265303310094168 2.256488455852377 2.250980001997959 2.276339011106757 2.307339952922121 2.330292666352761 2.276074529283505 2.289868904359537 2.333702583553531 2.289168750332465 2.308487111431532 2.315969307997875 2.287618687485519 2.284742411713523 2.316471312820795 2.250034915632568 2.230995778360011 2.226192086171068 2.212019485865312 2.229606793327548 2.200969174267811 2.229537809402245 2.202661461471507 2.220941262043198 2.2045532369375 2.245816344839113 2.190012970500902 2.213722636621242 2.193705358200532 2.167979962947356 2.16490440403868 2.187221257070632 2.201924058728764 2.237313383218861 2.178187064419035 2.204225903202314 2.237565874795109 2.201422567617556 2.231832104267596 2.252646062479471 2.230530944594648 2.266636826345348 2.319008103369924 2.297801484412048 2.288113968921607 2.254304787758883 2.25731408880165 2.277440375277365 2.316953719804587 2.351864526543068 2.347044469957837 2.35895587138657 2.297937140458089 2.340895839875884 2.322927626530145 2.34875820243542 2.311670355804381 2.345672035718962 2.332342393416184 2.309458193740284 2.308347755348223 2.297448631214138 2.279671074349608 2.239052851744418 2.225267041401821 2.268834227492334 2.266660734945617 2.303092773599928 2.340273526275269 2.343038961143066 2.295257874127856 2.281492380403506 2.270834897697114 2.247907740194933 2.266929704499489 2.306212526617855 2.338021576721076 2.332189897339958 2.347488515112218 2.324904883656927 2.36157966927567 2.393872311582527 2.367870814054186 2.374525775805523 2.368375381174701 2.386794373618613 2.350203708745539 2.314340617322159 2.31532752741623 2.332560296144948 2.277987326469884 2.333963274482812 2.343898807459482 2.342638188209094 2.299055803930969 2.281300428338 2.332509458641653 2.375018854923837 2.371150064143876 2.42879885835282 2.431698584732658 2.383240903749538 2.383442941842077 2.385519852548896 2.431913822285424 2.388697991627851 2.34560033067828 2.347822351130162 2.384889870041661 2.37518124435519 2.33422354942013 2.372949854054241 2.32540395711294 2.319088791728973 2.317644550792465 2.355448455725309 2.2964788192985 2.30869929515211 2.292717127740616 2.264131459363853 2.269343861222296 2.221476315375185 2.200279379183485 2.232760619284818 2.213025519002258 2.180636369015701 2.167877426333916 2.15696742732689 2.132181163098721 2.178066896158271 2.160705102469365 2.131000647150358 2.148591957618919 2.188030648670974 2.202964896685444 2.240081205949537 2.20689162734925 2.156995843790355 2.176271465463287 2.180695505212498 2.247700732536032 2.27882070987107 2.307431842906226 2.272349924620357 2.210967238788726 2.22973575578726 2.205568943441904 2.224951929342751 2.222008861775976 2.236050925992458 2.225399660612311 2.176484138704836 2.152216033238801 2.170033892289212 2.112179244904837 2.140807794508873 2.158241273258682 2.198242054713774 2.24818811458681 2.292161000867054 2.24898219708848 2.284088222371793 2.308798932179343 2.383080661771601 2.513181153448386 2.684632590528054 2.852020108471152 3.066226997010745 3.34685603163598 3.601423582735151 3.991799570369039 4.376397084291966 4.870151696519315 5.307841771735184 5.939819284110854 6.534187060344266 7.194473398980335 7.935279265757345 8.803053846278999 9.704242301719205 10.66268974778359 11.71115923037723 12.76319668136784 13.87897229723967 15.09295019113142 16.42691153314809 17.73717573532485 19.09936392232703 20.42634300530335 21.81431889583109 23.20719446006115 24.61249152192795 25.92232234850962 27.26214632674964 28.68271982571969 30.05013447944293 31.4164214040793 32.82169805957528 34.09122377889435 35.40764584396311 36.60627738739277 37.83112715903189 39.06710903850035 40.25032213586746 41.44905392124383 42.66865552261515 43.9032049597663 45.06187189446791 46.32126029843084 47.64829344807367 48.93334230711844 50.21951802845069 49.97609406135598 48.00198527019893 45.67638166279357 43.11706526097259 39.80946478641272 36.11750008110721 32.73079329413667 29.68917425166728 26.96944582166907 24.47669314356608 22.2696217500129 20.28263998974671 18.48349323328875 16.92990422058938 