# Created by Octave 3.8.2, Wed Jul 05 12:46:09 2017 BST <co1ssj@node117>
# name: result
# type: scalar struct
# ndims: 2
 1 1
# length: 3
# name: params
# type: scalar struct
# ndims: 2
 1 1
# length: 18
# name: cleanup
# type: scalar
0


# name: num_runs
# type: scalar
6


# name: dopamine
# type: scalar
0.7


# name: targetCross
# type: scalar
1


# name: targetLuminance
# type: scalar
0.3


# name: targetWidthX
# type: scalar
6


# name: targetWidthY
# type: scalar
2


# name: fixCross
# type: scalar
1


# name: fixLuminance
# type: scalar
0.2


# name: fixWidthX
# type: scalar
6


# name: fixWidthY
# type: scalar
2


# name: fixOn
# type: scalar
0


# name: targetOff
# type: scalar
1


# name: targetOn
# type: scalar
0.2


# name: fixOff
# type: scalar
0.2


# name: targetThetaX
# type: scalar
0


# name: targetThetaY
# type: scalar
-7


# name: exptnum
# type: scalar
0




# name: r_0_m7_G0_L0p3_D0p7_scsum
# type: matrix
# rows: 6
# columns: 600
 2.295076459697157 5.416294580121757 5.24004449270069 5.050841010881413 4.844490836914702 4.690047322903411 4.716106531683181 4.891338239792276 5.267266443166591 5.708875603573688 6.384343285139039 7.27743218770047 8.28394234876032 9.369502796107554 10.5127095803673 11.81975400105148 13.15740381925934 14.49839000357315 15.89939479893656 17.27637958716514 18.64926169217506 19.99296127785783 21.21536657227261 22.25139105891867 23.13932422876314 23.80337395243259 24.17489238568669 24.35811701529747 24.23979333516399 23.69032886564673 22.74439364611317 21.4826634902056 19.71063840304851 17.79046307405224 16.15949851960613 14.67920982322539 13.38437004521984 12.1909101281417 11.1239594788567 10.13008882226131 9.307437098485025 8.551081981400785 7.808820455258683 7.169593223492484 6.659100602497347 6.204971189581556 5.669206808430317 5.285119458079862 4.937482981775247 4.62484877218958 4.285971523753688 4.056741869644611 3.891542623307032 3.697543729981589 3.517919354198966 3.321058488005292 3.180128592310211 3.063305424700957 2.929233388069406 2.753659038473415 2.666860285067742 2.619131527539139 2.57305724183334 2.524152630809112 2.456728382519941 2.42529780964469 2.425643234641029 2.400694153438963 2.359430553558923 2.320644082369654 2.284690190044785 2.326575146911637 2.314021826980024 2.324736380000104 2.307208214377169 2.315055261209636 2.23497455648976 2.259576398941135 2.267680952238152 2.299777689408074 2.308077405530639 2.315687877875462 2.309063608085125 2.316904872604937 2.288842934467539 2.275568851051503 2.287171424664848 2.331394171393185 2.331930088759691 2.290959610079881 2.286877217717119 2.307539312067092 2.282582271262072 2.224297718395974 2.235981188299775 2.245740237412974 2.353164571180969 2.338056951688486 2.341463780634513 2.326846535110235 2.317810637927323 2.338404444846674 2.348035770515708 2.372008325379284 2.435817365556431 2.398483917604608 2.383009713412321 2.434059345818241 2.382935713389088 2.401316723324271 2.480245519531309 2.484166484056914 2.515372327077785 2.483630235758028 2.483115668066603 2.430372016908223 2.411542580292007 2.385133847856196 2.331053782392701 2.30284127633422 2.335149461363471 2.281294639898988 2.306119156644854 2.295988539979589 2.275463425379712 2.211464653802068 2.202429595790818 2.194971200562577 2.276654332003091 2.243947320490406 2.25349097439539 2.262263090458873 2.290072587646137 2.260367101585871 2.299180596172846 2.36573292538742 2.390928731270833 2.300629481636861 2.307552651582228 2.343878802479594 2.37083405906742 2.340720777472598 2.327773703264029 2.329261918976044 2.343262677670282 2.351015948117492 2.325978058070177 2.371759363064484 2.324682479586045 2.281217103343806 2.290577791689429 2.30619280202518 2.303882851476374 2.264113268560322 2.233413909991214 2.229485431897047 2.283100955055488 2.295199011117802 2.24088457234393 2.194845880150751 2.222686765664548 2.27443503561517 2.251475760393078 2.27223822734959 2.338568554354424 2.304594273133262 2.275503941671559 2.242607149550167 2.257335318106925 2.301887379187974 2.3274408503421 2.363596438403874 2.33273635138903 2.330919024007017 2.251264450205781 2.305502146817162 2.317259130155435 2.302994925037638 2.299610939007835 2.257878522124884 2.262004990242076 2.280675690566568 2.287396662286483 2.239649786111841 2.242280804078291 2.299948748543102 2.383590580102464 2.300220606561197 2.245066136467358 2.252823547898515 2.31224421603838 2.346675575812696 2.273474852550862 2.287833317404875 2.28761481679976 2.262826970499191 2.209692027907295 2.225441364149447 2.16989094739256 2.169320497094304 2.205145142299443 2.20934139972087 2.200916704270639 2.196060759048123 2.193735829780053 2.176200061621785 2.141325492098986 2.140229720827847 2.171129111709888 2.175775234311004 2.220470043088426 2.196721940716088 2.254453540987015 2.252587017046608 2.217901901469304 2.251485531880462 2.250985461312666 2.295247757632751 2.278157066844869 2.28421260686082 2.210866344634269 2.211589776026813 2.187674300279468 2.256333440524031 2.228611760867352 2.284047279128572 2.262091227523342 2.216421787336003 2.245222252087842 2.246312063041842 2.27144740735821 2.209957157614554 2.231158702757966 2.23495539794385 2.266047501601861 2.29103987893177 2.272511028297231 2.307061561816226 2.280787793672062 2.290974808040119 2.294560002432263 2.278119493028498 2.268394276667095 2.230868935461331 2.239869328601344 2.285478134686855 2.323547268926632 2.339669951548785 2.365238834801858 2.379430844859598 2.393360719172051 2.396489722908882 2.413760195689974 2.405506460047036 2.417815279623028 2.418787387035991 2.371093437935997 2.342542541900912 2.320523995127587 2.22386824763089 2.231768457008002 2.26558779781044 2.34285176575213 2.376848157430686 2.375681648423779 2.332026239462721 2.303362209226179 2.351044098482816 2.295753790254821 2.276193030402283 2.215961950169003 2.263493001948518 2.260822769989318 2.185040409662179 2.262281043353141 2.325053999411466 2.31405521763736 2.250964332735748 2.239317105471855 2.22479346448381 2.265239844400639 2.252002057699428 2.30930186581827 2.305607631784369 2.323820490075377 2.403956723736883 2.368351073331723 2.351977809659729 2.385276157736371 2.306186612304373 2.354780563320674 2.314687219410189 2.35967231617542 2.289841174487265 2.238745274720713 2.233023202403274 2.211147492267628 2.223989114339929 2.245284906945017 2.259987959834689 2.1807224306649 2.211253062210744 2.235669889771088 2.238686937314924 2.29212040114362 2.3512425689878 2.42039596682298 2.486522598097508 2.665470717334756 2.91307887133371 3.298215017697657 3.714143002769561 4.236208471949794 4.749257589406625 5.568292765603474 6.336371519279055 7.180046565321391 8.142522357884445 9.164412414684193 10.20868719102145 11.47682695761614 12.79129336820552 14.1913198387756 15.75294456437769 17.37085029829177 19.11142025564186 20.75901613353926 22.30128755661462 23.80416814229602 25.40024862853534 27.02969417656277 28.64479875149118 30.24025601781977 31.66925461416395 33.07088967360323 34.46235592758603 35.82292400084407 37.27674191071037 38.79668134665553 40.25431721349378 41.60619963244972 42.93242915131759 44.21583672517227 45.40401263454987 46.70893113522834 47.82812072671186 48.94308766509494 50.12645462818364 51.32822825195035 52.59136670483713 53.8031537617353 54.99083762156079 56.15172779389104 57.37240738451328 58.41989672534692 59.53150481331613 60.66165374834964 61.72506680996594 62.85361594531787 63.80725295725279 64.73446966751362 65.68198083511743 66.63254603669338 67.58091851205245 68.52060859632184 68.76255468319869 67.94161784206426 66.20576013562459 64.16911637964949 61.78563657779523 59.07395834080307 56.26440032441315 52.51223782421675 48.05078876556945 43.43480460214414 39.28028788459778 35.62751523171028 32.24986004887978 29.2533141052445 26.60155612661765 24.1811233837434 21.98332322005081 19.9953280725822 18.19467359238752 16.55695575334539 15.10032077242795 13.81770066595709 12.69041885413571 11.59440602065661 10.68468109150126 9.798797955634654 8.963246939732926 8.332794561974879 