# Created by Octave 3.8.2, Wed Jul 05 12:46:09 2017 BST <co1ssj@node117>
# name: result
# type: scalar struct
# ndims: 2
 1 1
# length: 3
# name: params
# type: scalar struct
# ndims: 2
 1 1
# length: 18
# name: cleanup
# type: scalar
0


# name: num_runs
# type: scalar
6


# name: dopamine
# type: scalar
0.7


# name: targetCross
# type: scalar
1


# name: targetLuminance
# type: scalar
0.3


# name: targetWidthX
# type: scalar
6


# name: targetWidthY
# type: scalar
2


# name: fixCross
# type: scalar
1


# name: fixLuminance
# type: scalar
0.2


# name: fixWidthX
# type: scalar
6


# name: fixWidthY
# type: scalar
2


# name: fixOn
# type: scalar
0


# name: targetOff
# type: scalar
1


# name: targetOn
# type: scalar
0.2


# name: fixOff
# type: scalar
0.2


# name: targetThetaX
# type: scalar
0


# name: targetThetaY
# type: scalar
-13


# name: exptnum
# type: scalar
0




# name: r_0_m13_G0_L0p3_D0p7_scsum
# type: matrix
# rows: 6
# columns: 600
 2.291087300694926 5.515596979619659 5.330489830102124 5.062504961773811 4.785131690456183 4.676720919513173 4.736156702620065 4.868443138126167 5.144789437221334 5.653323755563179 6.280440770631685 7.103977750299237 8.187330075066711 9.31360958332516 10.53183093691769 11.81783076023567 13.15085428504244 14.48594417352797 15.93801955709205 17.30472892398393 18.61001655158725 19.92831382971781 21.14465123580521 22.18139923845592 22.99380443592963 23.61610520198155 24.01362663274813 24.1303971780726 24.00585434047753 23.43307886727416 22.56798964372138 21.28816139233095 19.54341824630683 17.78739297835091 16.09541233500204 14.64792758440308 13.30206883583014 12.04575653330539 11.01760421632571 10.09034781540504 9.152058095650318 8.479229053496965 7.739033445592213 7.15159181139461 6.559512064042792 6.000081887674241 5.530500514185405 5.189705039047112 4.853964623693173 4.576860749897605 4.287271765089827 3.989494964967889 3.817927780859463 3.612995248233347 3.491351528347877 3.371985233119631 3.272611239426624 3.116764172238618 2.977402355929371 2.911359594072565 2.840677444637549 2.79599555904133 2.723285193682386 2.65090459115163 2.599498512892751 2.568490578520141 2.514897232744261 2.442384240523097 2.442724958855251 2.399885777909731 2.415772752226985 2.416897542094375 2.395090869307751 2.383335430655279 2.362673068066215 2.309714117785916 2.289472970463976 2.266787466782262 2.259048326639459 2.243532503478491 2.277066461196227 2.297526426114928 2.322320771625527 2.306703365524299 2.344240650254505 2.283202962840733 2.213641254300455 2.255524665728444 2.283094467102273 2.295664083863812 2.283857134429127 2.311018254649753 2.293125530308771 2.325343030272052 2.398444622427633 2.350302263621415 2.358769885518996 2.405731766537428 2.364577931354688 2.428928888472001 2.393217984996227 2.392796778029151 2.370855240020319 2.34092779574712 2.347039073563792 2.301657492649611 2.281961204320396 2.24035830412322 2.267573451208591 2.324921868865204 2.331234917086931 2.316726799879689 2.34785307254424 2.339009617599004 2.36799142856762 2.362728605901793 2.305062848492526 2.306069923237374 2.240415611973731 2.22257487724346 2.275779665804293 2.306290637807251 2.334096606977255 2.305699670248032 2.329219076164009 2.35226138055441 2.402788801140559 2.373483832969214 2.390643660924979 2.360388684759528 2.298974554198139 2.244327458731277 2.286755602517587 2.26516248113694 2.222426514314066 2.24323707165604 2.227927753181575 2.263866320179659 2.276854381263547 2.207353642477756 2.195856771893887 2.202175685386464 2.17514085282528 2.150228301128664 2.130365463948692 2.12836401390814 2.140019563317765 2.163393709150114 2.21558964336873 2.242102516680461 2.208892288183961 2.237536287525472 2.326319684259943 2.337604962958721 2.284429307532264 2.304324265234754 2.259806303842197 2.301866755828087 2.348915247930563 2.312440567438898 2.271559516128036 2.279407592166535 2.269185350352927 2.254200439783745 2.244382125034917 2.252239309869765 2.270632212273995 2.251558795047458 2.242226358226617 2.226380586862433 2.263832942258887 2.245236419863431 2.316133928590716 2.352859156953855 2.364102232626465 2.331364671621486 2.3159361780572 2.298664124616153 2.331677699512511 2.366750981549558 2.341375232019345 2.326646430636174 2.352051867317641 2.304013995417336 2.299288542402792 2.318271649342933 2.354850104067737 2.37834878317517 2.439925311842671 2.417038927815156 2.426417539129034 2.41086123435889 2.389935861479898 2.356562277120247 2.322347928222371 2.369594170493656 2.383690837552422 2.398593655681907 2.365888055675896 2.400854695326416 2.37596271748771 2.443668789863295 2.419792262091505 2.3839875579215 2.362592829907953 2.3852865027402 2.322700164579146 2.322988888043255 2.319021381350467 2.293611628585495 2.189315076648199 2.230193424409663 2.226227095078229 2.281038800894748 2.237439225344133 2.255653145723045 2.228434604679933 2.154006714219577 2.153066255308659 2.221992520167987 2.24388479461777 2.244847722502527 2.258818002512271 2.23524493610239 2.228043141664784 2.261151073205838 2.225531141262763 2.297900201221637 2.275625667156419 2.276273687835783 2.29891574865178 2.288474494940601 2.30173414091405 2.322906760222395 2.310487790105981 2.288873494486324 2.223696672692313 2.221023093068652 2.210772487009308 2.249843822428375 2.215843903504719 2.248803065965149 2.227451624876267 2.30517477480862 2.25908915398395 2.309261164633426 2.352016676759376 2.320808660682815 2.334529462616047 2.311421020305716 2.318193883671483 2.271512794788578 2.286484836069576 2.345471456163068 2.31339489687798 2.317447929248374 2.367430541700742 2.382347923077759 2.399371733514272 2.440401736330386 2.45540012607762 2.392403559530067 2.417818744124816 2.411191426574078 2.439878366360063 2.398802880161384 2.348013615406671 2.286948205743101 2.32495275598194 2.313375321289641 2.305041759384039 2.344194432953373 2.309107273678819 2.254730771248433 2.277149354915309 2.295230036521389 2.272825165007816 2.256985882675508 2.230545512586787 2.259789759707928 2.272240272723138 2.265043970533952 2.299548691880773 2.306231483998999 2.274292667312693 2.274334579204151 2.293732490419643 2.277925796239288 2.336838237839402 2.350715099893932 2.340182580814144 2.315798382300272 2.281892871400487 2.287409119835502 2.27790784309218 2.291613816112658 2.314428557911015 2.305158226686672 2.342987893844111 2.30187678018774 2.348069021787524 2.399490911804605 2.377847928801202 2.365102940331781 2.326206681995245 2.341203638221486 2.352740715316031 2.319154190809058 2.349514018991613 2.329014189934242 2.344812293620635 2.355317504969207 2.387631714237614 2.390961801298545 2.405444986652583 2.381650006460404 2.32742622182559 2.375174352589966 2.357662302470999 2.339918899629993 2.352686686081142 2.402175625378732 2.527506482550052 2.620517697463583 2.811283109858778 2.995367897339747 3.26002334050645 3.584661446184327 3.909516260584496 4.379241966185873 4.882666084544326 5.390877404141065 6.02584598690737 6.679047720939707 7.479786200761282 8.290971907150379 9.247454642198136 10.29818593410891 11.35693676829396 12.5767962913942 13.88520365156728 15.22253058674323 16.6279064908158 18.1016613317297 19.65998565947666 21.22759739868343 22.78180587208772 24.3305370897433 25.78776703105177 27.28680720072953 28.7297362797799 30.13934139956837 31.56994499652501 33.0045828512666 34.24405443174328 35.50794653376215 36.91103619255955 38.27983321482316 39.6362287047632 41.01585619721664 42.38089632021001 43.71541159973276 45.00368606871052 46.39997472394316 47.75739875245927 49.06817322069037 50.36407062721264 51.58063288700214 52.80537047943835 54.09713261237994 55.38964994230628 55.43414539827063 53.76647712919294 51.61576978029188 48.9849384661502 46.01576432615548 42.23501536259573 38.20192237575975 34.62875228960183 31.36426892304735 28.48317903719726 25.87575110689068 23.47479237942389 21.40372823862708 19.45807944898843 17.76406153143762 16.17592576436073 14.73802283162331 13.55803048009511 12.45095071923424 11.44082446400898 10.55574230568163 9.733646208529535 