# Created by Octave 3.8.2, Wed Jul 05 12:46:15 2017 BST <co1ssj@node117>
# name: result
# type: scalar struct
# ndims: 2
 1 1
# length: 3
# name: params
# type: scalar struct
# ndims: 2
 1 1
# length: 18
# name: cleanup
# type: scalar
0


# name: num_runs
# type: scalar
6


# name: dopamine
# type: scalar
0.7


# name: targetCross
# type: scalar
1


# name: targetLuminance
# type: scalar
0.3


# name: targetWidthX
# type: scalar
6


# name: targetWidthY
# type: scalar
2


# name: fixCross
# type: scalar
1


# name: fixLuminance
# type: scalar
0.2


# name: fixWidthX
# type: scalar
6


# name: fixWidthY
# type: scalar
2


# name: fixOn
# type: scalar
0


# name: targetOff
# type: scalar
1


# name: targetOn
# type: scalar
0.2


# name: fixOff
# type: scalar
0.2


# name: targetThetaX
# type: scalar
0


# name: targetThetaY
# type: scalar
-8


# name: exptnum
# type: scalar
0




# name: r_0_m8_G0_L0p3_D0p7_scsum
# type: matrix
# rows: 6
# columns: 600
 2.235174771994934 5.366378004102444 5.15793966498677 4.960888527779389 4.754546024159936 4.654995515134942 4.721629747051338 4.911591817866793 5.103406916838139 5.581264040993119 6.21728772141978 7.166076724069171 8.256403238333405 9.375325708198943 10.58376650261198 11.76426027233174 13.09887364726819 14.45124189043418 15.90097705809239 17.24697573729281 18.6530303773543 19.95292488406176 21.17662152420235 22.24109865632272 23.12877804721211 23.8234617641283 24.22128214601253 24.32339926736313 24.06671459259087 23.47573639405891 22.53306996910396 21.23404936530642 19.45535198474408 17.63268315736786 16.03292500274983 14.54862033789686 13.24692471127491 12.05985440107543 11.04904163838364 10.15522851356218 9.315822069671412 8.579416141070396 7.808131732876063 7.198704039779841 6.685578393262404 6.199861081104245 5.802202864704668 5.386295350494947 5.055179444520036 4.690754985098465 4.399611570472189 4.12921185016603 3.90300036159897 3.732609284739738 3.492658538212709 3.39716699958808 3.246039812198433 3.161169113765936 3.045012539085292 2.953809224836732 2.880157126866834 2.793814774609928 2.69831713270105 2.68587919986021 2.643546918792708 2.55791900861368 2.534385842516713 2.483246918112854 2.463802159385523 2.378371479037014 2.303910099944915 2.353903054259717 2.34199503891432 2.302537515250151 2.303458492935533 2.293229000535575 2.202120974707213 2.200672178718378 2.252980814337207 2.241970298753586 2.235998127158382 2.248426793594263 2.228320487876772 2.276462635187272 2.328033046887867 2.290374294330832 2.28190515384631 2.284652077549254 2.315984457987724 2.384319835880888 2.435437230618845 2.391634165971482 2.366992305731401 2.323584351030149 2.341544599041299 2.320259842701489 2.299990403975244 2.260657469640137 2.274418370812782 2.240860793790489 2.253496836288832 2.24481308299255 2.244469262270286 2.268893350163125 2.242379264423334 2.242308918230265 2.228690131429175 2.175470742826292 2.171837407720886 2.181744297904515 2.222589079427962 2.230575349381979 2.219432583293383 2.234398013333703 2.188792827335419 2.159556633865577 2.154095457721269 2.171508315675965 2.234498118654301 2.238527335670369 2.249400078129838 2.24694627149438 2.232619938185962 2.256695156887872 2.256698257009703 2.271680701134756 2.293588264808932 2.315244566336332 2.329690769152876 2.35606847955205 2.331623912177747 2.306472098655831 2.263773352926364 2.293424306320958 2.288912465781323 2.238583086189465 2.260020406691183 2.250990370790532 2.286248712924134 2.298598763511109 2.265081031000591 2.364403033743656 2.33316018329424 2.29764603539661 2.353663390393194 2.333674514513405 2.352888610454102 2.354709705090499 2.368025062918605 2.394768624217249 2.394748045033339 2.392989949088587 2.324400163008249 2.281153641510173 2.22685965587516 2.211257266204484 2.209164689880708 2.230402778885036 2.176540143547754 2.168436753632704 2.137572337087477 2.221021206252772 2.216922284864268 2.240057423258804 2.225047659667325 2.211561114334472 2.160639533882204 2.229211090147146 2.24513345449941 2.223820695953691 2.173347247799029 2.236909728177125 2.233005210546253 2.23424487363809 2.28213085036441 2.339813300128299 2.310479377469164 2.352140055230848 2.371665248920181 2.37784533559352 2.408760404414352 2.424441872881289 2.407846375655936 2.358108152093337 2.362060363768251 2.33846571246977 2.389191505757481 2.458419421452163 2.489345874113496 2.483373861890868 2.466586983493471 2.375717098111636 2.37695403611724 2.32972131043789 2.347093040880281 2.319698819611403 2.329058440845984 2.29586280572039 2.280608064618718 2.274419050358119 2.233030455870903 2.28166550300557 2.275108891371929 2.276696790788264 2.284039978272631 2.304870371666766 2.322326558081841 2.294022380832757 2.297557836549458 2.307833578386635 2.308487466647421 2.305168829661852 2.338345537893474 2.321956795058213 2.284795023970219 2.265592383599142 2.279051582907414 2.256816942599471 2.213103974498154 2.232170821755062 2.240703110626782 2.274064367415122 2.285051449962339 2.277750586734328 2.301065054070932 2.306803329651302 2.256487032227597 2.29329657148628 2.342217889945459 2.400665024739283 2.37582076059698 2.363353191929491 2.335907206197589 2.354568745067809 2.303901846149529 2.363490073053981 2.339412770817944 2.310992215258011 2.360514435526056 2.313768840045668 2.314797324383107 2.350515134763555 2.319918892419082 2.271322602573491 2.353725753273466 2.261855392120196 2.25249651869126 2.249933078335744 2.24837243406364 2.231594207354647 2.218546483234604 2.292928064049192 2.304567506353123 2.297520315875772 2.27561581061309 2.323780046899628 2.325889859122981 2.315028880373575 2.293640366184263 2.30720531602492 2.331183156959014 2.305899652870721 2.31716860898814 2.326632163592876 2.31483617099002 2.37015035252989 2.36481913715761 2.37541024618622 2.342040435069066 2.360306938451686 2.361965656120447 2.317636996445799 2.27778337356358 2.295161436592025 2.379321616106608 2.36967132013524 2.3460177411107 2.360288845181458 2.350811366661219 2.354833629849963 2.303417173115122 2.285427202557912 2.29054132066085 2.26102002110747 2.2756801773603 2.311229298407852 2.362796385568799 2.337677024630466 2.350350464987059 2.375872843920661 2.384295886342443 2.339495167801942 2.287366333865066 2.317902776507253 2.246586383102112 2.289695110612229 2.237597452167392 2.287296941285604 2.302558798026439 2.35278334215036 2.324226015218301 2.300488177388615 2.373054066385521 2.335813416659221 2.302624940217356 2.280629879525804 2.3006937232567 2.327436012230464 2.410242826332251 2.530406435780606 2.752306885871803 3.066339732642518 3.516552189346839 3.930205142314662 4.493712028632217 5.13745544381527 5.911059038953681 6.789499744460045 7.841729624808067 8.971825744301896 10.30964157068956 11.58871202900627 13.06063268861726 14.67773839900838 16.43200259438163 18.23198767163558 20.11655373756003 22.0300983803736 23.89509351190645 25.76120217473363 27.55534806683136 29.32157922683837 31.14361417270811 32.87404512671856 34.65619010533555 36.30088726249596 37.84908473152245 39.41501939374939 40.99455295813823 42.66887113169651 44.26150382542983 45.99885631637153 47.70236041411408 49.31026142848714 50.80298006765952 52.32089536073181 53.90063478704906 55.33798347353513 56.80327193430003 58.27610593299323 59.68021775712987 61.11148293213046 62.46200977412809 63.83876982962829 65.19573506525921 66.48968200980926 67.8037466310634 69.18892601418702 70.56514653712657 71.96565372961959 73.21810440016998 74.50308396906257 75.8525895206767 76.27836464663415 75.26443865689362 73.08145743015484 70.55104040799415 67.88190638769629 64.82528022347105 61.21156788167718 56.72513846474249 51.45302337772591 46.56323848786269 42.17420180169938 38.15225221035871 34.52979279580177 31.28116209132713 28.40724722662708 25.82015710564156 23.46666600076423 21.32903884809639 19.39494763103721 17.64613702739916 16.08144031893244 14.69678808214212 13.40305736164919 12.32180005696137 11.33286893175682 10.42446224890955 9.558697321066575 8.840465950081125 8.206815719024235 7.608672733615094 