# Created by Octave 3.8.2, Wed Jul 05 12:45:55 2017 BST <co1ssj@node117>
# name: result
# type: scalar struct
# ndims: 2
 1 1
# length: 3
# name: params
# type: scalar struct
# ndims: 2
 1 1
# length: 18
# name: cleanup
# type: scalar
0


# name: num_runs
# type: scalar
6


# name: dopamine
# type: scalar
0.7


# name: targetCross
# type: scalar
1


# name: targetLuminance
# type: scalar
0.3


# name: targetWidthX
# type: scalar
6


# name: targetWidthY
# type: scalar
2


# name: fixCross
# type: scalar
1


# name: fixLuminance
# type: scalar
0.2


# name: fixWidthX
# type: scalar
6


# name: fixWidthY
# type: scalar
2


# name: fixOn
# type: scalar
0


# name: targetOff
# type: scalar
1


# name: targetOn
# type: scalar
0.2


# name: fixOff
# type: scalar
0.2


# name: targetThetaX
# type: scalar
0


# name: targetThetaY
# type: scalar
-11


# name: exptnum
# type: scalar
0




# name: r_0_m11_G0_L0p3_D0p7_scsum
# type: matrix
# rows: 6
# columns: 600
 2.284027372437777 5.480170044171246 5.288152536726557 5.053582918226311 4.871507564283093 4.782813773457747 4.745098070830863 4.813818036502198 5.137904183946375 5.645292287514167 6.351985507611971 7.261202272879018 8.209358508731384 9.359301360971585 10.5878381815819 11.85656159280734 13.24301509353245 14.69225103793724 16.03427528445172 17.44720287893688 18.85483509111509 20.10178120400451 21.30927100294139 22.32350677969953 23.20950138877379 23.92437320082445 24.30965033198299 24.4330089149953 24.1753642592812 23.59176670381567 22.63515619636019 21.30028130354913 19.43080859215115 17.60753291199217 15.91472841316136 14.47755653400964 13.14742675475281 11.99413391258713 10.93718032563629 10.02024547429755 9.181375228832621 8.411103685539274 7.725848805137502 7.11947816180691 6.586212195849839 6.08809245791781 5.628412236779695 5.252496808559954 4.85821912602114 4.572607054640685 4.296734847048356 4.081258989048365 3.849895425111754 3.714443265018417 3.571396508771073 3.483065138036181 3.337536085113243 3.168799333179777 3.069283782911953 2.958473848630092 2.848009655914211 2.723442267735663 2.684342476230086 2.686154740269558 2.636531412001204 2.626463362437789 2.662360001151683 2.549973736939137 2.523858811982791 2.518245764127641 2.471943183911208 2.467515636279131 2.430155665770144 2.421912067868107 2.45102579021659 2.363297267915186 2.32944289399893 2.346826106222579 2.348538489124621 2.330856311036769 2.313073513840209 2.317507342009776 2.361235969678091 2.332250893330638 2.330833305297347 2.284645692663617 2.284989569248864 2.300942166843015 2.303655954849091 2.287762136889796 2.21868931303834 2.316758192919224 2.34608687684522 2.362298092331912 2.331639461888699 2.334199753182475 2.337194866289792 2.321154887795274 2.312497640530637 2.320620074038743 2.32315909002682 2.272244549381867 2.29597786272825 2.340911257510015 2.34428775744891 2.330099290789803 2.378105610114289 2.323292109711474 2.288860893804667 2.247440024766547 2.223653317429125 2.164297795854509 2.216570374501316 2.219717847143329 2.204435882220423 2.26098619185359 2.23590210461407 2.275655970021035 2.264392589795534 2.29121015052624 2.279443684856233 2.275661874478828 2.314745011346531 2.242559832207917 2.251523388583337 2.222849214133021 2.2571455651414 2.283589085462154 2.229930152956513 2.233749562197772 2.268957611602673 2.275772550303373 2.243228370178258 2.269905904700408 2.252970318491862 2.210354067043227 2.193248483130446 2.214552828721935 2.223512023208968 2.236853297132257 2.276440869063663 2.286892820209687 2.280002633859112 2.241663905886526 2.244513651913621 2.279170859135775 2.265131010516598 2.266441158582893 2.35665024393893 2.338047411218213 2.298280942362908 2.324366233693581 2.326927696478378 2.27697103999526 2.273595190275955 2.25353345995245 2.262585700882482 2.287167618986132 2.241500946136512 2.26571862041601 2.345432672249444 2.351285844411905 2.352390733980428 2.393247586169309 2.331486217615748 2.385291820057319 2.381392665767635 2.353895843600185 2.359387445652828 2.317015710912528 2.332407329333364 2.298855228898901 2.317143592950742 2.368150169335422 2.426313711110197 2.430845224189397 2.420519185034209 2.338253442103451 2.315253672384642 2.309617834103847 2.351211465320375 2.344090930266248 2.332601175230593 2.313871715559799 2.315883150415175 2.350747010706982 2.352849000260903 2.303086603744305 2.325515995042224 2.279060083839795 2.305784781623515 2.268087717804519 2.280608310516982 2.276579661109281 2.293829231188283 2.321694126236252 2.316989065046073 2.291706461459398 2.284025889955956 2.304257017887721 2.302318336955068 2.250306186262605 2.189500518637942 2.200001937577326 2.250248488398938 2.280081242814049 2.29547855159035 2.258124012700137 2.225388078382821 2.209427730173047 2.195405528975243 2.187561551956605 2.212800518660515 2.199415655701159 2.280275478133262 2.301381686243985 2.333996415251022 2.307385829299164 2.315641691846395 2.252610761694086 2.268725896999968 2.229726278341332 2.244707187241147 2.26465120978537 2.256051553049474 2.265185431970167 2.297089295716432 2.333331519897911 2.391362810001738 2.414738586521707 2.411352618266392 2.368171966616501 2.418474309924932 2.4249190365299 2.387793991423678 2.413115334955364 2.348893055263034 2.365657180012931 2.416998350647191 2.447212878541905 2.426300042319781 2.350500906959496 2.314458560042112 2.299553054472199 2.329326703649713 2.357093378413992 2.340639305064542 2.334596926157246 2.350696020548639 2.377528963235818 2.353088464584289 2.393680740175114 2.398770043266268 2.404810516400175 2.387006370048766 2.385582754061033 2.402189756117878 2.385134563057363 2.339666451473022 2.307987958462036 2.30300773808267 2.285775297943474 2.290091999024298 2.29542738447617 2.299271988355031 2.299410983830967 2.278619114782487 2.266261293327261 2.242097075944912 2.292269047720765 2.277723412555133 2.292379739450553 2.276358131173765 2.32781876602894 2.325883778894422 2.337586926376389 2.373613019215554 2.31628162387824 2.315276808629278 2.283677689039905 2.239254160249402 2.243290302332753 2.243533951431345 2.213560293348564 2.219225423852549 2.204989799065515 2.196433252851421 2.199875036332742 2.229294516670052 2.261815093166661 2.271136058388947 2.287569185686152 2.244829918687174 2.173563745722277 2.15565183471881 2.195907058663579 2.250600305902481 2.277551623352338 2.331267752153508 2.330148743054451 2.303663627142669 2.315913144862861 2.311976570545085 2.286134678553935 2.280820626889181 2.261242735032283 2.302899215766956 2.299690201987687 2.31902312085731 2.290565486600826 2.349877870910859 2.369045974166511 2.409851856125897 2.530079023279541 2.591095383442735 2.77659694749309 3.002730889995291 3.370986243331572 3.756001137619023 4.197150819094531 4.749851051259611 5.352835727426282 6.055916420576978 6.870941429129743 7.766219456258113 8.777758220283431 9.810732422556612 11.00740876332566 12.29104120735428 13.57066560478415 15.06643257894211 16.62878631012427 18.28031626524171 19.94495739322883 21.62945075461266 23.33225295482407 24.93295975693036 26.5205071317032 28.21558832435767 29.8890024929533 31.54103929081339 33.12803299573943 34.74268293350724 36.33148996964519 37.85610188712235 39.36823515549258 40.8475921343852 42.34806594476686 43.80384346508436 45.31018514071548 46.81956404591983 48.33261792073608 49.80159065765838 51.19899463327056 52.59913274997234 53.97179378875444 55.40535038382404 56.84455123591579 58.18299750651204 59.57742400245479 60.91709691243886 62.33101051729318 63.72560958746544 64.65857259666336 64.08163984509883 61.90596065795035 59.4641291025473 56.73530109849344 53.5198395306179 49.6127066481713 45.01850744827971 40.71409539666638 36.84452547341061 33.37545387945033 30.27024340404387 27.46087673733564 24.95501060909282 22.65131305544492 20.54909154560301 18.78230720484135 17.12692698858882 15.61464728951978 14.32089039120183 13.10679490385519 12.03121176004061 11.00516453875753 10.17160682813483 9.39701931624586 8.593311249998806 7.991156719464925 7.405587383975217 6.849655480029469 