# Created by Octave 3.8.2, Wed Jul 05 12:46:07 2017 BST <co1ssj@node117>
# name: result
# type: scalar struct
# ndims: 2
 1 1
# length: 3
# name: params
# type: scalar struct
# ndims: 2
 1 1
# length: 18
# name: cleanup
# type: scalar
0


# name: num_runs
# type: scalar
6


# name: dopamine
# type: scalar
0.7


# name: targetCross
# type: scalar
1


# name: targetLuminance
# type: scalar
0.3


# name: targetWidthX
# type: scalar
6


# name: targetWidthY
# type: scalar
2


# name: fixCross
# type: scalar
1


# name: fixLuminance
# type: scalar
0.2


# name: fixWidthX
# type: scalar
6


# name: fixWidthY
# type: scalar
2


# name: fixOn
# type: scalar
0


# name: targetOff
# type: scalar
1


# name: targetOn
# type: scalar
0.2


# name: fixOff
# type: scalar
0.2


# name: targetThetaX
# type: scalar
0


# name: targetThetaY
# type: scalar
-9


# name: exptnum
# type: scalar
0




# name: r_0_m9_G0_L0p3_D0p7_scsum
# type: matrix
# rows: 6
# columns: 600
 2.318379844597075 5.599327986201388 5.291404137329664 5.045822123734979 4.923377936225734 4.835639215983974 4.840178799180649 4.984129894546641 5.246424447730533 5.749358713626862 6.421294510008011 7.25409767268502 8.218932083465916 9.328532734827604 10.48555803385534 11.80537417798041 13.13184591403478 14.53184233878346 15.96067609061174 17.40503871678447 18.7258431596274 20.06188227358507 21.17087843152694 22.11120717920494 23.05176238605054 23.70401400607079 24.10067631991114 24.24038776740781 24.12302747234935 23.56862038836698 22.65972581288952 21.31854748531623 19.57835370203975 17.76636500392124 16.1676785298514 14.745427246904 13.37438055415259 12.23316502367561 11.15626397928281 10.20593883192669 9.342768253132817 8.578591089317342 7.871684687001107 7.305116279980211 6.770539777423437 6.246434118547768 5.781637064435927 5.414870342861832 5.062316412884684 4.734423989622883 4.422793600497243 4.169757261246559 3.929989170770568 3.7488148315133 3.604069606939447 3.425558781033033 3.3150743368642 3.204676860274049 3.022151018918521 2.95854953705566 2.899643640954309 2.855963429974508 2.811530103244877 2.789558615411806 2.682666781605803 2.613330017298722 2.610552495776574 2.523148751148256 2.515315331102101 2.498692836546979 2.53742464665811 2.479486015667135 2.505519571597688 2.476619631655922 2.423779329597892 2.415509116755857 2.416802141866356 2.421552087136661 2.366065654641716 2.35204142600287 2.335592458010069 2.349603360242327 2.363915310234006 2.362321445270936 2.343670775910141 2.380742204326452 2.375652584258205 2.325894116198469 2.331203564695898 2.293221078722127 2.287064043102873 2.27228631273465 2.282959449326881 2.244602798899905 2.224451991016394 2.20397645617777 2.250594918494699 2.257897982879513 2.242604713421315 2.295804865745595 2.288788310408563 2.338858302457083 2.293371742642194 2.307442171178991 2.31067655325387 2.336169662030443 2.268621947245265 2.261954762758251 2.23076826781471 2.239396718305215 2.283182116194439 2.315868947978743 2.27970194910813 2.295518834005634 2.36301168268983 2.375321323135722 2.37110824125557 2.30768391831225 2.350770049812127 2.382564112798718 2.321983477573667 2.352161812705162 2.325326645548557 2.378256979340222 2.338341936490906 2.366023309805314 2.361506569413905 2.299722327617928 2.275757268625057 2.295521846346674 2.274548281875468 2.244651225373673 2.344567977539555 2.351971414493164 2.359400363000532 2.348171178444318 2.349938404528075 2.396214805557975 2.427162285570375 2.392891071754093 2.358033386433817 2.313021169738931 2.301369284639804 2.247262806868093 2.304107195024699 2.317712277974351 2.270063210875378 2.298719921156589 2.269115993502055 2.295568596702651 2.297733336890815 2.28138237478197 2.260298613295163 2.292379773407447 2.277078287404947 2.295190513868874 2.279466910389601 2.281339122488134 2.26257967283891 2.297390413757967 2.220336463953572 2.229771764825273 2.215049797250686 2.280733487372345 2.27467051900021 2.256533665873576 2.211267834059981 2.241736563824816 2.275120031639744 2.228004949225578 2.217411206671386 2.234368639517925 2.286793949060666 2.264836792630376 2.234397637705115 2.250984941467323 2.290074509102851 2.303779974528879 2.291934747285268 2.295825263820007 2.304235949544818 2.327855807146989 2.30675220131161 2.276493172499613 2.250560553697142 2.290179236548283 2.253085052790993 2.284770150014083 2.305690611512546 2.284133090572141 2.313343550002173 2.275343033776153 2.252743661607383 2.259161845136987 2.231543008369044 2.202407813419995 2.185108481528005 2.231948327185819 2.201122321195726 2.160750061517319 2.201475824613226 2.239880452718353 2.246528064843005 2.300071889832907 2.276534417396761 2.314808368348167 2.323771565883362 2.321635753869487 2.329631207547209 2.351346442543218 2.348766402967158 2.327034045047185 2.292356211626611 2.26605800066136 2.253020107767952 2.190400503033743 2.132825658562069 2.127049218914181 2.135735074502009 2.182088956717052 2.199375773430802 2.174002934734744 2.232582787328283 2.277229502977207 2.293199701107369 2.342591517022811 2.357299915456679 2.310690582198731 2.282116357731866 2.299974496487266 2.258242888863606 2.297255363308068 2.300485583255067 2.304256375828118 2.269686867981363 2.273863405345764 2.245861553717987 2.242275982905994 2.294160988748445 2.301126588152329 2.315966422851488 2.25692865590463 2.238836602322408 2.25480969866112 2.232904275981127 2.228747135137382 2.290564809136413 2.294499168921902 2.321020725812559 2.339282354903844 2.337987382092251 2.296878521312465 2.311331806586168 2.287268612388289 2.314013746199635 2.324253746141039 2.337063081715314 2.355862585073737 2.341269809527148 2.312510733125237 2.335421826421225 2.296665400004713 2.254936707293382 2.28852572746473 2.253280238823208 2.281733560010252 2.300521144585218 2.241029181601334 2.253033449127543 2.216740833277072 2.298970573956467 2.284726023775875 2.311969562579179 2.285986108676298 2.338388354412018 2.338077532464013 2.345012694517209 2.298803738322022 2.286922822642737 2.245871506565891 2.30581562189036 2.310919497544091 2.316840974934166 2.350548486365369 2.334714460506802 2.384977375120798 2.381055309924704 2.404091578566295 2.391882299903955 2.390496457705012 2.386551818985026 2.355407018738333 2.357600739051122 2.320967119510897 2.308984813102143 2.346615524205845 2.335912536607793 2.35020280261233 2.358026518704719 2.380629418235912 2.394861025786668 2.413835165076307 2.399817199227982 2.391324940523191 2.346442041933187 2.340758637896215 2.332922656600203 2.330785830157765 2.339998905186803 2.408828362407803 2.613284052320523 2.924576283625356 3.210312490406068 3.612677489774796 4.101236367387173 4.62375972449081 5.28727782338683 6.070438724924315 6.977525819111179 7.957305893913144 9.017250148786843 10.23212942635291 11.55637461099832 12.99468143590639 14.49721585177031 16.1436955322024 17.84656942418951 19.67296650203571 21.48106569136144 23.38533261434713 25.17862207519647 26.92302865612874 28.80349329853652 30.65123219740053 32.43945780058857 34.11753557899647 35.88203937551953 37.55553546502779 39.2107054307553 40.87016240811499 42.57920559324702 44.24421032522514 45.83823184185894 47.50295982615899 49.09028109065184 50.65853515051276 52.20486087737663 53.90550426055415 55.40900053372206 56.90993212551257 58.3890396126717 59.7975980072224 61.17905960177995 62.62112416198215 64.04268187198977 65.45336933499493 66.83659646445813 68.26755937111011 69.58295661801003 70.91540713470749 72.39860058804334 73.72923206049018 73.90806095272546 72.44835906614935 69.90614382141212 67.35817924888033 64.6319351229431 61.22717814146017 57.08793627787963 52.0157361680358 47.06369030655333 42.56784428916581 38.58334629751698 34.94786646653301 31.65784000391795 28.72168394438995 26.0343941870633 23.6622908252557 21.49963625541568 19.56549573896518 17.82723837190497 16.2123058230718 14.83937688588048 13.52205355758633 12.38413905917696 11.40041816865414 10.50545766950381 9.68316899760066 8.863780550609135 8.199298708306742 7.550854332726885 7.052340792022733 6.586431581403303 