# Created by Octave 3.8.2, Wed Jul 05 12:46:14 2017 BST <co1ssj@node117>
# name: result
# type: scalar struct
# ndims: 2
 1 1
# length: 3
# name: params
# type: scalar struct
# ndims: 2
 1 1
# length: 18
# name: cleanup
# type: scalar
0


# name: num_runs
# type: scalar
6


# name: dopamine
# type: scalar
0.7


# name: targetCross
# type: scalar
1


# name: targetLuminance
# type: scalar
0.3


# name: targetWidthX
# type: scalar
6


# name: targetWidthY
# type: scalar
2


# name: fixCross
# type: scalar
1


# name: fixLuminance
# type: scalar
0.2


# name: fixWidthX
# type: scalar
6


# name: fixWidthY
# type: scalar
2


# name: fixOn
# type: scalar
0


# name: targetOff
# type: scalar
1


# name: targetOn
# type: scalar
0.2


# name: fixOff
# type: scalar
0.2


# name: targetThetaX
# type: scalar
0


# name: targetThetaY
# type: scalar
-10


# name: exptnum
# type: scalar
0




# name: r_0_m10_G0_L0p3_D0p7_scsum
# type: matrix
# rows: 6
# columns: 600
 2.305619502265472 5.52329351665685 5.326557808053622 5.110047400543408 4.931609312126966 4.838697169556326 4.770607850954548 4.957336207313347 5.231205196010706 5.692743278701528 6.357807861932088 7.147164249785419 8.112182709890476 9.327911222224429 10.61053681978592 11.8664508221209 13.22739304446577 14.64048417985759 15.99544479197357 17.398083417007 18.74890168075217 20.05486632406246 21.23511552606215 22.28667622354988 23.18498406020808 23.83263796702522 24.23581464583549 24.30339943971921 24.0201057759441 23.53057648140748 22.61611997016007 21.30092593305199 19.44043194781989 17.68398277185042 16.05854749658101 14.62880007286003 13.32970443728482 12.15598971581494 11.09417688524627 10.19905821382417 9.360956957643793 8.557656121331092 7.874992643035512 7.30420008499641 6.67688493381138 6.134262903564377 5.731510271471052 5.329828364730929 4.958306437909414 4.622357246331376 4.386550229955901 4.129766310994455 3.937083638733384 3.841506759024924 3.609310652711429 3.441624211023736 3.27324887218856 3.119095479178213 3.070902630337514 2.985337178244663 2.966540379754406 2.858416278482764 2.813616425777582 2.750791907565144 2.69699479548035 2.619101871889143 2.559697741184209 2.542102636441996 2.503141107667034 2.418486325746926 2.389381704073458 2.36643757866841 2.382902281118731 2.362343258100736 2.316161222363007 2.324956302938517 2.311905859714898 2.307033811986912 2.332670810301352 2.298023578492575 2.266736825546104 2.26012065391842 2.223210342937818 2.237351355699502 2.260567841654847 2.269779328747973 2.288772272415372 2.267733315846272 2.304855610076629 2.308435101489522 2.257861909281928 2.277466169114632 2.250151833934069 2.281265118879674 2.301623839688546 2.271412376114313 2.278486281509686 2.261495374517835 2.259436009528144 2.228669016816639 2.183807906827496 2.201696561165591 2.177021211811734 2.178730159845145 2.136703792137268 2.193170460988767 2.180512358703709 2.183760577576322 2.21378447378811 2.207202712921571 2.236609588104329 2.2222106887275 2.169322651017865 2.144741590533158 2.172123510888468 2.200208548580122 2.189182722300757 2.268845563939976 2.224197158036986 2.212906215980183 2.231799640649115 2.270723210385768 2.26246108522173 2.279122118219675 2.339251205565233 2.317287237781784 2.336375985849372 2.296582941016823 2.289655642081925 2.299775518634306 2.257268570454471 2.205266726530681 2.194323866155173 2.2330019916335 2.208958197843458 2.195119626479936 2.203765143378405 2.199266635205277 2.266102119778225 2.304385625575378 2.286737696886121 2.290834578649083 2.271192088563112 2.305613397758862 2.294575394313142 2.247100597722238 2.21760281760362 2.249865766316361 2.248255981685361 2.205658392158512 2.241588288296043 2.259204960097122 2.267726233061694 2.259229578194208 2.249266707614879 2.180189484130096 2.205702448118245 2.190325215902703 2.173374606762081 2.243145292435656 2.245485822721093 2.239363585500541 2.223333345853462 2.295375203219919 2.263287127025251 2.282855754587217 2.307727708061066 2.328798816975905 2.315364177495212 2.275299241780885 2.318856345322274 2.309297191466612 2.332868490213514 2.319381457935378 2.324983188445913 2.377449189902109 2.394609577197116 2.390692657718319 2.360097780001524 2.347670119026589 2.368302374012274 2.380972022016067 2.370261628071603 2.386654678295599 2.344124476723664 2.351497881274554 2.339441269723466 2.405300077462016 2.434823399697052 2.360973170540092 2.311390698254399 2.339514969025913 2.317844295997929 2.278687569807516 2.272965509329879 2.311417717035511 2.307405242640016 2.339792340691929 2.291563854108972 2.284128586943552 2.242074735204369 2.258014733750315 2.23700501383496 2.210369595286465 2.263411883584922 2.27470114899188 2.242878648568876 2.261617782634858 2.224857613013228 2.298848988937607 2.331802725137095 2.334302891911648 2.301521594592487 2.287203870680969 2.267078094751923 2.250679697295709 2.227302773229894 2.195927699736785 2.19429090513222 2.209246170994447 2.17816744204174 2.225799355932395 2.246746319277008 2.221040396460012 2.289071789340596 2.300351656733255 2.272660417751467 2.295399378048387 2.303018800113932 2.28779353088612 2.211425302506541 2.233974829006911 2.220277102751425 2.222061587257485 2.238267300454027 2.237765368030523 2.234425838367315 2.199196438297804 2.227328187596868 2.247017708912608 2.236315992795426 2.256122073333245 2.215852633202303 2.181544807883256 2.182418384392804 2.17371182693114 2.131105449421739 2.139870721897751 2.175080124667147 2.205266080374713 2.199869807220239 2.265965376136592 2.245300437185506 2.245012362043781 2.259069852443645 2.197190472877992 2.223206517408471 2.272808030057604 2.308329365521786 2.317741588805802 2.287747866508653 2.324352962328703 2.325623732300301 2.2990757231928 2.318136972658976 2.339632950061059 2.30737481880351 2.302278588103945 2.299242274668359 2.305190756524098 2.201553118458833 2.188913926678651 2.211737776298833 2.249038409467175 2.267559146988788 2.302857251932437 2.323447137430776 2.330461466721317 2.305354064097628 2.271677742210159 2.287507167464355 2.299117029455374 2.289860805897661 2.298446441694978 2.324509059359116 2.345563274626329 2.342668811397743 2.288721361273929 2.237737735160408 2.24671543626755 2.229732625892211 2.252987769978063 2.252144725562175 2.239470278975205 2.273378668083751 2.289127149526394 2.28119730578328 2.299826358779683 2.279973309177876 2.287411277036881 2.257106744975317 2.266723403554352 2.189514009340201 2.234295149673926 2.235479509661673 2.162300290195162 2.146099318280903 2.162862463250349 2.15386865252367 2.081217983886745 2.111063746073341 2.195142678638149 2.263470838344801 2.427195955067873 2.643639957801497 2.931263890706759 3.203638718739967 3.538807681630715 4.048397720171124 4.655168102413882 5.31103869376966 6.039029886043863 6.885082970857184 7.841628633213986 8.871685295485804 10.01867486071569 11.25514290930369 12.54752305150942 13.9876546594096 15.46683815055803 17.08532916789636 18.79470327697345 20.49520587581355 22.20420101393393 23.86097187300766 25.46517921469422 27.113187219873 28.79353658435139 30.51237015107108 32.27817068489094 33.9509318843302 35.6291788705712 37.2458455020751 38.74189322194616 40.22837245365372 41.59791588447297 43.06326517143134 44.6484136428553 46.10958633159316 47.70887636666157 49.28657963121077 50.7498310950723 52.28437614206632 53.74938758768258 55.14041650134459 56.64149089380226 57.99178928888432 59.37432332627213 60.68328051757271 62.04458780170899 63.40818073113405 64.81187979838796 66.23703281818962 67.63400531817751 67.89706400313662 66.55384959614457 64.13309760404809 61.68385254001623 58.84607717406107 55.33858730903739 51.11908479794147 46.24792051150507 41.87811647833587 37.97794367957249 34.41800559964395 31.23222225244899 28.31444138874213 25.69545884325271 23.34704057019553 21.23615849170164 19.29745933517552 17.60544567988836 16.11737683344836 14.68241886340547 13.39835068071443 12.33081478191889 11.27603683662528 10.3899795268153 9.581413963947853 8.849047524481648 8.197764198811456 7.568224166680011 