# Created by Octave 3.8.2, Wed Jul 05 12:46:12 2017 BST <co1ssj@node117>
# name: result
# type: scalar struct
# ndims: 2
 1 1
# length: 3
# name: params
# type: scalar struct
# ndims: 2
 1 1
# length: 18
# name: cleanup
# type: scalar
0


# name: num_runs
# type: scalar
6


# name: dopamine
# type: scalar
0.7


# name: targetCross
# type: scalar
1


# name: targetLuminance
# type: scalar
0.3


# name: targetWidthX
# type: scalar
6


# name: targetWidthY
# type: scalar
2


# name: fixCross
# type: scalar
1


# name: fixLuminance
# type: scalar
0.2


# name: fixWidthX
# type: scalar
6


# name: fixWidthY
# type: scalar
2


# name: fixOn
# type: scalar
0


# name: targetOff
# type: scalar
1


# name: targetOn
# type: scalar
0.2


# name: fixOff
# type: scalar
0.2


# name: targetThetaX
# type: scalar
0


# name: targetThetaY
# type: scalar
-16


# name: exptnum
# type: scalar
0




# name: r_0_m16_G0_L0p3_D0p7_scsum
# type: matrix
# rows: 6
# columns: 600
 2.2951972474184 5.568400320888031 5.395565466176777 5.169586021605937 5.02422981361633 4.845612775112386 4.850814865152643 4.939992744686606 5.268886748544901 5.750429100797191 6.447686202602199 7.23690840377094 8.261520527168614 9.420076192753186 10.58511449477373 11.84879309635289 13.21454306344458 14.60592892023124 16.00800636599888 17.35427282432283 18.6398443505459 19.89431672885257 21.13487240517861 22.18201079767823 23.0003772160162 23.65217000718985 24.15524189173448 24.27855986030045 24.09780608188157 23.54317761791754 22.61019040978863 21.31276021972008 19.59088306542981 17.8451071100244 16.18404802838631 14.67948041750788 13.43253085309698 12.18669023981784 11.07002578442552 10.09872094040475 9.198045953424298 8.380766836871771 7.672858595447906 7.086041802505861 6.556843810583814 6.055712087043503 5.678475775352126 5.351701674342621 4.995186625641509 4.725859852296708 4.461977090715664 4.171905135139241 3.89333084872851 3.725164739284082 3.5125754356377 3.345211224957893 3.19762818640811 3.121017990088149 3.051556172318669 2.972542637071456 2.919798966388043 2.835795609938941 2.804668191307428 2.755782966298284 2.687481154789566 2.621074567254254 2.595312585062857 2.577933827775269 2.527103062195238 2.542830620550376 2.534424855413818 2.491931550939626 2.465258518847804 2.470700474790647 2.397629439969023 2.378156405455229 2.378114577055385 2.420775406964822 2.420119441428142 2.38339025851019 2.432525028823875 2.448296490732901 2.440616517003946 2.425448149635486 2.38580600421119 2.362822876750215 2.408281392530625 2.361815125688736 2.396126574829395 2.382731259109278 2.35278635173745 2.33558556193384 2.331719994373998 2.278903388247272 2.328504023305868 2.292918169172481 2.263742162394919 2.274789304181468 2.285841281853209 2.266212027303482 2.229594520820683 2.262138088175561 2.297466201885982 2.283133748776891 2.318956801113018 2.312696474800759 2.293474003832671 2.265443006068381 2.211949077762256 2.241494073954527 2.244333995884517 2.264431432191486 2.342136991295774 2.305106898380473 2.312211089763878 2.336162346775382 2.26962251986879 2.301096600023811 2.274902020859372 2.231262687291746 2.215231671376387 2.250057209890656 2.213339105022897 2.215700537482917 2.196923670061778 2.226727059882251 2.217117332824273 2.180778037924028 2.204046316292079 2.230566824520793 2.140897116696578 2.153185552619107 2.17013109897016 2.220706729325684 2.266142033346114 2.382329467531235 2.354577612979483 2.381525483815494 2.360793477753759 2.334711850342728 2.288437884118139 2.355926992197055 2.265410238778713 2.274969749141746 2.273671304476011 2.312789759344014 2.341318254781072 2.326769679661084 2.312566655520641 2.296747391948884 2.288786677294411 2.306288505773409 2.274451876164676 2.236147617917595 2.280099662140856 2.224930152275192 2.1925813635753 2.208495241146011 2.225579424244643 2.191112548091041 2.128220853643143 2.211120344087249 2.199691066012747 2.250797755157691 2.223640648757282 2.259716087082779 2.284416924983816 2.325844968530873 2.334047022199229 2.415641967996635 2.413759527800721 2.372453798408969 2.364292908212519 2.356572005141061 2.363581690588035 2.335420940100448 2.295003538727542 2.25787872143701 2.297928712923749 2.267633829636907 2.323255168594187 2.29316723172451 2.31967352443462 2.303263141191565 2.313701922605105 2.341578777788527 2.340594087301724 2.354314381990662 2.293776842823718 2.347805551169586 2.35131247240497 2.359966419018747 2.342919239556068 2.37498171446714 2.346117993854932 2.318619266588939 2.336246738073896 2.311862614253187 2.309705718887017 2.34473860756043 2.335372054531035 2.349868033670646 2.321033238593373 2.335056281808647 2.335262745327782 2.387804662394046 2.345494991306623 2.358974329690682 2.322612886164279 2.324750692812813 2.279090151299897 2.334392273245612 2.264459964761045 2.229531892464365 2.270563032798236 2.278966552308702 2.26747895891458 2.238501891974011 2.247290863415401 2.278494551559561 2.289414612318069 2.270323513330368 2.296225183363276 2.264871583502099 2.239997829587082 2.250969892298599 2.262688392693235 2.261336660867528 2.309721698944486 2.291395941301744 2.293516267287487 2.376845964652603 2.394835525152303 2.38821010319225 2.375200246409804 2.365403794101439 2.286841437198746 2.279404927227006 2.32155451613653 2.350086709087918 2.394870709315001 2.365041334272973 2.398816914341296 2.364968780144409 2.283219114049643 2.286566316386597 2.276026323512269 2.261761532550736 2.272964735355345 2.281401692402142 2.309293209751559 2.267432692737202 2.243603682123648 2.248530415221467 2.184570054432697 2.207086312882893 2.255169511730855 2.219762296816043 2.230765214804705 2.193295006527478 2.262399893625116 2.266030770995712 2.191123779095506 2.178792865001014 2.223826029003249 2.251911750288855 2.320428286831884 2.328399870701105 2.309060365332698 2.339459976923536 2.31530666623803 2.301065210223896 2.325871406806982 2.273036124683131 2.29383496769151 2.3067395115213 2.340534838178428 2.351089691521338 2.323259463286377 2.307133462571073 2.282291133655235 2.311700604350335 2.277893047175894 2.303592454852151 2.309150766537641 2.251382530623232 2.23471758388223 2.278326969269983 2.27019690200359 2.267662371186816 2.188495129055809 2.201811496044684 2.251218040764797 2.294131814473076 2.285032913925534 2.298404528643005 2.271137451964023 2.231457836001937 2.207640592991083 2.15483459443567 2.120415369789043 2.146898118760873 2.125480614784465 2.186940776463189 2.161658778826677 2.148514442830674 2.24794312981976 2.31314023615414 2.322285720067157 2.330402134626638 2.349454199433239 2.377251731813885 2.385684758664866 2.387203667604808 2.36981132060464 2.383886600873666 2.332110897717939 2.345436140721176 2.300796987889044 2.336890182568823 2.342350561379135 2.310263725667028 2.385111221283296 2.363986470783857 2.380545122457988 2.360889541692814 2.377061997260171 2.368933716716128 2.340580689582566 2.405044796891161 2.455762263769429 2.515919804725854 2.551464286145347 2.718495285806057 2.918517743997654 3.131131112197181 3.368015887284855 3.605579062910692 3.914606024802197 4.245389391432468 4.627604576802696 5.053812543157619 5.519927652732804 6.047528072005662 6.617353142049978 7.318182750939741 8.013577327292296 8.793004264320189 9.631369918781274 10.58890725515175 11.57664952397317 12.60393406846197 13.72242339948571 14.88559373305179 16.15989472848014 17.44431361233728 18.7966196103207 20.16815111490359 21.56764654461585 22.93753960022514 24.25487079912273 25.6161873842866 26.90723134416476 28.23781254112328 29.56117635519513 30.8129907157836 32.05636895136922 33.31785671545731 34.62535105039024 35.97510930054341 37.22047751759965 38.44363540408995 39.64332177272445 40.89962187214405 42.15419659987674 43.37061412840558 44.57097144311047 45.78101327747208 47.01620351087331 47.79204055384253 46.86830104220826 44.7221640249445 42.2686936762866 39.27892442085431 35.74191980774049 32.37791150310659 29.3562361024924 26.65754017068684 24.24265009621013 22.02173570758896 19.98151425095057 18.20217790135212 16.63142422699457 