# Created by Octave 3.8.2, Wed Jul 05 12:44:20 2017 BST <co1ssj@node117>
# name: result
# type: scalar struct
# ndims: 2
 1 1
# length: 3
# name: params
# type: scalar struct
# ndims: 2
 1 1
# length: 18
# name: cleanup
# type: scalar
0


# name: num_runs
# type: scalar
6


# name: dopamine
# type: scalar
0.7


# name: targetCross
# type: scalar
1


# name: targetLuminance
# type: scalar
0.3


# name: targetWidthX
# type: scalar
6


# name: targetWidthY
# type: scalar
2


# name: fixCross
# type: scalar
1


# name: fixLuminance
# type: scalar
0.2


# name: fixWidthX
# type: scalar
6


# name: fixWidthY
# type: scalar
2


# name: fixOn
# type: scalar
0


# name: targetOff
# type: scalar
1


# name: targetOn
# type: scalar
0.2


# name: fixOff
# type: scalar
0.2


# name: targetThetaX
# type: scalar
0


# name: targetThetaY
# type: scalar
-14


# name: exptnum
# type: scalar
0




# name: r_0_m14_G0_L0p3_D0p7_scsum
# type: matrix
# rows: 6
# columns: 600
 2.289362711002468 5.573090757858154 5.253885907754011 5.005189597592107 4.872173913999177 4.721903017714794 4.718912347751029 4.898778694152497 5.158693142519041 5.656513694058958 6.401700765025453 7.322826929186704 8.263599696789242 9.42148981468381 10.62843069028168 11.75583666480452 13.10120555336471 14.44953391615854 15.82075391832768 17.310182364512 18.68281129921525 20.00120698031969 21.20945574998404 22.26662584429869 23.0832071972327 23.76300499787612 24.19735442398814 24.26832267073769 24.07108813354716 23.44807257935463 22.53666301005433 21.21620697980325 19.38419521799369 17.57384146279219 15.92423537794457 14.57247160966654 13.21860673273113 12.04434553685132 11.04936735631054 10.161451702661 9.358638968020387 8.583963032011525 7.915557652508141 7.271406675652543 6.677317274228699 6.14863322211022 5.700585012102238 5.2619120964373 4.913224783631449 4.590419024512812 4.257013227081188 3.999812595531694 3.796581418919232 3.667481671531277 3.445746288496593 3.26847452113725 3.127159149298677 3.040048024384305 2.905201542548639 2.872253946481578 2.83298681647284 2.770475788258409 2.691482403650298 2.572850462531278 2.478022142957343 2.469808630947227 2.404080392869218 2.422971003281418 2.437910793629271 2.370466453678091 2.326651709932776 2.283436897404499 2.25662842814927 2.248366094676385 2.300232718031111 2.254369987065729 2.281468112763832 2.338869842966233 2.303194412452285 2.310338306662743 2.308031718974235 2.352952086788719 2.28857032408996 2.335826677466684 2.270814455565414 2.260951471365843 2.328425850890198 2.344997484688065 2.354258806008147 2.367318136371978 2.381712607704685 2.384832740630372 2.350737195367401 2.358101524252561 2.40422757306078 2.385220231630228 2.38761474718558 2.386727852994227 2.404738622051809 2.409277400594874 2.411643270628701 2.381814870946073 2.331215525129664 2.288374667077733 2.261333908612869 2.218913025873917 2.211228043684969 2.196026559984602 2.205124743937631 2.297503604397207 2.294568506695214 2.252779964164802 2.244772646805359 2.273298291784158 2.253838591677777 2.280039192723052 2.266063353228674 2.259318465570686 2.265891032599029 2.262082248074876 2.265741009377962 2.336902758746874 2.331516546844796 2.347335487940654 2.32942919965717 2.311653691507672 2.276500867357754 2.282002854426537 2.289572216903252 2.291067324029427 2.220166245220753 2.173625910210831 2.147198989332537 2.176802823785692 2.152798585339042 2.198090552070425 2.205303940310841 2.196808694647189 2.201955897136941 2.209861001811078 2.224405709574057 2.169520810963149 2.177832567489531 2.164200510304909 2.192590173850476 2.159707806429651 2.189803274293808 2.163342122665199 2.195078830893181 2.281243524535967 2.325248290384479 2.275436622210691 2.231724598095752 2.243429724050657 2.26147056119953 2.295705794342211 2.281665433016315 2.302840621494397 2.302248478899855 2.235554055445391 2.293069988932984 2.278778000345483 2.226811059263127 2.16588634220534 2.133952383475844 2.221942157204467 2.25559435017567 2.25714263091686 2.267606632856769 2.293034373986302 2.343797170076868 2.368596384238117 2.260402739575511 2.260361723758251 2.241661594045581 2.261437141642091 2.229820614164055 2.272653103020275 2.269238481683715 2.26970253356194 2.322881513326138 2.314575935728499 2.352664160986023 2.335342806178232 2.369938488522166 2.361895601243305 2.251237948919879 2.229881583545648 2.261193242677109 2.284272472083103 2.270406034833286 2.284203833500214 2.305379580875524 2.280109725950751 2.171377631791984 2.141282751428662 2.083093323723006 2.103359559012461 2.176831418611982 2.246244587196543 2.275729435088579 2.28936077540493 2.305285649712459 2.420185292681708 2.432938452762755 2.377550416171289 2.397260329369601 2.428011083182355 2.445145755937119 2.401611648645485 2.418674280010237 2.400071958269109 2.327342882445464 2.335609428264434 2.384616109120543 2.375771754523157 2.36171961636137 2.396968765521706 2.436584932707774 2.44741451524169 2.425131670075643 2.353879023379704 2.319166644629149 2.31373761328723 2.321668264165055 2.326276461055386 2.350769743323326 2.362974848052545 2.450643604583092 2.400730762536114 2.426610667142086 2.450514970216318 2.446360210284183 2.421601711619587 2.421665881822264 2.437210059149947 2.492618933116319 2.437803154642097 2.396314527244613 2.353131290015881 2.412394901257358 2.489438492310001 2.515315658314648 2.461684862486436 2.412210471920844 2.418205667838265 2.38715135361781 2.383618177009339 2.360759603830957 2.40641662499911 2.377141973101971 2.344578330597869 2.31319829482527 2.335813283991229 2.386659033836622 2.371896735747214 2.322861253393057 2.303576004043862 2.249833964622667 2.307231680293626 2.290560410889157 2.236435736482235 2.24890457627771 2.264907158780261 2.261810531210358 2.23920082101904 2.196283406077782 2.324064511120696 2.313102625041211 2.293216947178735 2.291955793225497 2.277063321474998 2.265856882168009 2.244096753762278 2.197288552331884 2.23915021479479 2.223745837192837 2.239384178828914 2.191999513721385 2.198807045318972 2.231336849836225 2.204833269308438 2.245616246644204 2.219984261893842 2.192528658284573 2.223128208916023 2.229105525162595 2.212638177898043 2.224392507330776 2.250998895116936 2.275630369171267 2.28746404217236 2.280710278228071 2.286529866967612 2.298061937711282 2.325347258974944 2.352001127301264 2.305424525406124 2.290880238761019 2.277205831775063 2.24900715729018 2.233308804847184 2.304552949724894 2.222098975042172 2.245173539253301 2.260145427673706 2.24275037348707 2.263086307193589 2.317663946170796 2.279401571649942 2.295381820633338 2.25926967569103 2.239258234691079 2.293534214586543 2.337928129662032 2.345717075533685 2.378232675822801 2.330456345982384 2.262908899814647 2.307179876499504 2.275183131722315 2.216173562679614 2.234030384872312 2.2612536305096 2.318585028198868 2.379491639347179 2.386797780161942 2.512974428587768 2.625187718891539 2.811303852078709 2.91723118043592 3.074933666412107 3.335240321477613 3.556567598607216 3.770664834413765 4.16499032995489 4.650334787525935 5.063185589540808 5.601829527149675 6.136672662982164 6.712778627843363 7.470174688205589 8.31057167639301 9.170267800673173 10.07415152765316 11.03782429596322 12.12418703154253 13.29648486623773 14.55086702710832 15.80497709410702 17.18793148391705 18.65839332908945 20.11772590553301 21.56715818158409 23.01993371444769 24.47965064341088 25.89218572319805 27.26987618198609 28.64247893146421 30.0012474930445 31.39888438971684 32.72998517492124 34.06115103937918 35.35136910776055 36.67081964077806 37.92164783965563 39.19676741133298 40.46072580274267 41.62324036340578 42.86996463502874 44.092276266525 45.39403701051106 46.74970907632087 47.97042813136068 49.22441006013105 50.51852950913599 51.75736604620761 51.76899171095283 49.99907168808568 47.73360678433528 45.24349736639488 42.11360006385439 38.32869161133203 34.66942384715367 31.40299009084811 28.52809243796946 25.97768451619413 23.61077957093221 21.40082860599796 19.40355603132411 17.67750772999716 16.10411204737829 14.68541391953477 