# Created by Octave 3.8.2, Wed Jul 05 12:46:04 2017 BST <co1ssj@node117>
# name: result
# type: scalar struct
# ndims: 2
 1 1
# length: 3
# name: params
# type: scalar struct
# ndims: 2
 1 1
# length: 18
# name: cleanup
# type: scalar
0


# name: num_runs
# type: scalar
6


# name: dopamine
# type: scalar
0.7


# name: targetCross
# type: scalar
1


# name: targetLuminance
# type: scalar
0.3


# name: targetWidthX
# type: scalar
6


# name: targetWidthY
# type: scalar
2


# name: fixCross
# type: scalar
1


# name: fixLuminance
# type: scalar
0.2


# name: fixWidthX
# type: scalar
6


# name: fixWidthY
# type: scalar
2


# name: fixOn
# type: scalar
0


# name: targetOff
# type: scalar
1


# name: targetOn
# type: scalar
0.2


# name: fixOff
# type: scalar
0.2


# name: targetThetaX
# type: scalar
0


# name: targetThetaY
# type: scalar
-12


# name: exptnum
# type: scalar
0




# name: r_0_m12_G0_L0p3_D0p7_scsum
# type: matrix
# rows: 6
# columns: 600
 2.293137630509591 5.522242462742724 5.372201607471652 5.141076357642305 4.963526186091258 4.813095238045207 4.850357047078433 4.959998092857859 5.271441580549435 5.764380172444362 6.366236072419269 7.142638041790633 8.129961878694303 9.272001107914548 10.41432620435808 11.72266721655615 13.09910164515895 14.41501925838747 15.79132446727817 17.24980851873988 18.61141793623392 19.91453645619185 21.17060262610903 22.29835426979116 23.15284757134214 23.81057129649707 24.21934230835905 24.37813936386374 24.14648286679949 23.56834092466306 22.69702590734232 21.45332491058798 19.66609312562287 17.87696543873608 16.28686192227906 14.77296881722577 13.37140419518255 12.17606682372298 11.02485464690653 10.09688503348298 9.265314006494009 8.570835854217876 7.849583749652083 7.209436356602964 6.670977568210219 6.15496522236208 5.695274491343298 5.257717128090007 4.957384665904101 4.626074738538591 4.340349021844304 4.113238336823997 3.925556526075525 3.784692902536335 3.540658028578036 3.356506940348481 3.206959998649836 3.143098315546013 3.079109845377388 2.955441594567674 2.874251619716233 2.826986732201476 2.772250783506024 2.726617850676121 2.626792526374629 2.560492933174828 2.548537789592956 2.538064513777499 2.519816796891973 2.497016088693272 2.507082735326549 2.48795261430314 2.451847136329889 2.476887887809426 2.423192538670264 2.445966908613627 2.439709207365922 2.46051697517396 2.40526482907444 2.374724518536823 2.414105640797061 2.38384130412669 2.393610485814861 2.382832173636416 2.417267001681466 2.390761549417221 2.380248060893791 2.357911991595756 2.354444252843678 2.401184268150246 2.422960907966626 2.352137066702198 2.370044128416339 2.351860139006021 2.343455065391936 2.328208320283011 2.318992705579149 2.346140225519775 2.347323333207896 2.31149810675015 2.264032225044502 2.281536062370833 2.357519854485872 2.369473453829414 2.435140242720081 2.425982108346943 2.45239986236993 2.480198990317149 2.44823112872109 2.441596961867617 2.437438693747026 2.435573262326216 2.3941468004341 2.424186809890671 2.425996971118366 2.452138427499449 2.430760360621207 2.388719806171139 2.374796921934831 2.356912180974177 2.415125963343598 2.398037992954414 2.371003783478955 2.425842196211306 2.411564256661222 2.383181896657334 2.388446799246594 2.460911635946104 2.421230263120378 2.405243347831856 2.398763189907186 2.418425656316685 2.388648697084136 2.37736863327882 2.336006490408181 2.275789381046707 2.265767187598613 2.262252252563485 2.289396586809289 2.258632033375761 2.251329173639533 2.283311268460238 2.197961798741744 2.237202121383234 2.285360693374059 2.314772151388752 2.328811068571667 2.313175853871144 2.279543968288635 2.297144810218015 2.309664105443517 2.318247307091951 2.294437927999752 2.281780277960934 2.275936645404727 2.273719995711872 2.308940119321051 2.325908624006843 2.323678253860635 2.275238082744181 2.328441912221024 2.370653114066954 2.402418051326094 2.333691763924435 2.398456691582396 2.323422350291366 2.312808872022288 2.306325130644836 2.275779984298424 2.254694455175922 2.287869157698879 2.295922825716843 2.28591324496665 2.251060288086592 2.217468583097798 2.214402950121439 2.244637122264976 2.273845045336202 2.308462271153985 2.365505870337074 2.378369293131982 2.33468694064868 2.301029115962592 2.281645055540139 2.259091676809476 2.33680633125914 2.340880422991177 2.35385233443958 2.299373733221728 2.341118349770113 2.409862530745158 2.408980781945502 2.412311793923436 2.366157106720493 2.370999971186393 2.292291087775084 2.30182823360883 2.344596862123581 2.340637042208982 2.36001151074197 2.335656196726632 2.330621375724149 2.270920140526869 2.308132921947617 2.309487196831469 2.330758827862155 2.312331089415238 2.36580524063902 2.368950532389135 2.359096940836025 2.294731782378221 2.182784252407146 2.192331283375097 2.212276613088761 2.255323682325979 2.312924462770752 2.266842310844368 2.257184320311353 2.210041523961991 2.165433012435642 2.156668263996835 2.150228374332073 2.19403935880473 2.247416846221313 2.248105727296206 2.255794869361125 2.21882355195703 2.233109800494276 2.255162576369912 2.24854051382863 2.204178340776707 2.191726089651638 2.270748413240653 2.228164471722266 2.181649923521036 2.213254799265997 2.227029397029582 2.256374972435879 2.305654781222984 2.311652788663196 2.337785502713814 2.331204305894062 2.372358331915166 2.370632055585247 2.370237512513995 2.379613456187144 2.363925395740807 2.320587735123809 2.256216856811079 2.312155821047782 2.246003360836767 2.315897758628125 2.321720850604834 2.323443506273179 2.300975359514268 2.279239653205877 2.282536494847591 2.325057557034597 2.308200094568747 2.325307717474061 2.260040805391327 2.261191356879863 2.299145702334499 2.290512922765629 2.25874845078306 2.234313055969324 2.192201653706434 2.209608054612545 2.238207636080915 2.217877610451978 2.195417363203887 2.225919776177761 2.248019551305333 2.234416768678784 2.256684278618195 2.19915634541394 2.274997022206662 2.189293598210497 2.19276726471071 2.211157480094698 2.217540780286072 2.207385788220563 2.207444390805904 2.177697246479511 2.205194458125334 2.218352309791953 2.179572338878643 2.199488405063676 2.228814386719023 2.235700406898104 2.236720774857531 2.28169218498806 2.258179431504686 2.27207344125236 2.287175426223257 2.314866350709053 2.308985424020648 2.26895572923604 2.31225873169933 2.295145473719458 2.270446347472898 2.274564793698119 2.345421632455327 2.340302904645796 2.331897493299039 2.320249805481581 2.366027604392002 2.36655889757094 2.380309027728799 2.421244480672613 2.40576464548576 2.373721556090459 2.394996268238174 2.351074831713049 2.355873507025535 2.40406497753429 2.473979435926594 2.551743180596532 2.551321349852515 2.730515996932809 2.913666826367262 3.191419471841073 3.524042543831456 3.955437226453796 4.441156888332443 4.99246169725302 5.555544663657201 6.29429993328813 7.033740058473995 7.935815378470579 8.878371712795342 9.869617378833937 10.99087421414151 12.14730079131368 13.42566471348982 14.81008127075438 16.29376599075113 17.84913122550279 19.47861170781653 21.0575484926685 22.70501999232874 24.2990879137833 25.83322104246872 27.39329214462668 28.8996610532522 30.40469401429436 31.88187035928058 33.3106199266258 34.74379109412257 36.27278928208398 37.82309065094523 39.27727181403316 40.7468572376456 42.15367957289345 43.60374326771853 45.02590235629759 46.31586979259737 47.63905740962218 49.00091656258883 50.35810271219088 51.68098857449513 53.11196466051842 54.44993657680243 55.8151207398605 57.21919318590153 58.53927058462796 59.85966142425605 59.68435581689118 57.73496332938885 55.20867766136143 52.66680163286219 49.66279958232917 45.91229155116889 41.61840442032553 37.63810182485395 34.07629787153564 30.89068532835154 28.05649566489592 25.42033667766736 23.08698622289376 20.97273728319487 19.08030679114745 17.36080386660251 15.88447675583302 14.50882023371742 13.25830855315871 12.15191220404267 11.1365284256608 10.21119838086452 9.388524599435186 8.657242125447738 8.045174256245446 