# Created by Octave 3.8.2, Wed Jul 05 12:23:03 2017 BST <co1ssj@node117>
# name: result
# type: scalar struct
# ndims: 2
 1 1
# length: 3
# name: params
# type: scalar struct
# ndims: 2
 1 1
# length: 18
# name: cleanup
# type: scalar
0


# name: num_runs
# type: scalar
6


# name: dopamine
# type: scalar
0.7


# name: targetCross
# type: scalar
1


# name: targetLuminance
# type: scalar
0.3


# name: targetWidthX
# type: scalar
6


# name: targetWidthY
# type: scalar
2


# name: fixCross
# type: scalar
1


# name: fixLuminance
# type: scalar
0.2


# name: fixWidthX
# type: scalar
6


# name: fixWidthY
# type: scalar
2


# name: fixOn
# type: scalar
0


# name: targetOff
# type: scalar
1


# name: targetOn
# type: scalar
0.2


# name: fixOff
# type: scalar
0.2


# name: targetThetaX
# type: scalar
0


# name: targetThetaY
# type: scalar
-8


# name: exptnum
# type: scalar
0




# name: r_0_m8_G0_L0p3_D0p7_scsum
# type: matrix
# rows: 6
# columns: 600
 2.32917583060771 5.384964319076971 5.202849899451394 5.006817954978033 4.817697054015298 4.735353053547442 4.664475586105254 4.739430339133833 4.97595357793216 5.292534101390629 5.829651728839963 6.474027755859424 7.176509819073544 7.990247762318177 8.940283630523481 9.924982781263679 10.94562824886088 12.06584024283802 13.10284425089048 14.16289260266058 15.32140388433618 16.37958588937909 17.41203018471424 18.35463823912869 19.13343212195105 19.7012183964398 20.06869780021225 20.2289536733515 20.14088578098927 19.75821558535972 19.10944964597729 18.10805067080219 16.72803073042451 15.21509850302937 13.85677709498486 12.56690818548668 11.38459878523281 10.39914074744593 9.562431504600681 8.746585328433866 8.018773706424327 7.326806635370303 6.760618537486152 6.223205257338122 5.75441709768711 5.377066393302812 5.027142557879415 4.704181228464222 4.400632099226641 4.189720695834694 3.985813733368559 3.758266988916148 3.613783427521412 3.468105183272201 3.229089357158955 3.067917284202849 2.952132425889431 2.806532637026976 2.731133720859361 2.748504992690869 2.710879633330478 2.682934551754443 2.67206276160141 2.652501475706231 2.604539320702315 2.6591385047941 2.59870649693039 2.546235076017183 2.540185341917095 2.517950854617084 2.463155656500021 2.465971904312028 2.399054350727965 2.357745669753058 2.402580813773966 2.379805506752746 2.364793595093943 2.387440283418982 2.371403167817334 2.34655643267979 2.327525434493509 2.34799491224112 2.347326768986022 2.311022483272609 2.332321129491902 2.296298285087687 2.296100074076094 2.289883098012069 2.297901203113724 2.308981779558962 2.306964769628394 2.301091027202347 2.321527393825818 2.307956824290159 2.308614592293452 2.32266185894332 2.312473931890054 2.342729877334932 2.361481418240146 2.385587756441964 2.382407105258608 2.377217413182734 2.291396280132176 2.301530028453271 2.280410324219702 2.288382837221434 2.240113503445173 2.288759018414567 2.287797831078933 2.381140153644083 2.398629463663383 2.389994037428551 2.390696376125561 2.350094965753669 2.31006467116822 2.311370541567157 2.286077486176509 2.320849364878086 2.37044273846368 2.362639176230005 2.350750490637438 2.314483707319596 2.274086422645269 2.261772642930737 2.243065238391864 2.249601554114633 2.289042089487339 2.272947438817937 2.240600063662896 2.220679872229084 2.296575536169257 2.303540063272521 2.289518199242593 2.258685463024449 2.25998033866199 2.273648332049561 2.250552946847165 2.229411241289199 2.207424564436224 2.182846815005178 2.196867913593451 2.246438427318935 2.288997143456982 2.279126210432878 2.231298050879559 2.267673288908554 2.260362743822043 2.294539416190673 2.282901027429034 2.266935978375841 2.250801348815003 2.275419054727536 2.228731273149606 2.298288898789906 2.280908676144463 2.287076635206176 2.338323711912381 2.396124793489435 2.36867838516082 2.345826101849525 2.300037671837345 2.321788056931837 2.317144887212635 2.291948699116801 2.269844500468025 2.294299749395577 2.293243378766419 2.306665640942811 2.341901250074443 2.328204007182649 2.356108824824332 2.409927786688058 2.421348825333553 2.410875723180652 2.409890120281489 2.397813854269771 2.396518753812416 2.412875761972828 2.426416271318885 2.409549073487142 2.350344074839086 2.326416988388701 2.291125412622932 2.299762828053645 2.248836808546912 2.249612610932672 2.271881266709897 2.241545793818659 2.23192909755744 2.285009456430998 2.291276106412624 2.322228711478601 2.317998218779394 2.345582709895098 2.359960028774367 2.343271079438637 2.38807328520852 2.339118884807249 2.316857689009339 2.326319860238073 2.306097420476362 2.32501001489436 2.302553903095031 2.319510866265773 2.270111813475523 2.282848439455847 2.274948109668912 2.248087289859541 2.19825124642739 2.243454309209483 2.325456175851286 2.331462912265124 2.357858733048488 2.345032247932977 2.334144995467796 2.294517909202114 2.258137414968587 2.264773066301132 2.257706906319072 2.287432778150105 2.271596504313493 2.272461105734692 2.27078363851615 2.293200235144468 2.298321246289561 2.34072827343698 2.359847426596389 2.344135823968827 2.317721798237471 2.316816815900893 2.355776937969495 2.321596229674469 2.278907458992762 2.285788199849776 2.285816910174617 2.281611491347576 2.261616084557318 2.217321687763615 2.234813867195044 2.184446414223203 2.232610028637282 2.213151163108705 2.268718430927038 2.292725181752758 2.229797017072997 2.29552164679626 2.248119180409049 2.279029190227448 2.241670932035049 2.205506005288044 2.198660202288011 2.184721228928538 2.218750616964826 2.230947548447148 2.255487105747306 2.2564214551021 2.381138415206351 2.361060961597104 2.356700316049682 2.322259198088432 2.306593512119434 2.302760645330636 2.333084545847669 2.277100688745122 2.293285649255267 2.315274144031719 2.347313714795746 2.326704866762157 2.379482472300879 2.439952569706293 2.465941508540709 2.514466885198999 2.401810786381247 2.341932750389333 2.372998001366796 2.351520059251925 2.334346208637726 2.386373536717656 2.381226142320884 2.351278383277531 2.381935976049135 2.406910781979605 2.409375263094262 2.4428006203525 2.394531263274985 2.36495412174736 2.358664850584319 2.311015542069072 2.271427907628095 2.254715945855423 2.31118666851944 2.323257583546365 2.263796918687149 2.263110765568854 2.215788396570133 2.218647720543231 2.260818336235388 2.266085900999315 2.27736986265154 2.301979470823426 2.286542935737089 2.294907720575793 2.357120484026382 2.473859455421916 2.628226064851333 2.854808797183068 3.136430306069087 3.460680488246453 3.848857233231683 4.342434279242298 4.929784161460702 5.554479024522152 6.230182313207479 7.067764832419925 7.919561829348822 8.885124801294296 9.924671908351229 11.00251454961108 12.18687843746011 13.42440418797196 14.70937998024965 16.05374022959586 17.33674807509669 18.74845436499163 20.0836878451446 21.32514992743381 22.55086400866276 23.86845366511989 25.09913361647341 26.37799567446564 27.65762615311905 29.01131393238757 30.24535064801057 31.48301289705341 32.64662103407682 33.83098789719588 34.99957052384707 36.14340480942701 37.33641151208576 38.3623119382064 39.44770827989851 40.59802670612044 41.77519450152613 42.9695750122446 44.12267642743245 45.2410943536961 46.38462730438187 47.52294475078816 48.59749969998848 49.64241878355824 50.64987239283801 51.68121649165187 52.65584955507984 53.7405503912014 54.76165683124054 55.7268510844051 56.67168778331506 57.60872592491796 58.58140419721531 59.55657300903113 60.37390442853939 60.31910335798602 59.37541938971117 57.89297784462724 56.12111601602373 54.04603513215261 51.54248230228404 48.73308030246517 45.12613394639993 40.8909427594408 37.00778503947731 33.53128054537228 30.37631601978501 27.59253801289742 25.05719719824992 22.76426908075155 20.68932488253449 18.82389082077862 17.22092119415902 15.75503665572614 14.45716229426216 13.22543150564161 12.12951656734185 11.15870201094367 10.3151124255819 9.476448455126956 8.767697781338939 8.035498545053997 7.438360953827214 6.959013023870284 6.49587579402214 6.075806305165315 