# Created by Octave 3.8.2, Wed Jul 05 12:22:57 2017 BST <co1ssj@node117>
# name: result
# type: scalar struct
# ndims: 2
 1 1
# length: 3
# name: params
# type: scalar struct
# ndims: 2
 1 1
# length: 18
# name: cleanup
# type: scalar
0


# name: num_runs
# type: scalar
6


# name: dopamine
# type: scalar
0.7


# name: targetCross
# type: scalar
1


# name: targetLuminance
# type: scalar
0.3


# name: targetWidthX
# type: scalar
6


# name: targetWidthY
# type: scalar
2


# name: fixCross
# type: scalar
1


# name: fixLuminance
# type: scalar
0.2


# name: fixWidthX
# type: scalar
6


# name: fixWidthY
# type: scalar
2


# name: fixOn
# type: scalar
0


# name: targetOff
# type: scalar
1


# name: targetOn
# type: scalar
0.2


# name: fixOff
# type: scalar
0.2


# name: targetThetaX
# type: scalar
0


# name: targetThetaY
# type: scalar
-15


# name: exptnum
# type: scalar
0




# name: r_0_m15_G0_L0p3_D0p7_scsum
# type: matrix
# rows: 6
# columns: 600
 2.298620410922013 5.331171246783924 5.173332220518205 4.964213052873674 4.717807107783301 4.561035132344841 4.53791183978683 4.63986887968349 4.792887795152637 5.170892781199655 5.73269600122876 6.322421919445333 7.066024465173541 7.961107591574546 8.983960715908324 10.0136678216877 11.02045273336262 12.08021661282692 13.21136146158824 14.26146983773288 15.36977200801084 16.38981578443781 17.34975221476998 18.21784690348795 18.99450896133931 19.59919932763478 20.02783458362683 20.21467714892788 20.13240238897197 19.73434864177216 19.03151832857111 17.97776624196194 16.52154663003284 15.13123375146097 13.62465287515806 12.31527971081232 11.17309298443797 10.13638556522346 9.29059170639448 8.556605727229908 7.826230252365349 7.226604522040361 6.665419070890493 6.170144553234422 5.702770590189175 5.259865930887827 4.936827233264921 4.58042091846437 4.266729263970774 4.023658744990826 3.81630009642322 3.56075221260835 3.375599961156695 3.245517950741487 3.116686362795008 2.976489063776171 2.907562993723332 2.82691878634796 2.759507170128927 2.64667693631236 2.601751744565263 2.528215455873578 2.412338412737881 2.428272337085218 2.390713288441475 2.338765989356034 2.321680717985146 2.324102756814682 2.316455982479965 2.277764305508754 2.25761719471484 2.237758820185263 2.233040465984232 2.227216121827041 2.263188319542678 2.280677932329127 2.356751868858282 2.327563177786942 2.295894987688371 2.276715651471022 2.237042303037015 2.210240962762327 2.170964973171067 2.15672397401795 2.207648003786744 2.180201878400112 2.192765594434604 2.171094954030195 2.205917010862322 2.133556351251173 2.175999313330976 2.211144767665246 2.190342826099368 2.136333272348566 2.188705623935675 2.258575048141211 2.271864324757189 2.231524465103575 2.260406012188469 2.262505004084232 2.268445145302394 2.217287383093208 2.231931646289013 2.234398041033273 2.296558662059397 2.321626344161814 2.314144033181947 2.302905594930053 2.307079536732999 2.325044173157949 2.316479925451858 2.368381441689053 2.328699987712753 2.316508768300992 2.337627656956101 2.356761855418881 2.304545509359741 2.325119527406059 2.262713555524897 2.281260956500773 2.304555474031076 2.317866936657083 2.28793384272285 2.297589527195669 2.27187966924248 2.267933583436388 2.314035386763862 2.42892365615262 2.368189689663268 2.272990303135884 2.2549266095848 2.270275901733839 2.307013937068405 2.330764435482706 2.321919093003089 2.287496224729693 2.267595222525415 2.287488340221898 2.311928471950523 2.314613938309776 2.321554901431227 2.321054015570553 2.313485915868114 2.39897971352184 2.357975772334612 2.350582090100943 2.313987275199906 2.326274247981928 2.338472550654842 2.338727426154946 2.326123796861793 2.29650619460881 2.27736987388198 2.266902381226828 2.241736651159954 2.243266297416994 2.255371735982408 2.330010080549982 2.304255087663478 2.283006526398822 2.292166734503553 2.30810679150818 2.343305115391559 2.345423798209595 2.362565143223037 2.422952091663319 2.340156306593599 2.283262225289945 2.307835331313981 2.313398534086446 2.297393362648108 2.27565092158693 2.325407700845972 2.283751246361135 2.246395207788737 2.27548734928132 2.281571100695146 2.291983437738963 2.293448012904264 2.302836002847471 2.293187423056224 2.256397367409591 2.28271427728032 2.257396982709906 2.242694433925863 2.269580807020247 2.280103880424576 2.229670067943516 2.297204241527652 2.268787805125612 2.245487572188722 2.2891840693228 2.351984819411882 2.371672936151299 2.381417434400646 2.383161610958268 2.349959445284185 2.311664317694522 2.336827135193744 2.31931394435378 2.338591761283169 2.309844582006917 2.274766221169557 2.267659988290688 2.290767484166281 2.29999926725759 2.313919474989234 2.258390768016397 2.263379279535002 2.274818156292895 2.275987816014094 2.31006191882625 2.289443859555831 2.270062532936208 2.299200070498046 2.299492288366309 2.327199999195727 2.29256755154347 2.235653158411878 2.216772466290422 2.246423322747432 2.263251570191642 2.232235558938555 2.216619113463821 2.233600952582492 2.255688419476428 2.26120748723406 2.257873353883042 2.247686691400304 2.188836782339422 2.220799960945442 2.260281359463988 2.291752080782317 2.317066103794787 2.321954129933147 2.317332885089854 2.305249923795145 2.314963443808665 2.32297828873925 2.305746484351403 2.279662021224794 2.220062569722359 2.243752008347656 2.311086733781849 2.334403584045504 2.257419715599099 2.301149660877854 2.292553583643894 2.292916326810314 2.250911631839699 2.228229376174568 2.266915273117775 2.280760965111767 2.298820613272255 2.316388768878824 2.377505033182388 2.328988519711856 2.317901356364018 2.317786376232107 2.302110799617367 2.289698316821159 2.295909176040368 2.322628873713256 2.347613149016979 2.282870217253731 2.268128997537133 2.238397491928481 2.221917522667354 2.213606413140951 2.296040211012951 2.282294443939463 2.300933124382937 2.40330442710183 2.377196994180849 2.312076824462565 2.305240037472686 2.347286649077432 2.368100113581022 2.430982235789998 2.358352884202759 2.343484996425104 2.329645923065982 2.313342039606141 2.313051973698748 2.309801455936395 2.233780871345516 2.274148080773557 2.280494865219225 2.276375132036264 2.244260935931379 2.25670035373696 2.307588255418523 2.310633128672634 2.241073693425278 2.259250241047994 2.190796200251498 2.195081990732433 2.223558463290829 2.200850743320188 2.288955210671702 2.275680598868348 2.262822844262701 2.287279732925526 2.347267788645695 2.345314826015965 2.355113852876457 2.264361936202476 2.317984844694365 2.323677675685758 2.31622246338884 2.307327299822646 2.276376558464108 2.207477951867986 2.240886935964227 2.289264789462322 2.266106840033899 2.265011227231298 2.261885617197549 2.294080790918088 2.322999378335226 2.322639251415239 2.393179674145358 2.520456990128878 2.698001133041544 2.876521816312561 3.085908314162225 3.34883683310909 3.616503209716029 3.912647836405085 4.275253049803723 4.660810547793517 5.103642606263747 5.521616420068312 6.047662187527749 6.555908946640557 7.116890499768488 7.772807049779658 8.430730880008923 9.117176983563695 9.818634889619716 10.6045836456924 11.37523280597088 12.20079089756109 13.11115165117371 14.01183946373931 14.86234944061198 15.6806621614669 16.50953366533213 17.31408935153195 18.27132509833609 19.11476576459972 19.91204582384307 20.69649824280714 21.43897316190123 22.19730679763597 22.93048106265269 23.72368038841523 24.4684730329227 25.2531205520354 26.00660188558686 26.70933962102572 27.40379402944382 28.1465515862601 28.91252162143064 29.57886351771594 30.35813751447131 31.09746740912669 31.86133721573788 32.6211039740665 32.91716575896135 32.13048835059453 30.68735371243747 29.2232129139993 27.45285436277845 25.35896015130493 23.04228340852205 20.98545578109042 19.05657018416241 17.35658580254676 15.7944635922322 14.46002987638349 13.23954690944083 12.17606917948069 11.18659915550597 10.24782714062894 9.375666206724418 8.721621117709219 8.102813171040907 7.527233121803874 7.076948429592449 6.518034289918432 6.096280114883484 5.722089295486512 