# Created by Octave 3.8.2, Wed Jul 05 12:22:47 2017 BST <co1ssj@node117>
# name: result
# type: scalar struct
# ndims: 2
 1 1
# length: 3
# name: params
# type: scalar struct
# ndims: 2
 1 1
# length: 18
# name: cleanup
# type: scalar
0


# name: num_runs
# type: scalar
6


# name: dopamine
# type: scalar
0.7


# name: targetCross
# type: scalar
1


# name: targetLuminance
# type: scalar
0.3


# name: targetWidthX
# type: scalar
6


# name: targetWidthY
# type: scalar
2


# name: fixCross
# type: scalar
1


# name: fixLuminance
# type: scalar
0.2


# name: fixWidthX
# type: scalar
6


# name: fixWidthY
# type: scalar
2


# name: fixOn
# type: scalar
0


# name: targetOff
# type: scalar
1


# name: targetOn
# type: scalar
0.2


# name: fixOff
# type: scalar
0.2


# name: targetThetaX
# type: scalar
0


# name: targetThetaY
# type: scalar
-7


# name: exptnum
# type: scalar
0




# name: r_0_m7_G0_L0p3_D0p7_scsum
# type: matrix
# rows: 6
# columns: 600
 2.331463059985253 5.395726541071781 5.235348195652477 5.015891023009317 4.868773571419297 4.726996387511463 4.674595120035519 4.742274472049758 4.894628079984614 5.224553500607726 5.786904590564518 6.361014878486458 7.131083796088205 7.979871823728899 8.971541748804157 9.948978298696602 10.9632647694998 12.03496235219791 13.17467929235863 14.37625860649496 15.45747293665772 16.47892753592714 17.45193665503029 18.37084532770677 19.07714424434016 19.69058479623345 20.01079180036322 20.16003449303389 20.07473881922488 19.69262781522411 18.96231512454324 17.94609362450865 16.56305903667089 15.12511070247274 13.71392130805907 12.45943126767088 11.34545226145201 10.36431681782415 9.487914900157193 8.66811240039533 7.98780048259141 7.394802391903795 6.87536503841693 6.367962123622419 5.857881694115349 5.461503247148357 5.034390578766761 4.70975018208992 4.312945210440375 4.081400021765148 3.918367572710849 3.654550820250734 3.518677285474041 3.376641147195187 3.275347162716571 3.165043088840321 3.103827756684041 2.988883990568866 2.895944871655047 2.768152989301598 2.713726087240502 2.642608348382055 2.581317394280632 2.560040774049412 2.493692683707195 2.440163204511919 2.45507108907259 2.422779743505089 2.426630710553582 2.423795117632835 2.389767687498534 2.387916445346491 2.335611013015296 2.35303367866436 2.363065879777423 2.280588635629101 2.277447263408249 2.292768780029292 2.284456431232684 2.311417942240951 2.299388738963899 2.299001871826476 2.239353073142411 2.21826925491041 2.208642493780644 2.241748927168373 2.263557247204517 2.232854596156358 2.265276551690476 2.276395867509564 2.289546091145894 2.260792511886393 2.171501430435455 2.189287088802303 2.20468137410171 2.19742488337215 2.185315343642287 2.225832405641995 2.162139000487514 2.123676448612969 2.165796450886774 2.123236113424355 2.171585556307946 2.19468992342081 2.273058974729793 2.27703114376709 2.250152759219418 2.248679592554254 2.255352575273719 2.283003704724251 2.32263662934929 2.269944866955484 2.28137996912119 2.269909599770472 2.316750925412634 2.256234800806851 2.32518933209758 2.289967568543943 2.332430619186198 2.32365311839385 2.273599726540851 2.212800146975496 2.21980414632344 2.213180497911253 2.266968565825664 2.230413666446111 2.255220693230513 2.282113501732965 2.267721104633893 2.215075489351875 2.203440927700285 2.156976854130335 2.157424487224489 2.154493437847123 2.183757150436577 2.157095746886625 2.210044385275978 2.273740919161355 2.268740238490864 2.266054946119766 2.313239434461138 2.300425218021701 2.300796263512893 2.263257248767331 2.31120710261348 2.346723073242174 2.31727498350665 2.302147041598801 2.319133790176238 2.288626102745184 2.294464816222899 2.353341943777195 2.322481382314436 2.308576310988428 2.340747881829884 2.309493934735656 2.295383154149022 2.312739852186496 2.307098884375591 2.260615408726153 2.316796882991184 2.339581513784651 2.323423918322078 2.241203000688984 2.239309730273817 2.276631347165676 2.272789344930061 2.294938392715267 2.285809490538668 2.290445234139042 2.315850453818712 2.376124393567807 2.321043310657842 2.294482933759355 2.324340392973681 2.304789938942122 2.262910860335978 2.246232237619552 2.26161140849581 2.305987973821175 2.24861826412598 2.264619731446146 2.277184974838747 2.260678135804483 2.278920103406563 2.281320522968599 2.2273743971964 2.28274264556967 2.277428141409473 2.226149256901408 2.242552763564163 2.321456846388173 2.324759177576198 2.297275314374929 2.306887313166953 2.325596254668199 2.297790753327718 2.285695027931069 2.317037948101643 2.336791526362504 2.392251389108424 2.312258176469186 2.356470943050226 2.382796361387591 2.347264361087582 2.341189488965938 2.351385782800207 2.332350719339956 2.355390572975011 2.269937889876019 2.283546151807968 2.271888964856771 2.215490011651127 2.267921698490682 2.275093178075622 2.292631366031856 2.323303524761286 2.355113374418579 2.316947160295967 2.320107734180056 2.365780511820049 2.325055076760691 2.265914130221063 2.271851811605302 2.275235481363779 2.279069624695694 2.306978130167408 2.283264441895881 2.247863518652593 2.24492669457868 2.300352821737761 2.292954014053976 2.265612479488482 2.311601398916537 2.337301967963867 2.281264511959307 2.284903597239463 2.29751533822855 2.325437186991621 2.327907338294608 2.302296758127341 2.276579923985992 2.305889261406264 2.251426801092748 2.232425789778063 2.286542008121614 2.27835288865208 2.279224751813672 2.29381596040912 2.305723614808812 2.32652733078794 2.351728014112268 2.320454458139466 2.283268962048169 2.224887566604593 2.243741590369609 2.268512618502427 2.310211050138605 2.244402411572082 2.253504746273393 2.212187978443581 2.211186706030276 2.212457683510365 2.210095977610763 2.294900068587594 2.248496284355497 2.245502871265671 2.298530375415794 2.279016788073932 2.240298347676799 2.27827591571986 2.288455697524114 2.318680141148434 2.156610205733159 2.206415727436251 2.244692879416107 2.225100983807351 2.235058262165694 2.26452123765921 2.261469174656668 2.245423005504563 2.236425395734841 2.245289727414274 2.243366709619295 2.273592807508976 2.258562335053284 2.277308062592056 2.307762435223594 2.312519010083633 2.28697864993228 2.26087140263553 2.273490375420806 2.264853412023513 2.280318342007376 2.23621707795246 2.23438777220872 2.139684333469631 2.199664622245109 2.185830676811747 2.178636470693164 2.188216992119123 2.188274063424615 2.250574794267777 2.321789049361541 2.457523736338771 2.677254332789744 2.95042295314488 3.344897955741544 3.73020695890591 4.236704388149519 4.745145976125968 5.31220067628783 6.039965081185073 6.817748162215139 7.578077871459755 8.503021915668796 9.53114727342836 10.66600733495216 11.84977623102168 13.06478293154578 14.39305302831781 15.64852866806905 16.98754736667615 18.40348058898235 19.66424112023742 20.84153596920805 22.15208033004456 23.36647001612982 24.62805091847986 25.88311748721662 27.00712368494715 28.1310600145116 29.21581239619991 30.31279517020812 31.36931979363726 32.44302399513253 33.46369416215748 34.4886471624668 35.51928914934251 36.63895685692023 37.71750417108342 38.89695631759969 40.00993324134015 41.09136407630649 42.16378664137301 43.17819233635237 44.15589796705535 45.14436310846213 46.24752726659244 47.23961069373763 48.14351415694182 49.046969804931 49.88618287698046 50.73130891561414 51.66459317767658 52.52731828003016 53.36817288045131 54.28182735176233 55.14734019128628 55.97627328976159 56.89142916122364 57.74575669213664 58.62041202110777 59.37316760079193 59.95647512264804 59.77300059749177 58.96587124112557 57.25712832435602 55.10252843140552 53.02702722070353 50.86142717293842 48.27926561307686 45.21998632293798 41.17816037330431 37.3105384320952 33.8219120556264 30.67799385402941 27.80061647383991 25.24589329655282 22.95013565654881 20.85584421193562 18.94083959519503 17.26000994717833 15.72541931670276 14.34958909218039 13.12916217656129 12.05350942137011 11.07723039170742 10.16799910951522 9.368902617774438 8.616788105668093 7.982113973113883 7.398743105502945 