# Created by Octave 3.8.2, Wed Jul 05 12:23:01 2017 BST <co1ssj@node117>
# name: result
# type: scalar struct
# ndims: 2
 1 1
# length: 3
# name: params
# type: scalar struct
# ndims: 2
 1 1
# length: 18
# name: cleanup
# type: scalar
0


# name: num_runs
# type: scalar
6


# name: dopamine
# type: scalar
0.7


# name: targetCross
# type: scalar
1


# name: targetLuminance
# type: scalar
0.3


# name: targetWidthX
# type: scalar
6


# name: targetWidthY
# type: scalar
2


# name: fixCross
# type: scalar
1


# name: fixLuminance
# type: scalar
0.2


# name: fixWidthX
# type: scalar
6


# name: fixWidthY
# type: scalar
2


# name: fixOn
# type: scalar
0


# name: targetOff
# type: scalar
1


# name: targetOn
# type: scalar
0.2


# name: fixOff
# type: scalar
0.2


# name: targetThetaX
# type: scalar
0


# name: targetThetaY
# type: scalar
-11


# name: exptnum
# type: scalar
0




# name: r_0_m11_G0_L0p3_D0p7_scsum
# type: matrix
# rows: 6
# columns: 600
 2.339150295432773 5.427396339797269 5.151857763156841 4.977531731441559 4.801125152705936 4.727162905517616 4.619883756357012 4.744505682690942 4.966820166933758 5.226022308128449 5.710582298197551 6.32625626220397 7.021624121218338 7.891126516646182 8.848920688300495 9.777503970719408 10.84851609596808 11.9687233228924 13.06658901018818 14.22586216875789 15.33689665834572 16.42695837635983 17.37820970995381 18.235211957719 18.97947859262422 19.62185274794319 20.01041154088307 20.18966645482942 20.07494078235686 19.65774752652214 18.99058093224448 17.98506602500856 16.60088171219832 15.13779319460082 13.80137872134947 12.59602046302552 11.43310164893046 10.43233180392053 9.522763353299524 8.662004212412285 8.045066699240124 7.411000759981107 6.841052735078847 6.311493531781707 5.880531003940632 5.464786468637612 5.130132697431691 4.803985558282875 4.50991578510002 4.200791815295815 3.96908727592745 3.734295117123111 3.542129170513363 3.378056588830077 3.208751790552924 3.109158768627822 2.940574294458202 2.901249793460011 2.810270153931924 2.832701991841532 2.770504404004896 2.701648522048345 2.702906617254484 2.691938139625563 2.634472430214373 2.681407070838759 2.608308782921085 2.564585371350404 2.510976829715219 2.47969164676033 2.432409226537857 2.403382619286276 2.362805763121287 2.343274707112869 2.3346965455803 2.317674260106287 2.270961519949196 2.322008589399047 2.267818038424593 2.261820622945379 2.238618599694746 2.235211501676531 2.267187876863318 2.307640704722871 2.313651333784946 2.322556111534141 2.302787059546972 2.295234619936309 2.317518438339903 2.283351961355947 2.245914534076292 2.285554492811571 2.215609569966546 2.172003512423544 2.116568914885647 2.15373614623968 2.188344779642648 2.205217155049468 2.224057890744916 2.269485188506223 2.240686455435934 2.253600014486437 2.308529902613373 2.290480498309989 2.284777973240125 2.34022121430462 2.350742667033046 2.350812082600896 2.343874559810502 2.336636117528542 2.350222859386122 2.347759802414657 2.345089073729241 2.368008091651063 2.348666981859424 2.316472753784183 2.357775739219505 2.315277740293823 2.343813452176619 2.317780298508296 2.321856646945889 2.27777716791752 2.350592743623565 2.282834259327501 2.269651602779049 2.335901251699397 2.26388904133637 2.242020254081581 2.236473178363667 2.26248872180804 2.295987430443347 2.250001121432433 2.256711884881952 2.214050689060969 2.178069091802172 2.223194948062883 2.271774945809739 2.267423455445169 2.242636504532129 2.252393274146016 2.267252067617846 2.327557107208122 2.378361576520547 2.394211175593227 2.360427428706316 2.403116957048042 2.378607926075347 2.32829205802409 2.30529126006877 2.306157410414016 2.287749237246317 2.291908459184924 2.264400708998437 2.296826221732772 2.278714259060507 2.322303409835513 2.326912238742807 2.292546190270514 2.295991057591891 2.325974148463501 2.35365848191941 2.376909091566631 2.313108073478361 2.274990049161715 2.240353220255201 2.259007921042212 2.205437142147275 2.174910177949641 2.185060911760957 2.160648489676532 2.193967915656685 2.227279898066627 2.277180516328372 2.310970790782449 2.32358617077989 2.350987055040605 2.341751447809656 2.361209615901316 2.388713834625378 2.386696407149429 2.39637066317664 2.370326847918477 2.327413056736987 2.361721264584048 2.36287303582867 2.357203793103508 2.335009188289405 2.262025148721023 2.277056803020969 2.205958874808857 2.175481635447795 2.116629714146256 2.181261171419465 2.143996582060936 2.169029559328919 2.201149209518917 2.225442468858091 2.242786474845161 2.280154374930135 2.318972420100181 2.298084001267853 2.288918331374589 2.328836966233212 2.342965831807305 2.350386398238697 2.301030618660661 2.305851697226899 2.300378962257128 2.376352888539259 2.297663796212873 2.268505554398871 2.264184294628649 2.237843612514553 2.232354999156087 2.197394381018967 2.230640647954715 2.225787432853394 2.261541457584826 2.307078693018411 2.273232742889377 2.241857020337193 2.24955022276481 2.242379298160813 2.212570198014873 2.216797127868631 2.224553751740132 2.247867329773726 2.221671712730313 2.207365355759976 2.221213571621774 2.224350699998467 2.268528164153395 2.263017968032727 2.265185199445114 2.234029019695299 2.221571361273163 2.232071813672519 2.199996966663093 2.249475257350241 2.276372309173894 2.288224070409342 2.273100811355107 2.304900579807509 2.242663814726257 2.227676591550335 2.187887696911275 2.213597201478478 2.202788089605747 2.210519672458759 2.229765960335499 2.253283677691797 2.208672219319851 2.172727102453791 2.156660377266235 2.186219127601362 2.231846400965878 2.276966637080477 2.2861243716834 2.346873491074803 2.397905656729563 2.30487525499484 2.325836417141545 2.29255655169618 2.282070802983071 2.29939568271584 2.312135469765053 2.29756753595575 2.291557303025911 2.320468652582349 2.267641402031586 2.277289037963783 2.362517734414723 2.356428983643127 2.307424318489211 2.387373376837786 2.347009507364419 2.362672407420177 2.360843835300329 2.351770696179301 2.359349896556523 2.366328273739782 2.349616928411706 2.338755657902766 2.289454520516301 2.286766096847714 2.267025061802997 2.251951290905708 2.252582209031971 2.234973395654379 2.261473912264591 2.32023415661024 2.256398691293725 2.253782781543123 2.250588455164689 2.25547380221542 2.269528891445589 2.297711312123283 2.338868318391178 2.308193450844556 2.252803786310324 2.308182504646538 2.308409848334122 2.276028045693238 2.247313791249326 2.267805369727284 2.3098650277243 2.34853145507077 2.407956792980258 2.519752207066631 2.604704709076032 2.788408353233535 2.986621127787657 3.273721284844214 3.633297089239932 4.06539473932844 4.459979539795313 5.006093145120758 5.516427934985586 6.096134125549725 6.764121446554782 7.468052586751583 8.330318351429014 9.151278092271241 10.09377515228334 11.0639145124951 12.14352625609899 13.25773841894261 14.40693865181856 15.55233556277017 16.69104411103035 17.76022900233147 18.78893460492327 19.94464180243085 20.99250422936166 21.98740773615282 23.08931105010197 24.17814355235168 25.23498410391767 26.23072549686549 27.20968846527103 28.2408677751373 29.24158802592501 30.21238021640602 31.23556291475506 32.31291417495231 33.37002277006468 34.35258787433304 35.26358318330676 36.24848485986149 37.160576160044 38.15926611047325 39.08246433955355 40.05474279857299 40.95037177778431 41.90991957923688 42.86603636347718 43.78756901783345 44.60346212326112 45.51817280672549 46.38565119744453 46.44514024999808 45.37906616311375 43.77313074787526 41.89848087319842 39.94711149755312 37.61004638174563 34.73457332850376 31.48699631187628 28.59988447867545 26.03166304208571 23.53165291768164 21.38913226558816 19.51057847101583 17.75673506306339 16.21173222726793 14.84933129789715 13.62123862772569 12.5105796765929 11.48876449676027 10.55032543194102 9.713360973481031 8.95556629440398 8.216647746485251 7.658404352021535 7.150755565344298 6.650635344038164 6.240879631786811 5.878705024006194 5.552959681292123 5.183534590891213 4.895081459850189 4.581652499967277 