# Created by Octave 3.8.2, Wed Jul 05 12:23:02 2017 BST <co1ssj@node117>
# name: result
# type: scalar struct
# ndims: 2
 1 1
# length: 3
# name: params
# type: scalar struct
# ndims: 2
 1 1
# length: 18
# name: cleanup
# type: scalar
0


# name: num_runs
# type: scalar
6


# name: dopamine
# type: scalar
0.7


# name: targetCross
# type: scalar
1


# name: targetLuminance
# type: scalar
0.3


# name: targetWidthX
# type: scalar
6


# name: targetWidthY
# type: scalar
2


# name: fixCross
# type: scalar
1


# name: fixLuminance
# type: scalar
0.2


# name: fixWidthX
# type: scalar
6


# name: fixWidthY
# type: scalar
2


# name: fixOn
# type: scalar
0


# name: targetOff
# type: scalar
1


# name: targetOn
# type: scalar
0.2


# name: fixOff
# type: scalar
0.2


# name: targetThetaX
# type: scalar
0


# name: targetThetaY
# type: scalar
-12


# name: exptnum
# type: scalar
0




# name: r_0_m12_G0_L0p3_D0p7_scsum
# type: matrix
# rows: 6
# columns: 600
 2.256818110850872 5.246238200219523 5.074712016510603 4.848367698639777 4.750704085610778 4.666081894463787 4.647908055592779 4.763593725801911 4.969652886797121 5.346412818151293 5.835010009188409 6.47277118801685 7.251664212020842 8.079166104776959 9.002066399036266 10.05923550858279 11.14041149256082 12.23120841523632 13.31115667108315 14.4054501292776 15.52098301029582 16.54797374842019 17.52960153193271 18.38736634013185 19.1778645510567 19.77343928871051 20.14556303063 20.30094882655976 20.20344286086765 19.77894234479027 19.02402383457957 17.96100481391477 16.52294139021114 15.04901942030301 13.70674186840188 12.55498332658317 11.4484008123909 10.48058016143113 9.61185677796675 8.830212150402076 8.085904727429806 7.46430720504577 6.845774604997132 6.295555573862657 5.871738907608233 5.464002676788368 5.118911053226839 4.732775700947968 4.474207437895529 4.203097844894728 3.892603940119443 3.683404927271113 3.548459110665135 3.395768635178683 3.224494845075242 3.139087954405113 3.025538766669342 2.947138407685998 2.853582942589128 2.799391327878766 2.762420525825291 2.679203951087402 2.595183888572137 2.578708971541346 2.551802328027406 2.520744812012708 2.550181025915663 2.484525948002556 2.473347966762958 2.410271301137982 2.426193530267483 2.400650648374722 2.331498055253178 2.312948924101875 2.304480283612065 2.257285539519216 2.278098738839617 2.287888167882556 2.277647605566017 2.253445793965511 2.2561610990997 2.287054892767628 2.313312540441984 2.268007052254688 2.244533017743379 2.189099875125976 2.203738053991401 2.252028162794886 2.289937196528626 2.27060178839929 2.309814191634359 2.322140595715609 2.33136864824337 2.295356024696957 2.288296612263366 2.234619738901529 2.218501334045868 2.229879921505926 2.242674546079797 2.258294298793771 2.245157234883663 2.272262946687988 2.229380202508764 2.167011718185677 2.171763070982706 2.195711734275392 2.217709342556191 2.185686604643706 2.255530363487196 2.277105102690257 2.242723699127964 2.237010032615217 2.194484319865296 2.170110198793736 2.191260947052797 2.228067178926722 2.226610453773901 2.295013292847216 2.312393935215368 2.296684063486282 2.315751439618907 2.374114526079211 2.355781207505061 2.354120754102041 2.294952135751373 2.334681954511325 2.377497649486031 2.359733203418727 2.335308466892457 2.365127422730438 2.357293506640417 2.35365092788561 2.371707089805568 2.415373416639341 2.409351805312326 2.428125742932025 2.457584807401872 2.449700969427795 2.427560169482604 2.35550555527152 2.343426772755265 2.357776161839865 2.308764024935954 2.35373108436761 2.348408896810724 2.321905417134985 2.296854375588737 2.255551834154176 2.348315901523165 2.390025312359285 2.399502434207534 2.372089091761154 2.38193375908304 2.344267510361533 2.287134365476959 2.296058934363828 2.285922988532548 2.292879702967184 2.237133075108432 2.266744158507208 2.330928615225275 2.377005554786592 2.314273719624907 2.269208285739296 2.277527927544725 2.248909402309437 2.20202179478656 2.216117326328458 2.279924293699878 2.260674608703994 2.236324101533683 2.223981855029706 2.111282183897856 2.14042716062977 2.177717811646289 2.139118456274446 2.158307392212009 2.174424399411691 2.166527462093654 2.232124939988353 2.215954933111789 2.222902511426582 2.177664619994175 2.179356166157959 2.204502263948598 2.171796613567494 2.206865057858522 2.233316573641787 2.191254756569833 2.18959616090433 2.162498836749819 2.232704888895569 2.215843401118036 2.232863138120592 2.227404581255541 2.195800635703563 2.16068424617697 2.191298736299359 2.24318711302476 2.271633869524521 2.319135773531343 2.328702489343414 2.396191846200963 2.421087690847344 2.366979175068991 2.336336623011448 2.311607078257111 2.400602357258322 2.360321109703364 2.348993916537438 2.350006953172851 2.307284703434561 2.188226381491404 2.21695989692671 2.195105658374814 2.207430096452299 2.217663184223056 2.234831332269096 2.277184574431885 2.276730199122539 2.220154081627697 2.212560799885978 2.183877405921521 2.198111391546263 2.186469090967876 2.232685312985268 2.281229286956659 2.305253026614082 2.364084647848358 2.403314802384557 2.433942351017322 2.363702124146585 2.338005267271001 2.356620184218855 2.386144875788887 2.406076614723133 2.377141980232409 2.393540953587944 2.320213671551755 2.340198805442924 2.361208587265992 2.375319863122968 2.339059495468973 2.382806092843566 2.33037905765741 2.364845711053931 2.365114207201259 2.360925604731165 2.345962966737716 2.382198554447314 2.311112216972106 2.357355083286166 2.348883996186487 2.309302735338861 2.328407543202047 2.280487808347971 2.255757781462307 2.264868111333271 2.23693395263399 2.23469322843448 2.250449271792604 2.214796274165565 2.240059095132892 2.223942033349886 2.241104677887051 2.220238830588642 2.196574959521968 2.241594573515613 2.248501829459201 2.285881822583178 2.297696094057756 2.31574057546095 2.292571640458846 2.296262250609288 2.342327051719622 2.340248651173169 2.381855868232378 2.376509111410996 2.333928315201774 2.336323823150451 2.32243140652281 2.293842912815307 2.249143936729524 2.279973325719766 2.300010915803796 2.292116029377212 2.321539454416779 2.31065457018849 2.275365455941937 2.305880311687361 2.298212906343906 2.28213044442964 2.284001815729425 2.27195197126639 2.261975878227531 2.208383359744403 2.244876094922802 2.251687190348093 2.251769112634065 2.264006649307703 2.313623672962422 2.284271910859388 2.316147287514468 2.297696978770546 2.307868253727065 2.265335918800702 2.271154097218641 2.288935601824051 2.273561455280287 2.275670511604403 2.305187900587043 2.4119917286298 2.675747764297739 2.862995672105171 3.168390316035584 3.463271472908673 3.839251715418868 4.219403330702335 4.626544090315292 5.12529302736948 5.683334021206974 6.376061812974513 7.052508796106849 7.738980313759384 8.494885549700484 9.331664946621459 10.22187516064514 11.12664399755886 12.10002071298732 13.05726474320181 14.1080125419976 15.07683234786236 16.06076590056546 17.02972482243786 18.09150055715509 19.14796584604483 20.13468088606169 21.14872335487598 22.02338033488195 22.91981452191976 23.91091311709897 24.85302917373338 25.77076409606161 26.65940613628482 27.53957792512119 28.4108485386314 29.29087325827277 30.14633475765004 31.02239363585977 31.88011884316074 32.75299201966118 33.641914787313 34.542787664559 35.33767672267459 36.2104604653141 37.06799737434631 37.87200692567058 38.72744746327953 39.55658268564366 40.35340123226342 41.10382159754136 41.0300314832366 39.9352758849127 38.43384349402186 36.76176939232028 34.77669561442781 32.58126565792918 29.79989666131587 27.06333159302449 24.57865033723647 22.35587059823229 20.3122857444605 18.59879953474592 17.03456756637752 15.49352667194398 14.14908224116516 12.95351847150232 11.85329186492891 10.88336001696007 10.00256699736201 9.193072868481977 8.451047964226746 7.815026559359467 7.366406252416709 6.79755375986133 6.316792982583138 5.91682399243291 5.544394238369932 5.180714624555549 4.858465664881805 4.56036041144398 4.323587223974755 4.128692030426464 