# Created by Octave 3.8.2, Wed Jul 05 12:23:07 2017 BST <co1ssj@node117>
# name: result
# type: scalar struct
# ndims: 2
 1 1
# length: 3
# name: params
# type: scalar struct
# ndims: 2
 1 1
# length: 18
# name: cleanup
# type: scalar
0


# name: num_runs
# type: scalar
6


# name: dopamine
# type: scalar
0.7


# name: targetCross
# type: scalar
1


# name: targetLuminance
# type: scalar
0.3


# name: targetWidthX
# type: scalar
6


# name: targetWidthY
# type: scalar
2


# name: fixCross
# type: scalar
1


# name: fixLuminance
# type: scalar
0.2


# name: fixWidthX
# type: scalar
6


# name: fixWidthY
# type: scalar
2


# name: fixOn
# type: scalar
0


# name: targetOff
# type: scalar
1


# name: targetOn
# type: scalar
0.2


# name: fixOff
# type: scalar
0.2


# name: targetThetaX
# type: scalar
0


# name: targetThetaY
# type: scalar
-17


# name: exptnum
# type: scalar
0




# name: r_0_m17_G0_L0p3_D0p7_scsum
# type: matrix
# rows: 6
# columns: 600
 2.343660424296104 5.408049302466679 5.223112249710539 4.960929080618371 4.742717556604475 4.677840548680251 4.662366693766671 4.776351845721365 4.979229482596566 5.327929737446539 5.789778686587852 6.40380251500028 7.17249147234179 8.054943671344517 8.967815870048071 10.00400633651225 11.0006431324 12.14531143393106 13.31938762798382 14.34980552915658 15.38461203832048 16.39908982603811 17.43919900774927 18.34925053268671 19.10266380060057 19.62193577181461 19.97473478179018 20.16706348656771 20.02651821524705 19.66088557988405 18.9732274775597 17.90951573110215 16.51370497202879 14.96175188755205 13.60731767920515 12.43491855775937 11.34714256669758 10.40830715384436 9.5198117132677 8.750038505881093 8.028507777391496 7.340690097553306 6.789789373578969 6.239917690036236 5.765877307894698 5.380508602291229 5.052583306994165 4.703480652648068 4.377751509855443 4.094194865618192 3.843013655103277 3.621237774641486 3.451255579679128 3.329861916625305 3.232013102438941 3.103984777219011 2.978734743282985 2.903046759536664 2.774680642245585 2.715766302908378 2.699088960784138 2.639965124857554 2.659883200078184 2.634405740578586 2.592469747185532 2.554226946202107 2.578585225070128 2.504831799316889 2.416698723165609 2.380090902181109 2.327449767042708 2.244130192051671 2.260431696551677 2.286172415046167 2.235001089801244 2.308821621515563 2.333843417112803 2.314230464522552 2.250840647910081 2.254073215643984 2.243158941455476 2.192968522551382 2.282623918592435 2.291170003163643 2.273509364531492 2.237102981875069 2.227985826113581 2.231322675832416 2.248210985799233 2.206690483628336 2.180949247565877 2.230802329454491 2.26568753032916 2.220902971606847 2.27322101732716 2.217924039287027 2.269100761972368 2.254045773795951 2.206798181588965 2.26052181932755 2.27686620680106 2.295860043774155 2.246759573623422 2.241916138380475 2.225836070228979 2.248070704506972 2.237069523172977 2.242380044870515 2.264431076106121 2.247990626576211 2.240777375449397 2.235990293404029 2.228599918929831 2.265668183486923 2.282082399357023 2.348202656685316 2.312650705527631 2.335289599714088 2.377206519671745 2.327300601587922 2.319476375803788 2.310314870879665 2.299633124563115 2.252183176166 2.236519497080735 2.252726641541813 2.278677827016509 2.295879191195127 2.242330544017022 2.296283569645311 2.312885484177968 2.258712606882909 2.242204332525944 2.222778579371152 2.235470776751754 2.255993784521706 2.262083136942238 2.226381395965291 2.314362311615696 2.282328827568563 2.267165206380014 2.271182932310694 2.2874141233915 2.300775483359757 2.277536092333321 2.298464967869222 2.314444900894614 2.326875966100488 2.305806016840506 2.320313634798367 2.308427733170902 2.30583983082397 2.242599029625126 2.23902891770922 2.304189745304029 2.294585610365175 2.340027041442227 2.327001147476039 2.333336398129177 2.315376898239265 2.35798634009916 2.340847985047731 2.403574837459018 2.348789937394031 2.310556818760233 2.33106344283442 2.284773625757225 2.329860190933687 2.360387975650156 2.298546055822953 2.302736506485417 2.280366500446689 2.318271818690846 2.324356498695124 2.300333441697148 2.330075940408278 2.325490218630875 2.349257817568287 2.323027579011978 2.284358756827714 2.290254426123283 2.28632935902715 2.279682087992114 2.284436588281096 2.327527817053124 2.339702757377381 2.331920120208451 2.307766383462877 2.327114952669945 2.312431200840365 2.276331760534958 2.270713641908515 2.299668185813061 2.313623517242377 2.354478325400123 2.319929685312673 2.284064885858243 2.227143250725931 2.200575033537461 2.221675238986791 2.229407296792488 2.139279650710705 2.148324093148403 2.169015577572281 2.16472448334207 2.201102362821985 2.228509290725924 2.209756896441831 2.215724459754711 2.258183872934751 2.21389486706903 2.209595870830526 2.169161645932036 2.190204840771912 2.172140531416517 2.198235965508502 2.218632107542362 2.24275985337772 2.292223068670864 2.316538228275022 2.271608806055156 2.265727453501313 2.270589247586031 2.274105867760227 2.315820843490656 2.282114553376232 2.364894488004211 2.388878593959816 2.41303156621143 2.414041029594955 2.351239277977584 2.306998697284143 2.319447384921659 2.299171139980899 2.321590734531128 2.334065768949586 2.361891523438317 2.437984710046294 2.369977156318782 2.37979166544028 2.385496021477593 2.392003759399813 2.3665750815926 2.329222474996641 2.327093918233004 2.305950231764655 2.339853466837667 2.359391600655727 2.362884473774102 2.337968651065239 2.363887296232861 2.330389356859087 2.258211116541133 2.229226123661647 2.268902538642578 2.251287318460527 2.234270033626672 2.283675790607958 2.291842496203571 2.265322807055782 2.320784925695989 2.331497460007085 2.264922582748113 2.296888565142581 2.260732457947597 2.262755209536408 2.320276567748806 2.316828339546191 2.322008512095636 2.294494099589429 2.317546737579505 2.354849016002845 2.296415337634244 2.275444177352256 2.265285051515093 2.273897119492176 2.293499895829882 2.212902367824427 2.182287392948638 2.193850442577968 2.176597108966234 2.186616622922884 2.229435470280805 2.266732603526179 2.26505482273933 2.280024700248759 2.255067739237347 2.280125253808365 2.310133692299132 2.27443259505344 2.318733330328541 2.347827874691575 2.36843802567455 2.354270054840526 2.336154335836909 2.308834262919845 2.28397228430731 2.293840799859026 2.283625214906351 2.284242695101057 2.26690741024504 2.29509186705036 2.289994496673899 2.281823586668907 2.272529910620506 2.291833084564132 2.268715320267802 2.298452003029524 2.328021944693319 2.366795210416967 2.385459257444381 2.384223289602232 2.350054363534582 2.389025749856955 2.424138654630951 2.380951889414064 2.307023370034585 2.260465967105119 2.230214338873338 2.274217781981861 2.300980476309633 2.387109587951272 2.421259230395663 2.537550217035459 2.716240135901899 2.841837783205847 3.06625162014825 3.28176967827676 3.486540616380807 3.734217512865143 4.050060770863638 4.376353776509859 4.757308445026865 5.20127284096634 5.676008573804211 6.085931568755768 6.592371894199459 7.103391561400713 7.701466320606414 8.266338416262442 8.927834676376733 9.585590097791282 10.28872217916069 11.08492504723836 11.82178496418055 12.59892400852186 13.38259804833069 14.07746047028922 14.82434495165217 15.53916939142437 16.27247996370716 17.00635295944085 17.7941077816613 18.51704299177072 19.27802958259235 20.04290611009128 20.76956243133645 21.43106405501112 22.17994657721283 22.86043210986099 23.50621121885342 24.29455398341634 24.96780380879227 25.59119141158499 26.23891565785379 26.82470805171033 27.45994439643982 28.12890259566484 28.83839928270754 29.07892310560055 28.2005242346313 27.01632072424945 25.58289163671725 23.77705539889212 21.67969025903767 19.68366331349171 17.91157814534381 16.32139069927871 14.9173963018111 13.68059217041446 12.53552882814074 11.45937359136587 10.52130330094224 9.606893546835636 8.837028948437364 8.158728243033693 7.492857296965667 6.999835787115444 6.614349264256816 6.184990430330799 5.836134185774426 5.530437482346315 5.22511574884993 