# Created by Octave 3.8.2, Wed Jul 05 12:23:13 2017 BST <co1ssj@node117>
# name: result
# type: scalar struct
# ndims: 2
 1 1
# length: 3
# name: params
# type: scalar struct
# ndims: 2
 1 1
# length: 18
# name: cleanup
# type: scalar
0


# name: num_runs
# type: scalar
6


# name: dopamine
# type: scalar
0.7


# name: targetCross
# type: scalar
1


# name: targetLuminance
# type: scalar
0.3


# name: targetWidthX
# type: scalar
6


# name: targetWidthY
# type: scalar
2


# name: fixCross
# type: scalar
1


# name: fixLuminance
# type: scalar
0.2


# name: fixWidthX
# type: scalar
6


# name: fixWidthY
# type: scalar
2


# name: fixOn
# type: scalar
0


# name: targetOff
# type: scalar
1


# name: targetOn
# type: scalar
0.2


# name: fixOff
# type: scalar
0.2


# name: targetThetaX
# type: scalar
0


# name: targetThetaY
# type: scalar
-10


# name: exptnum
# type: scalar
0




# name: r_0_m10_G0_L0p3_D0p7_scsum
# type: matrix
# rows: 6
# columns: 600
 2.310840231831207 5.343590783952095 5.134316953092821 4.891196923621465 4.644499638397974 4.500953721753831 4.479879721053294 4.624083465019794 4.80999678812077 5.229596044933714 5.669441612815717 6.221121379963733 7.016070725861937 7.972713332572312 9.016908142391912 10.0526512934448 11.06472579578622 12.12965589386295 13.24441623998428 14.38112445318984 15.55117062426871 16.60219588173277 17.53717051606873 18.40179849262495 19.12820299519808 19.82174353634764 20.16325644476092 20.32981458380982 20.29074256346939 19.88150317409963 19.18849881855931 18.05481274295744 16.65124256184208 15.14476296746034 13.82139829106018 12.56935142123621 11.44182384979649 10.41492137116802 9.560980426889728 8.770032795418956 7.998134679791292 7.372090713357466 6.816664949026745 6.318985612087999 5.857503734383499 5.437650963605847 5.045490043972677 4.642165028650197 4.384196309962135 4.158088197669713 3.930600065690669 3.726721159669978 3.565456184773211 3.394830567900499 3.166919804600184 3.049944054190746 2.946534893348144 2.930766564480109 2.836318068388209 2.786137075680017 2.69453550518665 2.644504161355144 2.594567075622763 2.495556095705979 2.430638509104028 2.403506841952549 2.447609614409885 2.43379126425134 2.361827218566759 2.351775804372664 2.400216883041139 2.396301778298948 2.365209957533807 2.380226163647421 2.371137879119487 2.416365450677404 2.381874195292767 2.337098603660706 2.331175269835512 2.288636631919871 2.277230016930844 2.25070354919626 2.255001984223782 2.27544894359562 2.317914476287115 2.324675534066046 2.372188501009077 2.353360292981961 2.341712301367807 2.360113295268093 2.304572041648498 2.322302369204408 2.327546589389385 2.351663122219179 2.388758616809355 2.378245858257287 2.396811648352013 2.389992022971455 2.389090196309553 2.372272666143544 2.439036607403978 2.399189773452235 2.370110444306192 2.35083263937122 2.300591796338267 2.302789661968745 2.328203049465628 2.343085477445129 2.329008269298356 2.290071706302115 2.250474529348139 2.254920816387312 2.295706794007856 2.327391184266162 2.28686172387097 2.31599160686892 2.277526025914995 2.291491080814012 2.243954334836644 2.261959257793933 2.294177692187077 2.349118312096834 2.30366125524597 2.278222118497069 2.231512602644216 2.233626589793857 2.205342727138486 2.168488839408383 2.25507957931768 2.257912176653917 2.288910831124667 2.328294994345924 2.349315114566707 2.325385954376543 2.31474843986507 2.287883269178565 2.291021875751539 2.277767583989771 2.222175134429563 2.208699156975854 2.197620686976734 2.214610544244351 2.241120380676875 2.289942149549461 2.29193094128641 2.291133700768114 2.301121708376741 2.319139686156632 2.326884761994734 2.33693953387592 2.296429754896963 2.264854300505249 2.27459333684601 2.283814343993072 2.285832317094901 2.292322273424361 2.296280497299449 2.364016536463168 2.361070639384707 2.394942423117755 2.363333390530897 2.353687624181475 2.358865314363356 2.330498952313064 2.282054683411843 2.306587866369227 2.30826140219142 2.268179462553235 2.265065896201122 2.25445932513685 2.29651360860953 2.328608195481138 2.328226190980786 2.346340773940028 2.343730893466272 2.361383558492889 2.324130253480689 2.31675826764149 2.254719925105746 2.249388363394246 2.315209575761401 2.299509342914462 2.260883916860621 2.215622953870479 2.241039257423836 2.284870726798545 2.275507729631499 2.33595768073792 2.354804607137339 2.329002834499988 2.373574626228219 2.332151595626783 2.363546014566964 2.364363873697584 2.369671270706021 2.348276220116531 2.360903327302367 2.394546564239135 2.337578864578973 2.351774091892366 2.327983840586967 2.339214023671957 2.346078855021915 2.336663725953258 2.313410720340471 2.315162738221261 2.343916129731952 2.336116366383067 2.349033608643367 2.34375888584691 2.350581957940449 2.301490659672709 2.333886093161709 2.340764100234082 2.332994231568591 2.304418931402324 2.311401060405842 2.366363187124989 2.328607723698951 2.274817159493978 2.345822099116049 2.294290919926425 2.273429627166479 2.215277714352851 2.250518299944815 2.317628206212248 2.329749553260626 2.342114412291266 2.3362602307825 2.300212254376675 2.2940130318093 2.287387074320577 2.256654537242866 2.24772848970315 2.267722730779496 2.30474063953443 2.283017581226886 2.237351356314321 2.256686934502795 2.218607890587009 2.254775587003678 2.273312228709983 2.308693276921986 2.311808427290089 2.328916678416135 2.357258119940525 2.369143407751835 2.417129158020543 2.435856884556415 2.394713217836397 2.321250678069191 2.357460303988773 2.358182473788474 2.337609799398706 2.324084946667426 2.301982216038596 2.300655156715948 2.278680093746516 2.302557475115464 2.340654243897006 2.353752568484197 2.330255963879608 2.289735704765917 2.344957844208693 2.365514693705336 2.358822094833158 2.385539752271143 2.37426794554267 2.392028488469805 2.390277267217243 2.426364363600442 2.479537164720568 2.476662215449323 2.455737659041915 2.487953558098525 2.514183625617989 2.505701892328943 2.514238920779462 2.529547480171459 2.501203763502417 2.455915850816382 2.437468821108268 2.434527443001571 2.438585807811251 2.421442911887425 2.309915728383203 2.294882460893859 2.306114743860235 2.352811566415767 2.344147646159399 2.334358695945411 2.373267669208872 2.380856118237716 2.374917713539617 2.379914299348457 2.406028445751872 2.380988945847093 2.399543685787648 2.298405245797767 2.307851617062624 2.374010689354691 2.407963688714517 2.421626412127807 2.43832134603872 2.40902100189669 2.47303998096686 2.539212648056491 2.684984150691889 2.883595230552601 3.167567916349071 3.465992676654423 3.880691584548913 4.284550874566776 4.788571985031012 5.377770472516204 5.982193775399992 6.682268324126198 7.440235204558121 8.218578205427548 9.089472352447956 10.03977800792381 11.03827246212677 12.12313680284569 13.28980944227078 14.49364398352918 15.73536347763002 16.92918163425202 18.13556052480999 19.33150070894771 20.41368009734288 21.49117480752466 22.54098926870211 23.67567662991496 24.7946737633938 25.97534302223357 27.0359981394995 28.1383034303617 29.32436000253074 30.47287140767185 31.49647858142453 32.49288801067451 33.48643302170603 34.39535867288942 35.28515668941691 36.2312900425095 37.18273646780472 38.19594680090813 39.12874345861201 40.1279738940766 41.19311040942921 42.1656179372294 43.17058901862219 44.15250545456365 45.06745434902405 46.0286651362876 46.98981475198525 47.89121311950294 48.76046122594562 49.68921736240736 49.93666924659556 49.18513751377395 47.62492030199701 45.8089846744806 43.87326439928438 41.7698138770611 39.08555224843076 35.855094221748 32.40865300969836 29.43590124726688 26.71845834299165 24.28513373410169 22.10567062983318 20.11062959169067 18.34778930103494 16.76801471482031 15.31418159914028 14.01814731636841 12.86065521042474 11.81478245137259 10.89711094932136 10.08189536814098 9.209796316950815 8.52854274845231 7.895296081878769 7.306905287246991 6.785948382017523 6.361647007026477 5.923010113030614 5.482902025269141 5.147357374924468 4.827735007402225 4.555579860800208 4.364241745144682 