# Created by Octave 3.8.2, Wed Jul 05 12:22:55 2017 BST <co1ssj@node117>
# name: result
# type: scalar struct
# ndims: 2
 1 1
# length: 3
# name: params
# type: scalar struct
# ndims: 2
 1 1
# length: 18
# name: cleanup
# type: scalar
0


# name: num_runs
# type: scalar
6


# name: dopamine
# type: scalar
0.7


# name: targetCross
# type: scalar
1


# name: targetLuminance
# type: scalar
0.3


# name: targetWidthX
# type: scalar
6


# name: targetWidthY
# type: scalar
2


# name: fixCross
# type: scalar
1


# name: fixLuminance
# type: scalar
0.2


# name: fixWidthX
# type: scalar
6


# name: fixWidthY
# type: scalar
2


# name: fixOn
# type: scalar
0


# name: targetOff
# type: scalar
1


# name: targetOn
# type: scalar
0.2


# name: fixOff
# type: scalar
0.2


# name: targetThetaX
# type: scalar
0


# name: targetThetaY
# type: scalar
-9


# name: exptnum
# type: scalar
0




# name: r_0_m9_G0_L0p3_D0p7_scsum
# type: matrix
# rows: 6
# columns: 600
 2.320012734002376 5.486389835896262 5.266920147943893 5.101940575877961 4.88027654097823 4.803345282951341 4.734509241810883 4.775279314999352 4.882316202343645 5.21804891748252 5.693289958537207 6.419836811481218 7.266477892713738 8.169654273839114 9.032513681740966 10.01446135596052 10.96460241096429 12.09552263030309 13.19116686051711 14.3231290931235 15.46700278423668 16.5264651899015 17.45175104573536 18.35905492553866 19.12562764543691 19.69758465279483 20.10718119191733 20.2123658724995 20.1158087866188 19.80899812593634 19.16231544889524 18.17373045138811 16.8545453452025 15.31013402250937 13.91946595177433 12.72474970775511 11.63760657708917 10.62074079378363 9.711609609563311 8.891660283741658 8.239900359301828 7.616753462556517 7.071190031725564 6.597711410326156 6.096921342352289 5.66216515807173 5.237073566277104 4.910055517353612 4.645668816952821 4.344556687741715 4.081984384289171 3.940109669594676 3.711618775829265 3.620262830336287 3.486188198257878 3.319484196734265 3.238400291629659 3.12307551298727 3.066647114792431 2.92311450739362 2.861907609425543 2.839669242908712 2.803032846646602 2.708973151462487 2.633860343059496 2.626741687237882 2.550673884914431 2.597136791795492 2.629596832761308 2.575320837840991 2.516018028050894 2.509528986323858 2.524929640945629 2.543632099939714 2.555888188882818 2.527166470024895 2.523853983817389 2.488363852535258 2.429636383450998 2.435541053309862 2.434513362009966 2.387832802058256 2.350107103713526 2.396367793367972 2.365551066974149 2.398183791621705 2.41212714552239 2.420995271950233 2.399294412447489 2.387147368091973 2.292841170767133 2.322025963345368 2.294693090807414 2.344633362838067 2.35114904823422 2.320447796470035 2.369211539689786 2.38344208532726 2.234053708882129 2.265898324854788 2.286102038706304 2.28310226467147 2.27904027353361 2.254391222995764 2.339129752937879 2.331726910797443 2.377433162666421 2.349981941006263 2.306305266756681 2.313388817819941 2.337519735083333 2.346221131472703 2.316991748994042 2.326617086167971 2.377245211097033 2.325328559476475 2.304715413785743 2.315052719975938 2.336048162997031 2.361177834631235 2.37260894001156 2.371514352209488 2.375099175163996 2.352331688005506 2.351560782044544 2.342367280678445 2.330677645160904 2.325283187972673 2.328013818016188 2.346687324687082 2.30156098488078 2.255488519396749 2.28272954428212 2.309115009018569 2.329694880198076 2.35141086744261 2.332550345377967 2.385983076572302 2.381469671156083 2.425343441675068 2.385977499980072 2.371389636769891 2.311980508326087 2.31390770183134 2.367345128950546 2.382318399839278 2.409795066425431 2.363556305675957 2.333235774014611 2.389236686210097 2.362131284513453 2.324978915035899 2.306066360979457 2.239260988477326 2.28430882198154 2.290247651064419 2.315936917002546 2.336685749229218 2.323911609991228 2.264853960250548 2.238356885362009 2.251592827466084 2.262417870773788 2.195830883387316 2.180253508471651 2.208899132110673 2.245202264108229 2.272531949292897 2.256653689160885 2.266489291308972 2.250837223060444 2.251442976173166 2.222836686938535 2.238401368471386 2.263538296887418 2.248246030358132 2.331410806040367 2.312115448637996 2.319897619774565 2.300282239091757 2.282042358183389 2.316371132386848 2.30811043722133 2.269682992846356 2.230815125749359 2.272914788860362 2.367909026386769 2.331427701969005 2.37666843858824 2.364370812181733 2.350948192366559 2.338022766954964 2.326833043529405 2.348438426033681 2.327492637970863 2.281971794101992 2.323746052254137 2.272411386624299 2.254671431343013 2.252241783338832 2.24697445500351 2.23829869313704 2.287694736864978 2.32225448393001 2.33979419305615 2.28940125430745 2.276371380416094 2.25002044169014 2.292243074811267 2.328593589210868 2.332414196353056 2.328850391128071 2.356651480025903 2.31319028670805 2.283814934175098 2.245256652615353 2.284407335086144 2.301125655219948 2.289265990009881 2.287952508360831 2.31544157899225 2.337153289270645 2.345985593688965 2.337801648522145 2.314157290456933 2.255920727922785 2.248417582887214 2.202468492323533 2.204306477506179 2.278975412729778 2.30844845948377 2.319435089859326 2.350632194542413 2.380915614266996 2.375235606741626 2.335633232403779 2.367008498426003 2.371431099105394 2.381076301304347 2.424119615039672 2.507808344318619 2.437088329726976 2.427232626803743 2.354386584171152 2.376051097158779 2.377035045279627 2.395621247060262 2.413819610876999 2.400961946164898 2.362468342646025 2.364996199517918 2.358347661002199 2.327353831182336 2.364235609926254 2.349095550867787 2.383430552252321 2.443860696635966 2.460567427864589 2.422172378188407 2.426044060382992 2.410430502321105 2.407329183490219 2.415451369783113 2.414459308758524 2.419644440022239 2.400873364938889 2.366966788664286 2.314092659551534 2.376894788925711 2.391495418891282 2.290842302911187 2.322486403521907 2.282772141189525 2.307349523867742 2.268715010381129 2.281611964324838 2.281648496606067 2.300191602585983 2.280164990308549 2.309256027150695 2.237468080682447 2.22602606597502 2.236166467393559 2.261057741314289 2.228144354317919 2.250881189684151 2.206274705597025 2.219786024616042 2.193639662087662 2.165342699663597 2.15535920414186 2.160002281569177 2.163220410335271 2.179651616395859 2.203015745268203 2.209213375404943 2.223429942972871 2.20206933137888 2.250340627782862 2.238605658894812 2.23269582742796 2.278927338295034 2.36459923673101 2.440883732469956 2.598497137347294 2.797623936483433 3.003107528005785 3.318941722140153 3.718555065038345 4.162843386577151 4.677347397914218 5.333758489639877 5.960944622573152 6.779174013103329 7.607194300097035 8.481349107376445 9.459767094136623 10.47976459083293 11.66837024857159 12.87685255846009 14.13995932476246 15.40978117223676 16.70564071759873 17.98425434638557 19.22241282531832 20.44372481591199 21.68538296530369 22.93908621917944 24.20268978277818 25.4260295971817 26.63308337028866 27.77491817940609 28.83568979236952 29.98424110303131 31.17026005069783 32.28708098724746 33.3876851563964 34.53631323286027 35.62500265608105 36.751620209252 37.80721273989911 38.98693075446863 39.93851348685348 40.94259643647092 42.00850656362036 43.00190205308172 44.06437323823411 44.9944102906411 46.03733659713544 47.04359146665956 48.06105714084788 49.07770361597068 50.12746464385418 51.1325281155041 52.23303282316556 53.25119821817498 54.13925606151679 54.97627887532872 55.13321614571396 54.28898540356749 52.70584340704954 50.64797346943305 48.65544294542269 46.33263648057255 43.62971409478996 40.14730248879096 36.35218165656624 32.94899367755352 29.88285888393875 27.10986083910757 24.63077746001363 22.38282767670171 20.37633428873232 18.55985465686535 16.96476890821214 15.46483043482112 14.11477887760338 12.90651786172748 11.79473722627154 10.80568468368074 9.935202844593732 9.231346953853063 8.545531476273027 7.959540370524337 7.403564355985964 6.867149276462442 6.41049793145794 5.985330160568992 5.559035059589405 5.174006459023076 4.879123739185161 4.56233280851302 4.3305854350765 