# Created by Octave 3.8.2, Wed Jul 05 12:23:13 2017 BST <co1ssj@node117>
# name: result
# type: scalar struct
# ndims: 2
 1 1
# length: 3
# name: params
# type: scalar struct
# ndims: 2
 1 1
# length: 18
# name: cleanup
# type: scalar
0


# name: num_runs
# type: scalar
6


# name: dopamine
# type: scalar
0.7


# name: targetCross
# type: scalar
1


# name: targetLuminance
# type: scalar
0.3


# name: targetWidthX
# type: scalar
6


# name: targetWidthY
# type: scalar
2


# name: fixCross
# type: scalar
1


# name: fixLuminance
# type: scalar
0.2


# name: fixWidthX
# type: scalar
6


# name: fixWidthY
# type: scalar
2


# name: fixOn
# type: scalar
0


# name: targetOff
# type: scalar
1


# name: targetOn
# type: scalar
0.2


# name: fixOff
# type: scalar
0.2


# name: targetThetaX
# type: scalar
0


# name: targetThetaY
# type: scalar
-13


# name: exptnum
# type: scalar
0




# name: r_0_m13_G0_L0p3_D0p7_scsum
# type: matrix
# rows: 6
# columns: 600
 2.284951415634168 5.427957450883696 5.252506785142032 4.998908430929077 4.856128080777125 4.699780235911021 4.585537613398628 4.636395514356991 4.752156368253054 5.105800087294483 5.716782366660482 6.365967113648367 7.161383732523973 8.090418663476157 9.006857478481834 9.933306032409746 10.94997426012196 11.97720927670161 13.14226195193623 14.27625433303911 15.34698062440293 16.36082911637141 17.3442083146183 18.25061524183548 19.05278452237326 19.65867734781932 20.0260049614626 20.17710725013603 19.98782145165023 19.62311680434505 18.91197994274262 17.91965395560692 16.47457288271835 15.04302293197543 13.62379637247068 12.33334622980146 11.23893623668664 10.28333798245149 9.413314707406244 8.668803280990687 7.992330314853461 7.357746365574712 6.755849056677107 6.202227967209183 5.774667979509104 5.341404007669553 5.053218075583572 4.761432877989137 4.484243730883463 4.231365326264495 3.954001150264958 3.722409850190161 3.492091048588918 3.370068689722757 3.187736317362578 3.107547258518025 2.946765334512747 2.866055043192318 2.844716217759924 2.714227401858807 2.739779601084592 2.733844766051334 2.625987761715805 2.568223985683289 2.544650153497059 2.514848093320325 2.507606160212163 2.535949308945419 2.479635622728892 2.45111778529099 2.466795627409738 2.432792627449089 2.381164015911054 2.387322647984547 2.373456046407227 2.379046818478855 2.338932775441208 2.286486691278697 2.31159465080782 2.301278008148074 2.267952148811673 2.228760984238761 2.271441704877361 2.304635981439787 2.225727898646255 2.198989155916934 2.184369738746682 2.228177770961338 2.181666195614525 2.171326690786373 2.148302206840526 2.163970186484221 2.231724775649127 2.282188693039643 2.279525516316426 2.273751845947118 2.269015061576283 2.264687670467538 2.280209543769161 2.295901012825198 2.378167011309415 2.361702758465981 2.32897858762226 2.308113469509408 2.309531505219638 2.268992971363332 2.295481003686291 2.34743751033966 2.388753839404671 2.306250760830153 2.367664796438476 2.372782904807536 2.412227427990729 2.388596218836028 2.385628157058818 2.368938402803906 2.339844524802174 2.394151222797518 2.420895127441327 2.325079777932842 2.352695781795774 2.373747432908203 2.385042716592579 2.401826788780454 2.401166451323661 2.434515754928725 2.395225901309459 2.305697342402709 2.304972853311483 2.299540601154149 2.257264532003319 2.223097438225523 2.232534034723358 2.20303511664315 2.196339692953188 2.225298079956701 2.233075106021715 2.268644125077117 2.293114724670886 2.364104524116556 2.315814849484013 2.307737913186429 2.287139179767109 2.286965518396755 2.330476095054109 2.354616748692933 2.347199926516623 2.318105230064248 2.313949850255085 2.320925612511928 2.299475621206511 2.296136659711919 2.295165284063842 2.326477525901282 2.279802433396981 2.258775603608228 2.31581199490256 2.341733253357233 2.336821587181475 2.31069560659671 2.29583083630132 2.229744922336977 2.271028187627962 2.238897665527475 2.252145055143046 2.216465047476959 2.24529325934418 2.268775305634335 2.264733071679075 2.301688349114556 2.275399643614946 2.239231333012867 2.235356869183761 2.249064484312839 2.269181243751518 2.265491594677769 2.268519950906921 2.275008063537825 2.248754656011442 2.308434448135813 2.271501546183572 2.237422106692975 2.198845331342454 2.188528605052852 2.228226074526901 2.253530926691383 2.306041390060273 2.352405481658934 2.398606688802829 2.436567363358336 2.349607487303729 2.330367178139568 2.311150591651312 2.236325635069079 2.290467744551734 2.277890581019165 2.259336265702586 2.203947742678793 2.255618168230285 2.223764695350837 2.234767012523662 2.277618696132777 2.239957685720583 2.25283263172787 2.243356817823951 2.188363846882567 2.151019073329735 2.181336579815252 2.165375690206474 2.226032958715223 2.251986630755709 2.22187446488897 2.248110199809162 2.293935983761912 2.25018158747298 2.296038556160056 2.280048342727241 2.325858206299017 2.286386270653566 2.325447182298376 2.346033406389324 2.30841145341401 2.380554048995691 2.36111933234497 2.303197095192445 2.280789890173764 2.25563659479667 2.261014446106856 2.278484014527749 2.286144095372947 2.298198144570051 2.309415134401206 2.280544374014426 2.305773040323402 2.310995300023933 2.311900970627903 2.323426376846328 2.318443606098299 2.363439190907229 2.312383696989855 2.251460355764721 2.251759902518188 2.261085884885688 2.280598283181462 2.32419467228101 2.307346205921931 2.253783092462982 2.287925367847492 2.243108339796891 2.178127601295273 2.209628668253572 2.214379965051194 2.185036197251975 2.22274997196655 2.248971590212022 2.246108886180082 2.23523168903921 2.166269237653978 2.188717723671289 2.215279520671174 2.240296332423895 2.209455966672977 2.153785103393602 2.192235803689982 2.180964649725865 2.154450246758643 2.170460997513146 2.21738666688907 2.243839604780078 2.3087149098792 2.259862660124782 2.274998072440212 2.285788402055914 2.227236824828651 2.249268491290422 2.264221805049601 2.286638337143813 2.234537027194165 2.228254009853117 2.23071834872826 2.289575718867127 2.322796103653673 2.372767583539826 2.313031106226845 2.27615760063054 2.268240578476252 2.264101900804235 2.28957155829994 2.292121481586946 2.269435172811427 2.234102404325313 2.27277953844532 2.267989613583268 2.335426209931029 2.286380613353685 2.278342349261948 2.318922784652386 2.302877283305861 2.39017674369461 2.340559550990292 2.418872420726984 2.40685128446421 2.450372136357146 2.445109890626554 2.387155439384514 2.454321047414851 2.411632554705648 2.418240177526968 2.391403765876021 2.40374389486351 2.363498870046897 2.318390614072996 2.310666891909932 2.291931171959732 2.334698944898264 2.397218663918466 2.448991454843053 2.631556274596733 2.775672141502582 2.941391887085047 3.237781717252801 3.535686243692908 3.850701462964935 4.25501456677739 4.711894014066729 5.185895468592207 5.717385350064433 6.308406059739355 6.995717035933922 7.688058624400583 8.429035363886214 9.164227337110788 9.971718659089674 10.82775943258639 11.71383705225162 12.67085837028935 13.64960341819096 14.60894688677126 15.53983378130215 16.4599605674739 17.42100760054018 18.3194606670877 19.21727795336847 20.054434716174 20.98137726528512 21.89988625729529 22.80510257905371 23.69594812626019 24.49857030039857 25.39734501689964 26.28323664553682 27.15661091678339 28.03604978740623 28.91426365009829 29.80069478419318 30.62367474507482 31.46842673600986 32.28070128681065 33.12519463765784 33.90495862345415 34.74448147552903 35.49729135334201 36.23340000134704 37.10797955404632 37.92684633960744 38.53090420982699 38.18269756214158 36.8648702514547 35.44047453095482 33.63253457126484 31.64433816826568 29.18140443478114 26.50043670758896 24.082393389348 21.8817828811807 19.94118388994684 18.1989216840193 16.5526345185317 15.0885887659424 13.83671822661563 12.72106799475659 11.64492103169687 10.69194091547615 9.820123185728335 9.057995571198262 8.395999932428822 7.770588769773894 7.236535875494155 6.762498698852141 6.299190174358955 5.901823791933566 5.557115778588923 5.264344376129884 