# Created by Octave 3.8.2, Wed Jul 05 12:23:03 2017 BST <co1ssj@node117>
# name: result
# type: scalar struct
# ndims: 2
 1 1
# length: 3
# name: params
# type: scalar struct
# ndims: 2
 1 1
# length: 18
# name: cleanup
# type: scalar
0


# name: num_runs
# type: scalar
6


# name: dopamine
# type: scalar
0.7


# name: targetCross
# type: scalar
1


# name: targetLuminance
# type: scalar
0.3


# name: targetWidthX
# type: scalar
6


# name: targetWidthY
# type: scalar
2


# name: fixCross
# type: scalar
1


# name: fixLuminance
# type: scalar
0.2


# name: fixWidthX
# type: scalar
6


# name: fixWidthY
# type: scalar
2


# name: fixOn
# type: scalar
0


# name: targetOff
# type: scalar
1


# name: targetOn
# type: scalar
0.2


# name: fixOff
# type: scalar
0.2


# name: targetThetaX
# type: scalar
0


# name: targetThetaY
# type: scalar
-14


# name: exptnum
# type: scalar
0




# name: r_0_m14_G0_L0p3_D0p7_scsum
# type: matrix
# rows: 6
# columns: 600
 2.265357288444648 5.270627001318644 5.125320490078593 4.863639409306415 4.717067242127087 4.612794130691327 4.569825948412472 4.651296253439796 4.815040038934967 5.134003295068396 5.736663666786626 6.433589951902832 7.178510344208917 8.053681958670495 8.950135018047149 9.935967847311986 10.93894123953214 12.00340676307678 13.0751974099876 14.23323571688888 15.3562470868128 16.39861255091819 17.41824611778429 18.24452081451818 18.99103702321736 19.59759260475403 19.96759230763928 20.13315692594551 19.97448617051123 19.62054239913414 18.99581106238838 17.95355294834735 16.53056748755625 14.96552081560367 13.53709293586871 12.34052766994137 11.21661446979851 10.21536436043971 9.305413643884094 8.564085308513313 7.915225731827377 7.277952001481026 6.658716699512297 6.209443086238025 5.721045603648236 5.300885756823845 4.956107534111652 4.629218870748446 4.277996943113976 4.070698584415368 3.883301533125632 3.619103966062539 3.480613710333273 3.3373807352109 3.203430297704472 3.049151158520544 2.961762715269288 2.853692874738044 2.757603149642819 2.714033080534136 2.70972023415743 2.687468214833643 2.654344052727538 2.559337617916754 2.517601730483875 2.457177013697219 2.485673557392147 2.440209191820031 2.413092347384008 2.392386662040735 2.383830558459522 2.384095980803977 2.36557799725415 2.320234762344626 2.283205038729648 2.321838471263618 2.385601661268083 2.343753075132554 2.36629540456488 2.373905336455209 2.321966917173995 2.354296179712037 2.330252028903487 2.302111259647063 2.314283274146874 2.361239498437499 2.39275607827949 2.375229564284382 2.335007842848427 2.382074619512423 2.409499614994274 2.388084929836623 2.365746655361363 2.362094083189731 2.372472973620461 2.350520612681976 2.303445053044015 2.314597739698002 2.333261996878718 2.311385426008201 2.321656868549326 2.333531404183304 2.296745879568334 2.298802670322402 2.328066457514069 2.29803448360326 2.25547681430362 2.269926866836613 2.292013375978058 2.301702424527321 2.294608233132749 2.318461633280094 2.330787221962964 2.312894871600292 2.33715377779663 2.270833976712311 2.237447200248425 2.256980520400248 2.236339970153495 2.257844052168366 2.282800610286358 2.299189807479706 2.272460872212832 2.230220310557343 2.204883535920089 2.203043654451903 2.229808578893426 2.232300474771364 2.238448400357811 2.237530110855005 2.289647241992498 2.312699791600608 2.329699366884597 2.276846303859202 2.321140310095871 2.30578562055598 2.277691960578522 2.32435279978381 2.297458777703469 2.333931113284052 2.324729965141159 2.350834890627084 2.389696421290864 2.40929234297073 2.365353763107123 2.343930916744284 2.335897553872201 2.323700686527445 2.306236672175146 2.324108395925577 2.266014465472836 2.34195391594767 2.333291192131583 2.295876887399572 2.347471484987182 2.312723362834731 2.289449991832953 2.199065682420041 2.258554962756534 2.287501271592191 2.26200810145383 2.248471084532866 2.284435611050867 2.268795136420522 2.203716520634771 2.212665991268295 2.193041633378016 2.206796843231132 2.278462793627114 2.303393282731122 2.256049496233572 2.247830749525747 2.20232649549871 2.188115255565208 2.286298856830399 2.266207423870583 2.278341539516987 2.300658261454373 2.327517028075818 2.273677572338784 2.22119426647987 2.245598977471673 2.269319083514347 2.266602212836005 2.208842231615563 2.242422951640037 2.267258895255509 2.295579039240693 2.301474497848176 2.292813213018235 2.330417666627909 2.259115635658418 2.225696490027985 2.228404668792791 2.283715590543579 2.29523596978288 2.228213163318287 2.207860573289508 2.224786900635081 2.21143940257025 2.216426337436133 2.23738039372256 2.235634609096451 2.317618819703057 2.350603108767245 2.376930071222887 2.316392446324244 2.347957543028315 2.30241233182096 2.258196625385608 2.23659893619697 2.287910837083473 2.280781064078838 2.258625284775917 2.223571354035812 2.2698870953609 2.274710976180359 2.306458079496224 2.221980229065593 2.249120244335245 2.251673497099546 2.24540870650344 2.270222557270245 2.201639227005217 2.237769483813281 2.197281176569959 2.219474686411559 2.176860370898794 2.162372992657765 2.155655821396067 2.237487654296274 2.26177322914009 2.225128185065842 2.245454648793384 2.311508555934779 2.296166982290742 2.342707135876481 2.351441476443142 2.349164640065283 2.324780416289286 2.315583384937781 2.351156253240333 2.352573795218632 2.339920758568041 2.322435791851603 2.332284850926953 2.306655895012227 2.303115546990739 2.283897101773618 2.238012257723312 2.288321367937897 2.331346972126994 2.258242523188528 2.247116312604703 2.256577543463209 2.26328013366583 2.251599685780093 2.261182303829628 2.322638709556486 2.269670530678923 2.265191462787698 2.305147341692646 2.330355226495158 2.389647340536612 2.352588298479532 2.297319551049441 2.278254704353458 2.307366709041162 2.260011015227064 2.226713399984874 2.201897761671717 2.27022443309761 2.234840074532258 2.195427714605103 2.168012187436034 2.187120048885845 2.251954285038664 2.250791229798779 2.207546850549988 2.227721399834991 2.257756858227367 2.200548372340563 2.182158377516316 2.159655519502849 2.167405711391439 2.226226392638637 2.275738492233359 2.263165673286494 2.181688599571316 2.205574921725201 2.191209972890647 2.170006837033725 2.178213766670524 2.196042997427867 2.18850632738031 2.158297391026281 2.115319820277364 2.140867970514591 2.184484562167199 2.223633891731879 2.231038925085159 2.296207088078518 2.314969043658493 2.295919243253593 2.27483725017737 2.299090320459072 2.36916338892479 2.391722956926969 2.316973973422137 2.318463645719021 2.358669773177098 2.350063169811619 2.332041128440324 2.342684928575181 2.379575980532536 2.374799098193762 2.363022510136943 2.398654544216697 2.467022010867367 2.587279491523077 2.714794714229356 2.845133017559419 3.064817526737897 3.31975395716654 3.648355297855232 3.977706742378359 4.353651130397338 4.812767594048637 5.327144338127255 5.837231189292652 6.396792165462102 7.034895320888609 7.621760029134748 8.307762883143369 9.047564544052875 9.827129843019065 10.62392448361061 11.47898803548378 12.45618720140919 13.38581372400222 14.33630781230931 15.31206779559579 16.30336940732377 17.18016866513062 18.09644347826179 18.97012222563353 19.81560032359994 20.67744534018857 21.508994379863 22.29802091269448 23.10225099185482 23.86668538971571 24.70576890938537 25.56501678307177 26.39855407940195 27.24455802125158 28.06282376502168 28.96492311151997 29.76524575511939 30.51446750653849 31.26217250425179 31.98968467703526 32.72982215016964 33.44564103822631 34.15302596266702 34.90729551053391 35.69483517376102 35.70508829026585 34.68185816656842 33.38908400923538 31.73664126757285 29.76359429622607 27.50550989816111 24.97099776980758 22.70642743510689 20.65201227060243 18.81587055400814 17.18972206857143 15.6889522409474 14.36393074936495 13.16392213830295 12.13603561431228 11.12186381687206 10.23532753207837 9.414228801240824 8.720271870548459 8.116195758846516 7.513985779823997 6.981982280107331 6.463190095545542 6.072711073433311 5.677551620225131 