# Created by Octave 3.8.2, Wed Jul 05 12:22:47 2017 BST <co1ssj@node117>
# name: result
# type: scalar struct
# ndims: 2
 1 1
# length: 3
# name: params
# type: scalar struct
# ndims: 2
 1 1
# length: 18
# name: cleanup
# type: scalar
0


# name: num_runs
# type: scalar
6


# name: dopamine
# type: scalar
0.7


# name: targetCross
# type: scalar
1


# name: targetLuminance
# type: scalar
0.3


# name: targetWidthX
# type: scalar
6


# name: targetWidthY
# type: scalar
2


# name: fixCross
# type: scalar
1


# name: fixLuminance
# type: scalar
0.2


# name: fixWidthX
# type: scalar
6


# name: fixWidthY
# type: scalar
2


# name: fixOn
# type: scalar
0


# name: targetOff
# type: scalar
1


# name: targetOn
# type: scalar
0.2


# name: fixOff
# type: scalar
0.2


# name: targetThetaX
# type: scalar
0


# name: targetThetaY
# type: scalar
-16


# name: exptnum
# type: scalar
0




# name: r_0_m16_G0_L0p3_D0p7_scsum
# type: matrix
# rows: 6
# columns: 600
 2.27740543361142 5.370286303161265 5.206306195497746 4.987146504608972 4.75731851517412 4.646317681119399 4.540119716151821 4.53235787776066 4.845011563571461 5.158056964151911 5.696641660761088 6.432982942846138 7.173042108639493 8.071850835887744 8.999024928110885 10.01379291834019 11.00379513726148 12.013212473772 13.16758004848089 14.30332685020403 15.43019283918693 16.57542782810197 17.59268227373832 18.4160723767709 19.15911388352833 19.68590912429863 20.0889437613514 20.20385666301081 20.10048021137482 19.72202233551798 19.02667006391857 18.00286417979078 16.63514390843375 15.13204964248871 13.80551556722639 12.61113307313644 11.48668067215931 10.50556487971517 9.589903008811234 8.875977805517323 8.114436549847596 7.388828840685164 6.835569650429534 6.331055322414613 5.897798026602686 5.447859609732404 5.073776179029664 4.741181780897023 4.509078211929591 4.23110998386619 4.010759537559352 3.803812406178622 3.695156608075195 3.524338275821719 3.311623479792615 3.217910377197768 3.115070813328202 3.050779572411557 2.96217351582527 2.842733881179356 2.762149982772826 2.748209262965247 2.741148330002034 2.720177933684681 2.697862948807597 2.62832932344827 2.576610849312601 2.533108941312094 2.522516959281347 2.47616251945874 2.403857274932307 2.363108151483175 2.358393728301053 2.36102320325881 2.424674573681841 2.369776683102828 2.322324982676946 2.327321745200607 2.286386588406458 2.277225522273511 2.280823776352918 2.263805259317451 2.223303877903163 2.219190398507635 2.232511685698228 2.275459052718361 2.273772427128279 2.263014821008255 2.197535529856395 2.24654894642299 2.236660788039444 2.273934853088576 2.241412564730126 2.20468022361456 2.247042758135649 2.239255754466285 2.270813877859837 2.280214083728424 2.202640875872021 2.223531100989931 2.237085431683226 2.289274251794268 2.290368506379309 2.250291382279102 2.293636822720146 2.285227555326856 2.261143273361085 2.288006985429092 2.283560239469807 2.311265473330423 2.318348820263054 2.313292600985733 2.308315542060882 2.298568499663816 2.322112193058274 2.257606039944221 2.260303894414392 2.252670724523341 2.296354622736544 2.287379737281299 2.270473033884628 2.192544146273576 2.235880429076133 2.224564990719045 2.255814197826112 2.248607239958801 2.238288331565855 2.250040047289076 2.247959059057393 2.249015840912762 2.26736320501368 2.300592556144693 2.352681139992455 2.278612730224268 2.260182045341935 2.300201644375193 2.2853375065406 2.299519041964231 2.334435517558632 2.355771018032101 2.388490661727701 2.411956175514206 2.411246159019356 2.403715587201987 2.396947352593997 2.411870332834951 2.42731338935846 2.467785388211269 2.456031645393523 2.434159275253478 2.429788968162029 2.42309570832731 2.431161869048083 2.358167965416214 2.345362675165234 2.326694464049069 2.387612025559065 2.426502910726413 2.372099679625535 2.411348439723952 2.41841398611723 2.364873001030901 2.341587587496178 2.39685803194152 2.38967426628551 2.333988801141459 2.329438049221608 2.385080807158374 2.364759718386267 2.377176045407396 2.332533126715134 2.383168734369974 2.376305577952735 2.372105897695292 2.348787052012995 2.330536529101664 2.322652005866985 2.347127271154022 2.333536466536316 2.328097868103214 2.309496565121663 2.317749476042081 2.403943217028427 2.410100327040709 2.321833445297671 2.373608848949516 2.371578414000396 2.390366257455753 2.35304240588448 2.384256548775738 2.363208779101114 2.367376656162378 2.388053114969807 2.344508029886128 2.344912968135759 2.382135326457501 2.398659573023906 2.380548691677177 2.374028914222436 2.390191638914985 2.432542990425645 2.378567585819837 2.306711037745117 2.320666221196007 2.339525729064917 2.308196913145366 2.323877289123629 2.345862582343216 2.325089195714099 2.344059716411721 2.319651810321375 2.28041846258202 2.241160613248212 2.187864656320016 2.132743647231109 2.137397655165842 2.109287932711595 2.110297863513551 2.149492809017829 2.175696095437161 2.18662782984029 2.189811612720405 2.237209095968865 2.211768574510643 2.252136918351425 2.23475562098065 2.272159505999298 2.238994773593731 2.253575054583052 2.265156217916228 2.231695575086633 2.209010118742299 2.243066534636455 2.183778276737939 2.218137940762972 2.206938337723841 2.189662064525692 2.211467368219019 2.214848493335012 2.288544223374629 2.328400363603578 2.306457355920429 2.342217012708716 2.352235626251058 2.340526909050823 2.267540118176839 2.245460268281022 2.250047566660214 2.303503185226873 2.275853906212433 2.208559217848233 2.265215249630273 2.305527953489218 2.331358193139749 2.296574589527154 2.307072709270869 2.217760895387983 2.211649838292942 2.23722187792373 2.232549200347421 2.172911917372403 2.225423762312857 2.240681998911896 2.228823073295644 2.25526700897899 2.212514531493071 2.284582449505251 2.327075833474737 2.313661399079137 2.371814745707525 2.42041656332367 2.364091149742308 2.336661412569811 2.356974125068518 2.328138696029782 2.303619415972207 2.321542277502886 2.31661397318021 2.342213532298047 2.284845221674914 2.330910835651594 2.318115407133519 2.338110039544517 2.365898211441163 2.369816225655086 2.389388504554518 2.389974996131059 2.351006417497047 2.278690398085018 2.256010088756739 2.283572129359527 2.292625037829566 2.27515829801996 2.252451295146784 2.31561180321296 2.370187280714163 2.392653310514106 2.394570703134377 2.385596182848531 2.323139508596796 2.379355537879746 2.396481856263563 2.397738657222362 2.357842327241087 2.361788840447844 2.410620872495201 2.447424748570484 2.407256701902952 2.360465033896617 2.324388383349287 2.286953045266273 2.320754382766609 2.284838510582631 2.286016775245116 2.301946010447864 2.255364321667003 2.286323640975752 2.261804848676547 2.255206346846535 2.300059230859006 2.372560830480325 2.482560328317049 2.529035791878414 2.679365865100408 2.80287258656972 2.942750138117844 3.198871300144674 3.469448743075191 3.789654104446527 4.113689061119658 4.435723699396476 4.806764194261632 5.155544735047442 5.602178875815298 6.103601089926087 6.619465710209624 7.137330378118349 7.756865767472846 8.322418492960423 8.936694002513832 9.629093963958439 10.34272610642438 11.12735500873896 11.93446407528245 12.738534903041 13.52333714334236 14.29739391067051 15.05422669597647 15.80294555692308 16.53906318091322 17.36641345968746 18.14400313261285 18.91118865057069 19.62879303760565 20.36905589477101 21.07244654500391 21.73383000222566 22.42658787182154 23.16144399992481 23.87243388348725 24.55244371243316 25.23343852106154 25.83607801700418 26.48938932255624 27.06411102557104 27.70416384203236 28.39503140293527 29.08579687507063 29.76431614387548 29.90899626950704 28.93463284775316 27.70056944514363 26.27800554345595 24.64173901927643 22.61719080441799 20.54491834379951 18.71568779475638 17.03950061319483 15.56373647182772 14.18130877998192 13.01537941662173 11.93124013778652 11.01845291051359 10.14344001820427 9.281768385277246 8.541822375793345 7.962800976296421 7.399620162441352 6.874762744060718 6.419946033020096 5.978986495478239 5.55193622789011 