# Created by Octave 3.8.2, Thu Jul 06 15:35:00 2017 BST <co1ssj@node117>
# name: result
# type: scalar struct
# ndims: 2
 1 1
# length: 3
# name: params
# type: scalar struct
# ndims: 2
 1 1
# length: 18
# name: cleanup
# type: scalar
0


# name: num_runs
# type: scalar
6


# name: dopamine
# type: scalar
0.7


# name: targetCross
# type: scalar
1


# name: targetLuminance
# type: scalar
0.3


# name: targetWidthX
# type: scalar
6


# name: targetWidthY
# type: scalar
2


# name: fixCross
# type: scalar
1


# name: fixLuminance
# type: scalar
0.2


# name: fixWidthX
# type: scalar
6


# name: fixWidthY
# type: scalar
2


# name: fixOn
# type: scalar
0


# name: targetOff
# type: scalar
1


# name: targetOn
# type: scalar
0.2


# name: fixOff
# type: scalar
0.2


# name: targetThetaX
# type: scalar
0


# name: targetThetaY
# type: scalar
-8


# name: exptnum
# type: scalar
0




# name: r_0_m8_G0_L0p3_D0p7_scsum
# type: matrix
# rows: 6
# columns: 600
 2.316641830650042 6.914719909211271 6.584118149447022 6.266243869766186 5.907674900598067 5.666420180639761 5.476467440503257 5.511140624381369 5.55173557701346 5.683811492031964 5.838100247914554 6.209779648292169 6.727261826043105 7.337713299264578 7.939315753770643 8.608118048556207 9.253468153619906 10.01380328596133 10.80267211247701 11.77514290778345 12.61900580540896 13.44533728869283 14.3000929381451 15.05503993950697 15.63273041353386 16.01330985777167 16.22880178509149 16.10129537295143 15.69108000691995 14.68435918742762 13.34588074917701 12.13629798918919 11.0001450763084 10.13484010120374 9.255672865270753 8.478653484395181 7.767330327835225 7.155625350599621 6.586140858860745 6.027955129862676 5.609058374619053 5.216367917768366 4.834714845259441 4.582688848080579 4.263565569337516 4.042606515577063 3.789625636563869 3.675912160462758 3.574992550287789 3.392754641416104 3.252675094212464 3.136557934183656 2.972884059256103 2.916355896792084 2.878883429671987 2.837732917505491 2.779177592634369 2.769884580633516 2.719607795061165 2.669193210156664 2.615833472915256 2.609266721037784 2.586186540029303 2.541700707919517 2.527035988428906 2.515151004659856 2.45796461221471 2.420504064787565 2.435431787835114 2.401532405659964 2.407305350654497 2.389070439679926 2.388794754973787 2.35762521448487 2.335507482959656 2.329066245496506 2.350949660221886 2.30453167608357 2.293456916646392 2.262616956497368 2.201014371134079 2.276738193475467 2.247704500969121 2.244724546966609 2.32634704249358 2.401083485028721 2.358496689794265 2.318408902399824 2.369601254969893 2.32425972600322 2.235199134192953 2.288116478724987 2.287381429305242 2.305740066949511 2.3075304217964 2.342833476417582 2.291989127508714 2.327167233719592 2.319403534082085 2.302750125421881 2.40923646309966 2.409731308471237 2.421935241902247 2.395873569599644 2.40981868779636 2.342246678497759 2.401307102816645 2.353290618091705 2.34077896906274 2.318389087457035 2.305589834155398 2.306886525540904 2.294355501831888 2.249957983054628 2.289337755828456 2.282974378328618 2.282943152727967 2.27019606041722 2.295275230411789 2.30017375486932 2.308767740571056 2.28447418869473 2.271938331105048 2.220314640922879 2.261869859019498 2.184138122640434 2.180062364173864 2.207582844654098 2.187117173622028 2.174025210595573 2.180844863411039 2.220481259790176 2.227915001596557 2.211289823819243 2.240081241681764 2.254173887944489 2.25967154250975 2.265735404778752 2.279285077886016 2.231730801060621 2.231263899389887 2.232216823802446 2.2190232603607 2.20839108677319 2.205934647521644 2.19748612222611 2.263147086043318 2.273090533060895 2.299023367166228 2.246471498263418 2.248830599477515 2.281710651026515 2.296030203484406 2.280619138680777 2.23339327161375 2.21787444916481 2.211109701631358 2.224220265063195 2.24729102729907 2.303468261245143 2.348593943541346 2.320905493082137 2.284841409757064 2.259349482228572 2.309302776731784 2.250440668678493 2.293201438013057 2.317201763671619 2.329606149905885 2.335451513605221 2.299116190260975 2.306307285707589 2.277887803185877 2.377889693434099 2.342671203692589 2.365317423807937 2.279855162385502 2.317507030831621 2.329214366771339 2.290930142175057 2.283736504658009 2.284337316334131 2.27444537750489 2.267276032325753 2.256975391581364 2.273742628673062 2.224694500808255 2.229050609268597 2.211429654118547 2.191537449027237 2.190699670209142 2.249785825402796 2.22493249343097 2.149092606566228 2.194441463725525 2.184793076645292 2.214559274558269 2.162295664653357 2.149531327999284 2.187248021531559 2.235472476790164 2.253214778262191 2.247756952790951 2.251234256269527 2.221474091013079 2.192104793641192 2.221203980745486 2.24723789019481 2.234376316087946 2.236691850350326 2.252941683605059 2.231839360374579 2.266240559205471 2.282314938827767 2.251865703467047 2.274672523490153 2.234004826202181 2.263985939149279 2.296780617925833 2.277707312307029 2.295098293445335 2.267847485411039 2.256493713292002 2.268232049420476 2.302855376641674 2.216316871032177 2.222746046076281 2.282823929941515 2.236873359564925 2.224998363459235 2.216970247625795 2.24291938442002 2.22096395069093 2.222863293638511 2.225298460725753 2.253997870699095 2.232549228722746 2.2967924974364 2.269217153898353 2.29985887906696 2.267593602940906 2.257806402645656 2.263821534945237 2.260311373247532 2.311877696352894 2.37745614369851 2.437829510796291 2.423264490684232 2.411105635375861 2.457547933347087 2.422755218824022 2.402558782062442 2.36488944102166 2.344755075057037 2.373776171349164 2.304945345193119 2.318154689706716 2.261680347975926 2.233036650228314 2.201834325307573 2.224077263788786 2.243417591524121 2.257311880661291 2.289873570574855 2.319544856597986 2.264104292495176 2.194134933477471 2.229822604615038 2.286577911578206 2.28277106312089 2.316577687282916 2.307747545848542 2.362145111193968 2.467385248746723 2.563526894118695 2.718259936496906 2.899148225602403 3.189144342388317 3.516511711561179 3.917680513302912 4.406877341294603 4.991952128286357 5.59146877542662 6.353981341151666 7.213568494531501 8.083118832611945 9.113326951384806 10.18897456722334 11.34834422506174 12.5916305725259 13.85574174077556 15.21504498311333 16.57577403205323 17.84406467523513 19.15180926163157 20.42921473739261 21.63787261702964 22.92900798706978 24.37643570119326 25.71114304131697 27.05512845375779 28.41532830782307 29.60519722739627 30.81419640837703 31.8003203066728 32.7647333709283 33.80249401439869 34.92670300454483 36.02234917185342 37.21573281666133 38.33462628173402 39.49403321249838 40.7545901007361 41.96049272797063 43.14071423219866 44.32743031898599 45.51706431865387 46.68486497330741 47.79829393476393 48.8898897607105 49.75408048271129 50.72944162981912 51.63883725374762 52.5775750368266 53.56235334301346 54.48019259696957 55.41773274761363 56.3484459942847 57.17822511596023 58.02144637499987 58.32866179572011 57.65879259755457 56.32380246962202 54.72833560358413 53.17472621932211 51.50401938219875 49.52620105345159 47.30689908254317 45.05368345493525 42.88262924124501 40.26400969399583 37.05362617269566 33.55990210624077 30.41580978432103 27.60980530281086 25.11478689239448 22.85363951438922 20.77921073874313 18.87771820607668 17.19564207131043 15.69156423124514 14.38799294351702 13.18599512623405 12.04662703247232 11.02640985547259 10.17508340608038 9.358762056963315 8.623597810183128 8.000497533983435 7.383937594084273 6.883511759855537 6.366632217817823 5.954542792940629 5.575604028079397 5.19798023570911 4.858104510378325 4.633291747368276 4.406673178995334 4.246623874605575 4.053928783767333 3.835606136477509 3.67850324243409 3.547785368327823 3.42190247385588 3.342097168715554 3.255257065161459 3.127433004363866 3.041620573762884 2.979813311616454 2.894344181775523 2.813086861082411 2.711871113730012 2.689685386110796 2.643286839267603 2.635115998586116 2.608213665364019 2.536057164947124 2.529312641872821 2.431049068771244 2.391418339022493 2.32681298915486 2.30320991120243 2.297994401353208 