# Created by Octave 3.8.2, Thu Jul 06 15:34:57 2017 BST <co1ssj@node117>
# name: result
# type: scalar struct
# ndims: 2
 1 1
# length: 3
# name: params
# type: scalar struct
# ndims: 2
 1 1
# length: 18
# name: cleanup
# type: scalar
0


# name: num_runs
# type: scalar
6


# name: dopamine
# type: scalar
0.7


# name: targetCross
# type: scalar
1


# name: targetLuminance
# type: scalar
0.3


# name: targetWidthX
# type: scalar
6


# name: targetWidthY
# type: scalar
2


# name: fixCross
# type: scalar
1


# name: fixLuminance
# type: scalar
0.2


# name: fixWidthX
# type: scalar
6


# name: fixWidthY
# type: scalar
2


# name: fixOn
# type: scalar
0


# name: targetOff
# type: scalar
1


# name: targetOn
# type: scalar
0.2


# name: fixOff
# type: scalar
0.2


# name: targetThetaX
# type: scalar
0


# name: targetThetaY
# type: scalar
-14


# name: exptnum
# type: scalar
0




# name: r_0_m14_G0_L0p3_D0p7_scsum
# type: matrix
# rows: 6
# columns: 600
 2.260811066480528 6.944158505357336 6.581172068632441 6.271496742301679 5.940020734647987 5.702822643794207 5.548135571480088 5.504740875330754 5.567849161641789 5.751123645633925 6.011464534421975 6.342457402941363 6.788483599342726 7.345977086526545 7.966381319754873 8.631677372664853 9.307302991946926 10.07741388754221 10.87853778754652 11.64550292368222 12.53006729092886 13.3407895202181 14.19505234710232 14.95818003838212 15.57113594710245 16.00123164137767 16.20048718116595 16.08268759882048 15.61342759702165 14.70679656397988 13.42668808438975 12.16043484756301 11.13947865398586 10.17416004446204 9.348689611993905 8.579571526955988 7.858846480350621 7.247574186694692 6.668657400605298 6.159196432641693 5.738547426524747 5.32434113033014 4.968051384876162 4.627612845146359 4.394270297365438 4.129417501222633 3.938206269369402 3.720952279771154 3.590145710075376 3.380519148908206 3.178262933572114 3.060225016193726 2.916386196215171 2.834828641331114 2.792618504507118 2.751029249956446 2.687955473469628 2.66313900249952 2.664045236160746 2.663112525478937 2.581676608780981 2.621497139920393 2.618066115370311 2.549403043063649 2.533471276416094 2.467179295170354 2.463748324305925 2.498149194005236 2.45622162712607 2.382300998579012 2.433193043478241 2.433865279390375 2.422073480902327 2.413379643458939 2.38262058078908 2.424681108554068 2.425342132075457 2.4074710371533 2.355381117609795 2.446892378015036 2.38456267186848 2.377420494893158 2.419650707364781 2.340408484444197 2.387727901252219 2.349210230302106 2.361580197644798 2.353362723384635 2.343319826835796 2.360505831460159 2.398015451995889 2.340416006674786 2.377925211079855 2.369479204953677 2.292348445961579 2.326633454399143 2.301734344460783 2.252617714024382 2.237020111311722 2.178237464664562 2.193009065076694 2.218127822827228 2.19682139409997 2.250126923670905 2.25999858569412 2.27308006540261 2.271637200134137 2.261308643441225 2.301160349739803 2.21759618359647 2.167310731998441 2.210822765990088 2.239326981045451 2.202627690392546 2.195474281295901 2.202413215356501 2.209034514460654 2.169779625670344 2.217395954648964 2.246273459175427 2.223555263739399 2.267760429531336 2.267606627225177 2.273902048691525 2.280951091874158 2.29720436745265 2.235782573923643 2.288228213221373 2.249225170986392 2.337091927020083 2.338047078992531 2.300696157217317 2.353610095484328 2.324955872763894 2.312440668327326 2.317581516523205 2.310628389503108 2.248548906696669 2.323653300081787 2.306806740292814 2.235571384167997 2.255235144413746 2.210155745786324 2.21376126249379 2.234426720542615 2.270709536191134 2.247076115199889 2.28004318431158 2.220603141151514 2.209162353594365 2.196303539469227 2.235469009927328 2.26289135593106 2.200504162967263 2.241694505621126 2.258152474936651 2.255916375557717 2.240518868660729 2.273695359539488 2.356626696724561 2.351953468094507 2.349815244078854 2.377231266687886 2.307604132049164 2.301903642633988 2.307912831493013 2.257934618197396 2.279617318211422 2.28634122958465 2.270925587818056 2.264610714781156 2.291243138806749 2.318251696062362 2.287474954297068 2.285445299854473 2.327879099389975 2.359183402782946 2.292652309883124 2.31943884294742 2.260642085722793 2.244357396213672 2.311850679940108 2.350284204359923 2.360854183803895 2.371329517587583 2.338369513023281 2.420414531807182 2.347991775015544 2.303617156831024 2.335931393439751 2.356728435326659 2.401862963104577 2.366117566365574 2.37736307326486 2.391122227163578 2.355936579431727 2.304567413535551 2.299470072648546 2.298396928297734 2.355712361988481 2.408773785991798 2.428181693834631 2.427253291643865 2.426108796658809 2.432032416310903 2.396268611279083 2.404247775448312 2.355322469724342 2.352725001524959 2.361465650399623 2.384132082028373 2.270681974176114 2.252603932050988 2.22415828764133 2.259805615783989 2.272929803009902 2.249467095822183 2.214396647998001 2.204862201251672 2.238191716387519 2.211411343640066 2.216535787243629 2.203314403093827 2.180046607365512 2.142878520233353 2.169165612482175 2.179722074197343 2.197588241579069 2.187049044121522 2.180961664893402 2.207258425052714 2.221873743910692 2.267004914763675 2.258863269125868 2.23648070552008 2.262088006347767 2.2998300156396 2.260534429100517 2.256247737201193 2.266777677010396 2.302866415979224 2.283792736455325 2.279801660355588 2.298241738462821 2.321624695548962 2.339270405924253 2.313964554849008 2.314485852770304 2.405120471176815 2.349868287670688 2.393955458792334 2.360449587315088 2.369871071350644 2.372641382260554 2.32993521890603 2.373638106466387 2.397702730842866 2.377034577737504 2.38319894731103 2.318018962845599 2.254519556250671 2.263205014773121 2.246162157774961 2.25571572226545 2.233572848548647 2.134068651954294 2.190824462828459 2.214548266314523 2.227526364100413 2.222725590549089 2.183100201771595 2.242981361658167 2.308809930742427 2.324218595735147 2.287639590947947 2.297525287485769 2.290896568076278 2.255870594630323 2.293706124430173 2.307043994376727 2.284026851786621 2.22924235454775 2.208460948482752 2.213749503109284 2.220538327666873 2.237383556854184 2.31829498762454 2.411194558590068 2.493255505054549 2.640618149987858 2.897036274891434 3.190952628116065 3.550460453217966 4.0129734235461 4.491187849642301 4.989929157647566 5.613619115110851 6.31491419291342 7.063383980646904 7.821721702988725 8.793297991574946 9.803827327066756 10.83891425457841 11.89239970000926 13.00331351509521 14.08820208855468 15.24394268221295 16.35275177924632 17.36568560228989 18.31953307817457 19.35390779158479 20.39150988213987 21.36760124035209 22.38402865042917 23.32240786554758 24.37958795930535 25.39348476725354 26.37588167510148 27.323257314496 28.29873952926573 29.10486023105841 29.96672479011977 30.8039497123973 31.58995730247989 32.42915206379985 33.33536000488675 34.23306247409346 35.00420346417377 35.89141877590009 36.7666205956175 37.6065358121341 38.46091294755024 39.29631504441204 39.11416538870071 37.81752969900845 36.49769403177197 35.06557130871442 33.69813805556623 32.05982062053954 30.38923006028563 28.62367077533418 26.62459350146128 24.25306637304493 22.06710639093217 20.0046848447746 18.22813665609647 16.58829203114874 15.20116059960128 13.84449382384628 12.72122233255504 11.71146740563563 10.80043686745557 9.996924487790238 9.266565818583331 8.516470608799864 7.873155987894279 7.322181830335467 6.82726033353174 6.339099317356158 5.879600773419952 5.502865491522243 5.172383472796355 4.898771720720106 4.575670735925087 4.362128173845122 4.159889265043603 3.966057471850945 3.778831283550971 3.603985716223178 3.506914401441463 3.360946956203406 3.252409384228486 3.186993890879421 3.076508227000886 2.968976618118177 2.828351255486268 2.757006471456407 2.735845529656217 2.682958818906627 2.628410697667277 2.565009184334485 2.500979983713478 2.4383656463433 2.407794235758047 2.411879991690512 2.404055909617455 2.395583857216479 2.394258038311818 2.396552519021498 2.364231651572481 2.330793821238331 2.265743780932098 