# Created by Octave 3.8.2, Thu Jul 06 15:34:59 2017 BST <co1ssj@node117>
# name: result
# type: scalar struct
# ndims: 2
 1 1
# length: 3
# name: params
# type: scalar struct
# ndims: 2
 1 1
# length: 18
# name: cleanup
# type: scalar
0


# name: num_runs
# type: scalar
6


# name: dopamine
# type: scalar
0.7


# name: targetCross
# type: scalar
1


# name: targetLuminance
# type: scalar
0.3


# name: targetWidthX
# type: scalar
6


# name: targetWidthY
# type: scalar
2


# name: fixCross
# type: scalar
1


# name: fixLuminance
# type: scalar
0.2


# name: fixWidthX
# type: scalar
6


# name: fixWidthY
# type: scalar
2


# name: fixOn
# type: scalar
0


# name: targetOff
# type: scalar
1


# name: targetOn
# type: scalar
0.2


# name: fixOff
# type: scalar
0.2


# name: targetThetaX
# type: scalar
0


# name: targetThetaY
# type: scalar
-17


# name: exptnum
# type: scalar
0




# name: r_0_m17_G0_L0p3_D0p7_scsum
# type: matrix
# rows: 6
# columns: 600
 2.240872463542473 6.915719431912294 6.610052056887071 6.233950701167487 5.920469636832422 5.646094989504491 5.488714755800174 5.44407377695461 5.434704169470933 5.60547389563726 5.932287947507575 6.351065364500755 6.72709199376186 7.303070969050168 7.941735177475493 8.578215441717475 9.353770692046965 10.05507701171882 10.93944945037219 11.75531153690463 12.58940043496841 13.49285326326208 14.33497159831677 15.12530628694913 15.69070783905045 16.09008103684937 16.27152216131799 16.10195010238385 15.65911598255116 14.66828640914173 13.35844260011982 12.14428343759937 11.13506032673467 10.19405848540373 9.303505785435846 8.472033618797468 7.821749473467207 7.219979032033734 6.700040559837362 6.194761590712005 5.738853679242311 5.310293007998553 5.054357678205633 4.678741450916277 4.446262663099333 4.187628150168166 3.93811145699874 3.76874486127781 3.602507903378864 3.466736585183753 3.295477464464057 3.234262305559241 3.095852984763042 3.00208762647344 2.948657273136632 2.868897441025183 2.841841928748181 2.732739495033456 2.63330471612062 2.588711288126433 2.524499653845851 2.534671694545978 2.549719575672498 2.462335563974193 2.456388661841629 2.476712946860061 2.425069211982191 2.427216368912923 2.409106701648852 2.345411969545239 2.301861221229046 2.303436964903995 2.322501657821704 2.356874533063092 2.284337193012107 2.270890129333566 2.290741097087448 2.278368382791086 2.308588265953404 2.338026018065648 2.36775773415502 2.384198851352267 2.354238740874962 2.309695241325244 2.31092691514641 2.221570661160513 2.187688343736227 2.192113090448402 2.154816602109349 2.195058425109892 2.191308339301031 2.220763711081418 2.236002799323614 2.263972642718727 2.31266867708473 2.226335089715576 2.208026831396637 2.202104584735935 2.231855598598486 2.227319984189307 2.175598189791344 2.179246400629381 2.224270154631085 2.176482512681105 2.162362718569057 2.197141289118008 2.168584434754848 2.208618031695551 2.224110420851503 2.182191084157239 2.178075067400641 2.204712377926626 2.163596267717367 2.15743129508337 2.166252629613155 2.14090560709883 2.062461972824167 2.100955771216832 2.115201501267165 2.149635048538585 2.127067338617053 2.186364447275992 2.212454411735962 2.216176819427346 2.22502174974943 2.235410134089761 2.27404842517717 2.278879830832011 2.315000413125745 2.311476014288928 2.279740188656433 2.272690295052598 2.294451810761529 2.283270366238867 2.293159776108951 2.329169503202138 2.278317321564828 2.256932169424545 2.338507545278844 2.312876617768779 2.302179146990966 2.325186386075075 2.364619196174317 2.424502639285492 2.339380643381446 2.27235244417534 2.219305635200726 2.214349981095438 2.218067569327104 2.27707381372602 2.217942242088611 2.257547652428912 2.26362019176122 2.306391838203126 2.301279607781908 2.326786787421952 2.386244527027884 2.359897771890246 2.383201410844777 2.419039550713933 2.413676413954818 2.446589582137676 2.381996155075285 2.351355696366227 2.363618157618475 2.302561377902748 2.357414897247509 2.336147161760891 2.354523212459753 2.389331291989947 2.359824050294264 2.282890060752834 2.270614285393094 2.254319138710343 2.231647916385555 2.278683321070275 2.297582865350705 2.278060954433386 2.330626310256775 2.314926062666927 2.266082476329757 2.282341916550649 2.254451796939975 2.278086611961044 2.295613006028361 2.277558049036088 2.260714298827224 2.263058609998552 2.265046551452542 2.267436991998693 2.285099748616631 2.267612076850128 2.245606556444272 2.319520382774499 2.308095309890632 2.313407909830858 2.298036597681858 2.266642620583298 2.239860158631927 2.277052832754634 2.325405560775835 2.323971212226752 2.341923406116621 2.32291988108409 2.32276370049658 2.283347849293932 2.276294760100427 2.331613170164928 2.334321762202308 2.317290106563632 2.334873496616638 2.274723829381401 2.24198001232071 2.201439262684289 2.205736742098452 2.222590138891974 2.195819092085003 2.177659991662949 2.283555818146851 2.28453076391088 2.290741962067841 2.275256887594878 2.329659194166197 2.314597634183883 2.280193559512554 2.293577710006502 2.323979221971967 2.294337099927361 2.312287459928484 2.318022206643946 2.346471914705035 2.332528538139741 2.334563850516133 2.326643734406389 2.239902277247893 2.239214865603572 2.264159476555506 2.248333195402665 2.217277285679302 2.254753632896609 2.272008306395946 2.245441499506342 2.344937371446576 2.322806482523447 2.311065427609719 2.271067811852845 2.288456788228359 2.261269266822637 2.238968256307999 2.242695931148774 2.236897422830225 2.256088547803301 2.26195345403903 2.215700692664541 2.202220769806445 2.219780463674397 2.202532406881801 2.231026104585908 2.186832581865019 2.228698787712347 2.183628250704714 2.220441544799542 2.230866069283366 2.223157500309753 2.224864911592704 2.211866639874643 2.230706401342104 2.239979167909496 2.313507938852126 2.33814999637616 2.278512716119621 2.283350711673847 2.35153147008532 2.332612023103138 2.267160329698527 2.293494372948771 2.282008911407502 2.301695961403311 2.307339512259205 2.303598741105816 2.24994801725552 2.240705414369586 2.266535745886358 2.310784385190345 2.353485260409798 2.380914501496591 2.336398753472167 2.380170927963263 2.327821442453569 2.352861776897043 2.340416852399358 2.478500447854458 2.57770557879121 2.713883840726339 2.974503974539402 3.231558883977414 3.572043704869429 3.962957267351157 4.336732182848209 4.801217098924099 5.305895985693496 5.888565752073191 6.533150533570733 7.281017401015561 8.011169544065524 8.843225326978427 9.680363622203004 10.61840564990052 11.61613456933992 12.70958250549302 13.6811402757412 14.69343775694142 15.61445883855049 16.60655343391409 17.61123707794104 18.56056910434927 19.5582018381283 20.53215499767612 21.41511192423059 22.39137361796475 23.31917381862149 24.28781017466099 25.17744052517446 26.11079723732109 26.98836084655341 27.9184228987142 28.85924884189444 29.81011467547432 30.76159739108152 31.72606897536207 32.47260271599953 33.3024438075081 34.1352275191839 34.97575446905103 35.87886964063546 35.53597848843492 34.19776955309499 32.83582585007389 31.18178132742469 29.6567316217097 28.17025200425269 26.54568221427326 24.75279279567985 22.80073632416315 20.76951640228071 18.93188210674271 17.31125401409372 15.79587774868196 14.5149639716401 13.24000828759745 12.20473909108841 11.21915007358257 10.29633167071734 9.523389222827973 8.794528697573696 8.189045442886709 7.55077150183206 6.979814673111832 6.437987785089717 6.028160067938188 5.656395997835716 5.295306325324418 4.98881709316629 4.72145771979558 4.495943768833968 4.296078711693553 4.06139729406641 3.927594855507778 3.734217388202524 3.569878428181255 3.41037588405743 3.307903554399672 3.170410341794195 3.102134344313527 3.029293316409166 2.92422118011018 2.843696954012557 2.786341457991512 2.698160418171028 2.590715378388268 2.559881912362471 2.491646631497133 2.462572523569179 2.450791841234604 2.435576229276194 2.488579312057482 2.481552007891878 2.51192460051243 2.476299864500106 2.461793304031744 2.478196209631278 2.504795867182111 