# Created by Octave 3.8.2, Thu Jul 06 15:34:59 2017 BST <co1ssj@node117>
# name: result
# type: scalar struct
# ndims: 2
 1 1
# length: 3
# name: params
# type: scalar struct
# ndims: 2
 1 1
# length: 18
# name: cleanup
# type: scalar
0


# name: num_runs
# type: scalar
6


# name: dopamine
# type: scalar
0.7


# name: targetCross
# type: scalar
1


# name: targetLuminance
# type: scalar
0.3


# name: targetWidthX
# type: scalar
6


# name: targetWidthY
# type: scalar
2


# name: fixCross
# type: scalar
1


# name: fixLuminance
# type: scalar
0.2


# name: fixWidthX
# type: scalar
6


# name: fixWidthY
# type: scalar
2


# name: fixOn
# type: scalar
0


# name: targetOff
# type: scalar
1


# name: targetOn
# type: scalar
0.2


# name: fixOff
# type: scalar
0.2


# name: targetThetaX
# type: scalar
0


# name: targetThetaY
# type: scalar
-13


# name: exptnum
# type: scalar
0




# name: r_0_m13_G0_L0p3_D0p7_scsum
# type: matrix
# rows: 6
# columns: 600
 2.314634907881555 7.469423955728416 7.199699306969706 6.879613552217052 6.627000759828661 6.378984477109043 6.179619863320113 6.162393235012132 6.255136717256391 6.602030579125767 7.02811785663107 7.676980745942274 8.496637733100215 9.322569097377709 10.2690019106667 11.3475103086239 12.48214117938187 13.72644644761385 15.09256762491532 16.33637477199591 17.45905653570662 18.51056749852432 19.31206884641142 19.69088103757622 19.55299559503328 18.65388049167814 17.03238321002573 15.45436908524425 13.99111403008283 12.7278468789591 11.62363062520672 10.57898087595095 9.671113373457047 8.878484753950033 8.166173921978043 7.468999722441367 6.827477413513407 6.371117786271498 5.867846686413031 5.454177138977684 5.140310648410377 4.826615318024778 4.552651808284281 4.261315541640215 3.986555061459512 3.756630430649238 3.571663702539809 3.434219579863566 3.327120688740251 3.173974562880176 3.11919767220752 3.063271363669628 2.970493526729115 2.939069651815771 2.89050443337328 2.898440683718945 2.809164157442865 2.740422248687537 2.662602935813993 2.573572573666752 2.506174204336276 2.42786935692493 2.40410172034899 2.402814135733934 2.39666333887908 2.384242711197658 2.368230828687956 2.3706167859782 2.410151507774572 2.401598091993947 2.481585026449466 2.506805141331824 2.514171447797708 2.48362829704638 2.463853772593211 2.418438421616884 2.439575550946756 2.397138931661175 2.426017304711422 2.40044980822131 2.422946166632755 2.452729696611641 2.398485133198847 2.3912676024338 2.415988125758304 2.388643443955516 2.37702213681041 2.370339013887133 2.295341608385343 2.30395009928543 2.275252103717321 2.28890790064861 2.28461952213911 2.281692552307504 2.264535610491293 2.273519209966253 2.316202003930812 2.28861803268228 2.310861105917866 2.331240810357485 2.34094601781544 2.319663769216277 2.314628208237991 2.287955248320941 2.307274072369182 2.308914108423778 2.225278197081934 2.210750395792275 2.197357779517915 2.171788774976449 2.214733920212893 2.254422720085131 2.221550638707413 2.246489382276195 2.260141615726752 2.25087173308566 2.308164752295852 2.282155007796973 2.209532445645891 2.25716472888962 2.275678038899059 2.269894085009582 2.32586011129024 2.317212502959592 2.248176326276734 2.299076399289333 2.314044143982755 2.309193795757892 2.327780732954125 2.29829979274291 2.29150420161568 2.307353960712135 2.28190438173624 2.256558025448612 2.233123143865669 2.226316125615995 2.239937883692619 2.228292418412821 2.265868322265305 2.293788471157313 2.275760878611436 2.214715559941396 2.265936335421429 2.30309814732027 2.354790118610254 2.354799436812755 2.316277339348744 2.30263774991181 2.262813214574635 2.29464798756635 2.302775457816097 2.297582144445187 2.305933859279321 2.241013263334025 2.208163619077823 2.199393682960363 2.162612354470184 2.148050708397932 2.151226817277347 2.181378477755061 2.190852954165166 2.222202365648627 2.207655728110694 2.228246144957666 2.234301423469333 2.334064976406808 2.2821812326074 2.243862072878983 2.225685065986909 2.228109005227452 2.208342505844485 2.179040476919909 2.166565949748474 2.218827146667536 2.275222209220374 2.288616328140051 2.379812927742023 2.383950986019045 2.376231129492226 2.370868231279701 2.389678410556371 2.367618649070209 2.373702657372633 2.377647329169122 2.378185622517776 2.33877087791916 2.321573404868104 2.302507171010802 2.256441823148634 2.311845631571487 2.321443891072704 2.339820056389726 2.340850768814562 2.326626891932392 2.345505995050189 2.31838968469674 2.357308811468101 2.339403623489488 2.323561658755352 2.348170108212798 2.300389069714583 2.310677578245304 2.3167218025701 2.300478554996516 2.209615795691207 2.201153699115821 2.165197262056608 2.147102096685558 2.173664547939552 2.176773089458948 2.183382247199916 2.258744477170694 2.278424668522348 2.220775163106737 2.245138645517727 2.254505903219979 2.287905219654931 2.29211870270592 2.287470570143341 2.270759310551512 2.250925743162952 2.257622761719176 2.286771461011085 2.316162570152756 2.303759622904181 2.278731066631735 2.27450197923099 2.278062004363164 2.247095530579827 2.281869247119175 2.302436530262639 2.313533303837175 2.297439970574487 2.300957223989826 2.305224069066753 2.2814326893822 2.254991139634512 2.241008178025368 2.257380671312603 2.254312283836043 2.287424281723361 2.285302455191413 2.294581553302123 2.368332873571489 2.306754166340397 2.409801876288839 2.420463486894732 2.447941292979522 2.435257325571001 2.453371963032282 2.462077966083598 2.438894033526594 2.376883542283394 2.368897084481432 2.358576064987574 2.352787022482516 2.317956924175633 2.29988646541824 2.300389896575325 2.316257145768759 2.281820895339479 2.279019153989793 2.260240038078337 2.280492689053062 2.330778001523868 2.331439165507618 2.322138951049055 2.350447218219415 2.362034090808265 2.375704203244823 2.393049831742246 2.365780731008272 2.362985512016166 2.380485583976224 2.406574148426444 2.392275952475757 2.375583103603276 2.31384558656282 2.354502806800156 2.379712543974165 2.451962219696725 2.577043017685355 2.677773880357563 2.849044292011968 3.059558453631325 3.354123624398198 3.630777811780717 4.055449859963119 4.483582765144092 5.015158674887061 5.591813668919713 6.309755125861557 7.088539306823805 7.954035400056455 8.811405200009176 9.741003280236328 10.79412074945867 11.8131923984256 12.91655164504391 14.20724001780036 15.48196053088031 16.81396792356099 18.06446382949071 19.38445048686117 20.60832076191582 21.82033449876326 23.12788701092722 24.34053841173227 25.5685001838865 26.80187272707553 28.01723131224571 29.26074678298028 30.42908395335689 31.61818778604902 32.77938938758598 33.95193420064334 35.07518115161247 36.30401306278145 37.51736846640415 38.60175039552905 39.69379993918847 40.85453938064893 41.95681291598157 43.09997932344777 44.15162111396421 45.26628788268863 46.31013402975077 47.29954104212084 48.00784921493323 46.75866006390879 44.68393644609023 42.53263475722906 40.26862505277677 37.85449137754767 35.14634533031494 32.34611761194174 29.36054498013436 26.66145729314303 24.19158930088633 22.07897615012189 20.06301344387248 18.31051708161249 16.71735725869439 15.20335455234454 13.91704730156926 12.72053630797654 11.68684431951624 10.74705109277784 9.852758573186293 9.092155422946234 8.371310066126171 7.744370378975873 7.206244503124253 6.700669915491744 6.223176425599377 5.837364321956557 5.451981427360806 5.118810849606234 4.848094076360212 4.608971286572341 4.388164952688385 4.172687334932561 3.940770863860962 3.700583961741359 3.544810380066338 3.392979485783144 3.350373687117099 3.221635929621698 3.138776566840534 2.974456617068427 2.854838092302089 2.845621169297374 2.775542302148096 2.699743286117155 2.663830505807709 2.668129444189617 2.566089656989789 2.541727882413397 2.505891973152757 2.422682237629488 2.417331322845712 2.399771643573331 2.411433734385355 2.452086399593099 2.435435458184656 2.395565795131915 2.385232197979349 2.342110623059853 2.359546279556525 2.365097591995436 2.415679725161681 2.400469016636634 2.393652265218407 