# Created by Octave 3.8.2, Thu Jul 06 15:35:00 2017 BST <co1ssj@node117>
# name: result
# type: scalar struct
# ndims: 2
 1 1
# length: 3
# name: params
# type: scalar struct
# ndims: 2
 1 1
# length: 18
# name: cleanup
# type: scalar
0


# name: num_runs
# type: scalar
6


# name: dopamine
# type: scalar
0.7


# name: targetCross
# type: scalar
1


# name: targetLuminance
# type: scalar
0.3


# name: targetWidthX
# type: scalar
6


# name: targetWidthY
# type: scalar
2


# name: fixCross
# type: scalar
1


# name: fixLuminance
# type: scalar
0.2


# name: fixWidthX
# type: scalar
6


# name: fixWidthY
# type: scalar
2


# name: fixOn
# type: scalar
0


# name: targetOff
# type: scalar
1


# name: targetOn
# type: scalar
0.2


# name: fixOff
# type: scalar
0.2


# name: targetThetaX
# type: scalar
0


# name: targetThetaY
# type: scalar
-15


# name: exptnum
# type: scalar
0




# name: r_0_m15_G0_L0p3_D0p7_scsum
# type: matrix
# rows: 6
# columns: 600
 2.339984399979585 6.987182778786519 6.662390801720903 6.230961326287797 5.880674630730937 5.664872288347397 5.451765808458731 5.382466262182788 5.429445063215098 5.638570162769611 5.923874861557124 6.329086164478213 6.785202855964599 7.25359055118679 7.903565413133038 8.551644455830683 9.210239750311302 9.924173725747096 10.78177255094124 11.65267923285865 12.58352710888448 13.36415775224123 14.23456709167294 14.98085699141484 15.55863257239253 16.01443888459471 16.18302474161464 15.99910140629072 15.46525346945782 14.51483119165641 13.22848689115199 12.10844144163639 11.05207697544756 10.11925515588882 9.287198349436949 8.543267400673358 7.852113223016204 7.24487885889539 6.675149591159425 6.145855676422798 5.603511517372681 5.203395866408755 4.834436968851151 4.599210960594064 4.411902460469719 4.140765383941471 3.881512297428344 3.634541277908284 3.489088911366707 3.325597545430355 3.232954988770871 3.079579695540815 2.980296134495802 2.940915253508138 2.885054305828817 2.816549312010466 2.72261902892933 2.701812562030682 2.683194904653647 2.636530929878063 2.642814604238083 2.631044162824764 2.537455792604305 2.512113818775106 2.476640044980741 2.404639401185705 2.366000249341596 2.385225410936982 2.35823309270927 2.35131138910856 2.324077681132621 2.334512051333149 2.301582725071057 2.316320827616437 2.334254376404715 2.325748281162305 2.337743528998544 2.323204810301831 2.256285549698077 2.258470051234326 2.357637211731344 2.327142280995758 2.298965665842843 2.238885280592513 2.253816568496404 2.233060606165964 2.200804021238582 2.18135727774461 2.183443294859899 2.200716140181612 2.254562111407722 2.277372879134418 2.260048673080746 2.280596639262512 2.239881636705832 2.215707418527018 2.258802978647509 2.235322746077145 2.288323277440213 2.292255164829839 2.290252013190184 2.302284820027126 2.360163130884757 2.303342280807556 2.378188267291989 2.375456637848401 2.357316076026109 2.330530442624877 2.340109365490207 2.304013566303183 2.261800712236436 2.215017053673364 2.230460041901097 2.306493027410397 2.322163583208749 2.280393387409276 2.335156999317405 2.286288637483949 2.227087174258486 2.289624671982892 2.326127196376547 2.279325955008972 2.281624195067707 2.260035750756288 2.225169026893127 2.265916725882562 2.210109112842474 2.180722528708429 2.197838839099859 2.204196188162314 2.231752643841901 2.289280866010813 2.298938703854219 2.265920949630527 2.254883510999207 2.255634484102302 2.298621374968207 2.295183673813881 2.317289162845555 2.337730301420379 2.376689690172498 2.352370921373222 2.351569049817044 2.355947154028399 2.326067202473496 2.361017048780923 2.36160262195699 2.343893137200212 2.312897174258978 2.242511769345583 2.219922746930024 2.253195204099029 2.247426976493443 2.299395563204598 2.333574545129522 2.314367143559139 2.309635088653522 2.278993200736295 2.245922328620509 2.266032007253671 2.244114477864969 2.183452922912693 2.196442951484642 2.198615857494588 2.269613014279457 2.254218858852255 2.241312042991922 2.251743734523188 2.205038405729283 2.187418108216661 2.23893466359732 2.274989350848045 2.25306894721507 2.272003490015777 2.284409819712891 2.300598243207787 2.300148009460827 2.322702130659309 2.337732693344151 2.31882268991103 2.354533724701469 2.390736375979031 2.327502273816208 2.334212943507737 2.328690539521631 2.348841586314848 2.377562100293289 2.411136666027232 2.397960917591263 2.329448822707491 2.316963609329832 2.363794706740009 2.381648831535131 2.338283398301428 2.371900390803603 2.281311347789597 2.308621663050872 2.286353227929794 2.246681451622862 2.218358493104915 2.198270466673421 2.217002244400646 2.244463700175402 2.201134316899697 2.240420178226486 2.299546992133401 2.295036733870802 2.309331434929845 2.288392388923967 2.29915058835104 2.254312498502259 2.318764706769798 2.288750082905608 2.285702914537978 2.278620889668673 2.325113573579983 2.284880048991909 2.31854063686842 2.333705374148849 2.359492885396321 2.32215791994895 2.270274451908335 2.263876440680178 2.258808084096017 2.263298114230565 2.232015780675283 2.299987766036793 2.240515466110082 2.277193605244975 2.299474358500447 2.271508857978915 2.322213490970171 2.300054155706675 2.312691643279322 2.313017727505212 2.328967592229674 2.293026119652495 2.220121358979668 2.255040705946158 2.339861810965886 2.37180826428812 2.334154070758814 2.292559016619634 2.311957972902746 2.318723230022442 2.33713282282406 2.340620228231273 2.350526461457775 2.353564912054935 2.34362153904658 2.351366176524607 2.364941286485191 2.319206649506668 2.313520297375362 2.282795018920297 2.266566409394727 2.245638935863099 2.303692332727223 2.277560772716242 2.228444451502583 2.238208833870885 2.272410844772821 2.248538699248456 2.30395254297764 2.363124501738639 2.382534776792454 2.403933590434463 2.382557814649772 2.312966961359052 2.346796557350899 2.345951169172622 2.340623607466114 2.335270731153287 2.287811748126842 2.27287754608551 2.279107804062733 2.320869967461476 2.326162569308508 2.28728715365105 2.286998558303821 2.295658102262678 2.240895351071231 2.256132670449006 2.243268795602489 2.277441045123851 2.295828582125978 2.34255456828032 2.457323922753858 2.580558249047499 2.730763541614579 2.930226763586688 3.183427175634279 3.481961766432505 3.827203293210914 4.209025917549297 4.598860880400025 5.085291080475145 5.602158198802499 6.254867191506492 6.938645457043094 7.5984928843136 8.35919976583682 9.256919485018443 10.17189727765799 11.15860040505504 12.16288664926469 13.13098061107303 14.08549862934888 15.11376637552894 16.06213689374863 17.10219721089379 17.99870118335457 18.94029753804898 19.82053249158344 20.7038323806828 21.5776685890819 22.47307461235323 23.29580822325079 24.09239605581752 24.89269281268935 25.79144444347185 26.69102085931081 27.56948129892044 28.43259515149475 29.30706995623768 30.18795676863738 31.05536781680894 31.83994443860865 32.61170907281848 33.45564276094592 34.25717993105354 35.10959128714967 35.90621145359546 36.03190953262674 34.85707145136985 33.65083166520344 32.35316854508528 30.84019566239658 29.30522587234736 27.86199832606871 26.23159219712034 24.30859431466524 22.1624688879383 20.16817376434437 18.38930466610327 16.76214523147792 15.24881141720471 13.87326529508937 12.72856551823497 11.70961784678366 10.73776114322391 9.917423471539223 9.144187005691492 8.414476730940805 7.773699835241132 7.208756987034576 6.717049160073657 6.26142169645027 5.886894062488864 5.538023040771805 5.222388391994173 4.854662377398199 4.656208933269227 4.414578509858984 4.183308616698014 4.00662385348005 3.805233829327335 3.702599612410268 3.596901750366669 3.454227000249375 3.245748005185305 3.177500281548419 3.048683978322515 2.99735944861095 2.924129548759083 2.898684884745307 2.837239839987888 2.71149101204719 2.680145293219539 2.655847202604491 2.586256885646435 2.532282937212585 2.409447975736839 2.364141742873471 2.309260030608129 2.331129482467077 2.314909317676211 2.299273536867986 2.309692723974877 2.310883623096743 2.270292305856856 2.255385812557506 