# Created by Octave 3.8.2, Thu Jul 06 15:35:05 2017 BST <co1ssj@node117>
# name: result
# type: scalar struct
# ndims: 2
 1 1
# length: 3
# name: params
# type: scalar struct
# ndims: 2
 1 1
# length: 18
# name: cleanup
# type: scalar
0


# name: num_runs
# type: scalar
6


# name: dopamine
# type: scalar
0.7


# name: targetCross
# type: scalar
1


# name: targetLuminance
# type: scalar
0.3


# name: targetWidthX
# type: scalar
6


# name: targetWidthY
# type: scalar
2


# name: fixCross
# type: scalar
1


# name: fixLuminance
# type: scalar
0.2


# name: fixWidthX
# type: scalar
6


# name: fixWidthY
# type: scalar
2


# name: fixOn
# type: scalar
0


# name: targetOff
# type: scalar
1


# name: targetOn
# type: scalar
0.2


# name: fixOff
# type: scalar
0.2


# name: targetThetaX
# type: scalar
0


# name: targetThetaY
# type: scalar
-16


# name: exptnum
# type: scalar
0




# name: r_0_m16_G0_L0p3_D0p7_scsum
# type: matrix
# rows: 6
# columns: 600
 2.332072484809032 7.085199620545609 6.68830876631182 6.342611957341433 6.076115318082884 5.715427442908549 5.640503360566072 5.47126175151061 5.509442110305827 5.716836262239667 5.997224283830292 6.404207248844614 6.825970893041813 7.420865079184296 7.988254748335748 8.641099255481095 9.340225709063816 10.05975345509069 10.87970877438784 11.77159546856274 12.56792613501057 13.42425202162121 14.18868346822273 14.92427860762837 15.47423889768743 15.81516134676349 16.04741463111714 15.92712597699574 15.44696205876971 14.53498426387887 13.25097689131508 12.01934240633273 10.92018938816909 10.02946753880678 9.199831720565271 8.47217212605392 7.767895178687468 7.199314555349702 6.625614287535427 6.071201944258064 5.661870500476653 5.220676697383169 4.846908851301123 4.505582290083112 4.238674497373722 4.018907746232799 3.75770587354782 3.624693009725888 3.477999290533262 3.329982061637565 3.206674020600985 3.08675747137022 3.002765886234556 2.892369595028867 2.820900588209042 2.839565947877418 2.759771769000508 2.701081220810011 2.666386176890228 2.58192830637563 2.620740510952601 2.623548143103108 2.577628715465835 2.559859438995773 2.521567439620412 2.549171156431839 2.554496735458088 2.53944674908962 2.510281526222116 2.479183208399263 2.415611794578581 2.334870242419129 2.29066867736401 2.264039042540389 2.27041313409245 2.242498403758873 2.282038549763456 2.234942717018384 2.272775943483794 2.222200879914453 2.290979873796459 2.288244304689215 2.195153183376533 2.201457328024844 2.201622585962468 2.237517820261928 2.263118179114826 2.314803381555066 2.302743666830793 2.311786761452822 2.313967863628932 2.293091918087157 2.265969629796018 2.236835477389832 2.241726201667916 2.271434790225612 2.277302316237183 2.293947406928055 2.308754342629982 2.326930871538934 2.286230906414858 2.304426628652436 2.269609712595411 2.263870662885893 2.266981056593067 2.314731353893876 2.327915179143019 2.310840673297207 2.338927335484186 2.319715084755444 2.313796121961786 2.318009051763511 2.317834040464732 2.329791168835072 2.290478753409843 2.310100426097051 2.274370198276301 2.29022786225687 2.306323181775952 2.335558700164256 2.349808632312488 2.230876333851484 2.277342161958586 2.230332600386646 2.222681352477593 2.271742028421613 2.193379721584279 2.209718072732358 2.220473724675685 2.233841726676474 2.258002790644241 2.25554918540729 2.253773214753892 2.196752903810193 2.212159563970999 2.194744855235513 2.212762491351896 2.257595346258313 2.21598764547889 2.23703256346198 2.270012144948851 2.292305415030569 2.326224648393691 2.299868774867718 2.310634790228505 2.330645218025893 2.322720877367829 2.381760839642084 2.375453218730399 2.410740391758736 2.456554053052969 2.414001139510219 2.392838787352957 2.370327550932416 2.358522757953324 2.31610565194751 2.337184887544936 2.294518002305267 2.275065690299016 2.2969600604265 2.306404106260743 2.335144287473668 2.272682604558213 2.249325260472688 2.319966659055353 2.388925113012192 2.364372361726055 2.298845079232706 2.233057832279883 2.162536221760092 2.184510251616302 2.280226844643039 2.27937389071667 2.339777154746116 2.362361372657688 2.340179022496159 2.330570436015478 2.320395843868027 2.309496308671442 2.309518995487451 2.325198585727776 2.291799579505096 2.299233113211812 2.339954144645162 2.321033601085219 2.290323227181943 2.295073852947098 2.296918931562686 2.270085205695068 2.254419891609359 2.171580073962105 2.161445127378101 2.192697169459279 2.120398265302356 2.144850528526149 2.133631339871499 2.149130396850524 2.199872826724459 2.242862825434713 2.225635410473387 2.265388537896797 2.250235900595726 2.281844523375185 2.260927883275144 2.251867746541393 2.297272874508053 2.31138994698631 2.327648777227296 2.33808166158633 2.324211351413396 2.250682887221046 2.287177737661295 2.256649160764937 2.208813516339433 2.199316205958894 2.201133123909131 2.219925872945169 2.226091528831603 2.260077816619741 2.26464673972805 2.257912718625448 2.310279712994088 2.366974267351907 2.389746756409295 2.39797221979552 2.369307977161952 2.35511306736953 2.366045428801954 2.306905466386524 2.278549573180499 2.270430434960872 2.306722653207544 2.310480731695861 2.301379863994953 2.316374408856063 2.328406188293229 2.322222566808705 2.343878742609377 2.325138818610867 2.323226859363785 2.276046990137729 2.27278170340287 2.259520422572677 2.267218096872966 2.274451093507196 2.330819208982575 2.296915931217427 2.308197003527312 2.333617322012287 2.393932022423542 2.331120799382916 2.322404869642924 2.39268654656189 2.378599979951105 2.386277962636086 2.363178344741755 2.374834041842405 2.456707129476854 2.464167809901483 2.416027165869309 2.420191593089839 2.364260671669399 2.357285311905343 2.341106948957531 2.319563627763273 2.284973955369423 2.272477265811176 2.291129659792205 2.32775905104063 2.286414730799152 2.260341843440983 2.2395272777012 2.213057384447893 2.197466894496756 2.215638180136011 2.232578147770255 2.236599497369752 2.233002350320021 2.182701087702299 2.14493900335583 2.090245450635848 2.137105208047615 2.184174802314374 2.205871985424892 2.217426750008599 2.267493827785074 2.314158921144553 2.292070516188687 2.299117666792881 2.352717032306828 2.515607652363542 2.654343166919716 2.887387770730129 3.200252547036143 3.526593526572469 3.822415294256643 4.231632579823781 4.73160306038335 5.229987732658628 5.741543738913606 6.286704298861878 6.987375584521942 7.729528913157992 8.55637325058251 9.375584935836741 10.3187776839768 11.33234964844087 12.17331767595169 13.06872044764532 14.03162678581066 15.01893512263632 15.87898166418199 16.71885535847832 17.64258038413755 18.55012100174463 19.44787734535294 20.38405250526921 21.35163719495176 22.30312529586445 23.14181887288942 23.95670321961734 24.83897650352446 25.72124284482015 26.57298367206204 27.42195516558058 28.19630916199094 29.05757224465924 29.8692133972454 30.75001304735997 31.58650023168957 32.50965073926636 33.3426536511106 34.17267567102317 34.95143132148587 34.69534577149534 33.43292122449202 31.92564676899201 30.5343618275474 29.09902268251608 27.63625871355907 26.10895164764588 24.38368429787079 22.48600444110707 20.47597404993758 18.62340652469356 16.95925403443835 15.47835107123683 14.20337860663858 13.031904224561 11.99736677405235 11.04159690743109 10.17817925406416 9.370763564787921 8.677653161365015 8.043020048007747 7.459147116831446 6.930540156095958 6.380052177646576 5.957226847564016 5.584310764834299 5.243115842684347 4.952912916077366 4.684061637763079 4.425172913375718 4.249234771808915 4.098884913708389 3.958195697527117 3.834988685786811 3.641443375199742 3.491301750016646 3.360234598847455 3.232962326648703 3.102284738786693 2.991228796832729 2.947844833550334 2.88535156440048 2.864764139256295 2.773754853218634 2.705159972785623 2.688851181668724 2.676906634999796 2.657688709394279 2.634208558687533 2.669292046128248 2.589226347357908 2.546935415968619 2.587178550691533 2.494591025766567 2.435384889875422 2.458802101144101 2.505398581019108 2.512829502509703 