# Created by Octave 3.8.2, Thu Jul 06 15:35:02 2017 BST <co1ssj@node117>
# name: result
# type: scalar struct
# ndims: 2
 1 1
# length: 3
# name: params
# type: scalar struct
# ndims: 2
 1 1
# length: 18
# name: cleanup
# type: scalar
0


# name: num_runs
# type: scalar
6


# name: dopamine
# type: scalar
0.7


# name: targetCross
# type: scalar
1


# name: targetLuminance
# type: scalar
0.3


# name: targetWidthX
# type: scalar
6


# name: targetWidthY
# type: scalar
2


# name: fixCross
# type: scalar
1


# name: fixLuminance
# type: scalar
0.2


# name: fixWidthX
# type: scalar
6


# name: fixWidthY
# type: scalar
2


# name: fixOn
# type: scalar
0


# name: targetOff
# type: scalar
1


# name: targetOn
# type: scalar
0.2


# name: fixOff
# type: scalar
0.2


# name: targetThetaX
# type: scalar
0


# name: targetThetaY
# type: scalar
-12


# name: exptnum
# type: scalar
0




# name: r_0_m12_G0_L0p3_D0p7_scsum
# type: matrix
# rows: 6
# columns: 600
 2.331209526608291 6.895999178377679 6.603519677293662 6.287413851066958 5.983970753870381 5.726675073834485 5.616556505225162 5.514358635511599 5.559970064357913 5.747752242485149 6.013937167743279 6.381561199348653 6.893605159206345 7.477102553464647 8.001941105947481 8.68279599253583 9.381616168064284 10.11467971799721 10.8938574269705 11.76060495914498 12.59426994227761 13.45568935212214 14.27761448100136 14.94575987379358 15.5344489557101 16.0234166557857 16.21248292862219 16.0337132801651 15.49258871597704 14.5244165928525 13.20483619170409 11.94354183855467 10.93875239163026 9.970801324048807 9.104458166279073 8.352737296223495 7.694794301243746 7.075875242604525 6.500977428600891 5.990843223964475 5.599624397866137 5.156964983503713 4.875730325555196 4.50771749402702 4.291337335489516 4.099132012430346 3.870580543050892 3.674565177956538 3.541548463974323 3.384282926726883 3.292730558259791 3.196285474463366 3.103135974597535 3.02337176902256 2.854317635566986 2.834872299605195 2.690741186364903 2.707278561769272 2.68628994665778 2.651054498062877 2.609775113945943 2.509420540155588 2.519201512586733 2.492931251119444 2.488937409596474 2.48193843835179 2.496827443468646 2.441141639563284 2.444729705093778 2.447935273537951 2.417146117946686 2.430893627863043 2.476846190669676 2.47475664288504 2.443413751498156 2.380662107025273 2.400587391319277 2.379473397024412 2.420634647263796 2.336186185308179 2.330375990997709 2.338162382242444 2.330298310680519 2.378905972931534 2.356599844646553 2.344008064221271 2.383169993012416 2.325552870184765 2.306624879051924 2.30719268516259 2.278801154337998 2.226702873813338 2.253498140204101 2.194493010680162 2.209114688863338 2.250023961410989 2.272389670866687 2.229345050120173 2.293151801117347 2.274951650819276 2.214843343648681 2.209088048712147 2.248276430331316 2.212538403749932 2.169328446772852 2.167530089926004 2.216056531917275 2.222815120629093 2.256778917962947 2.277493550649524 2.285136552178301 2.295104671968147 2.274047495699051 2.286789182955545 2.357991071603465 2.387152587125456 2.410376678664761 2.433196200288876 2.39300015097615 2.355238890595501 2.335252397060685 2.309242524774163 2.3427075492109 2.406343770635431 2.413286265295028 2.438925865455531 2.376821447651309 2.401229453134874 2.341072685059771 2.335418182978174 2.375196873821551 2.332165209476443 2.302721709031175 2.304309994946379 2.290094311512803 2.224900601366244 2.161092601636483 2.151221272055409 2.175580479160999 2.194326666012785 2.209462941367747 2.173111690379301 2.17098901269128 2.204378784232176 2.230964695669172 2.185609725987888 2.210448871112021 2.221830157774093 2.207654042769718 2.20281817801515 2.247848295239237 2.306709250133281 2.252584632627986 2.226270433307945 2.203457306604832 2.178322621752159 2.175395549878886 2.17137695004385 2.193494762124828 2.27081783702306 2.313012199811055 2.267550989874508 2.240578921806446 2.203701720971367 2.230070115536364 2.239884046379302 2.231550904383766 2.254911587166134 2.255901577289478 2.227132981439354 2.248621973973059 2.261954121371673 2.272879184805788 2.324060629260202 2.291034133817448 2.291849881024973 2.303673654372687 2.295226965674374 2.297017626733577 2.291492303930681 2.298986265355779 2.257360682717263 2.30103191301896 2.287989646508322 2.311074480836396 2.303773591345816 2.278724065388815 2.227478323457035 2.216142101991863 2.222439034281706 2.262217584182508 2.308880913704343 2.2813083115052 2.241326904724701 2.233980654145853 2.261564982476557 2.216706125575001 2.227881247170444 2.261520169642608 2.313145801086648 2.350210936125222 2.368525052974292 2.338548026589706 2.340476820725598 2.363273136719727 2.346248612135241 2.322642308696231 2.27676208284629 2.261994315857009 2.270403378322953 2.240618783143873 2.299454042615253 2.324689547858725 2.352657431867556 2.307034584260691 2.316445081884012 2.340759130611332 2.358761113991932 2.364660762839776 2.388669878350811 2.361746923568717 2.323130602275342 2.328679704465685 2.311021856901789 2.302116719154583 2.317261424563185 2.315890675014089 2.265944514558214 2.275754994356248 2.306246181222377 2.276211166947178 2.242760978730075 2.220693467579622 2.258772865883657 2.312863110520993 2.294633511497523 2.267276778155065 2.216950732923578 2.218551727704835 2.19724728410074 2.184498887632799 2.190916777697566 2.191473728773417 2.184213356833425 2.191694294891931 2.19746525037408 2.172870343914838 2.118024850256916 2.070304432418197 2.103939147898927 2.110227927189044 2.032902562048548 2.06819699027983 1.980620256370457 2.052442365064053 2.051561928477895 2.122039273501287 2.157166191141641 2.1163054844219 2.083170867277659 2.114362700878701 2.132784739400449 2.1559333707919 2.213767799468769 2.227334346120188 2.191779685770598 2.142065714813725 2.144705428145244 2.099768987620337 2.090196331564584 2.102396236616187 2.135977509933582 2.133740795688936 2.133677302233991 2.169644219622569 2.155137522873702 2.161170496932755 2.114185596834432 2.199090551188419 2.217439103442302 2.2216680575184 2.307319855040987 2.440248782404524 2.625057576246036 2.897107457767561 3.224009616737021 3.566658916584856 4.024849719757185 4.513974519570183 5.074378609857376 5.73174019929138 6.413108591534183 7.257187993585831 8.120982508540692 9.031268547381842 10.03320867173898 11.060942902237 12.10222196817995 13.17551399608783 14.30971935544585 15.37599834403591 16.41925314037508 17.4315538756382 18.40956266092508 19.44223669829989 20.50026465507108 21.50462660043195 22.55957287644924 23.65120924001894 24.69061922326 25.70545741915339 26.6768716805891 27.64446089573175 28.64205697736179 29.58844468822281 30.46917253365973 31.31800591599313 32.21759753409424 33.11315926520183 34.00904880823509 34.88005077816706 35.78538168881641 36.71095061534652 37.70746975521979 38.58936943285516 39.488868634764 40.43745419276456 41.30811331744189 42.17249704981077 42.54615629934415 41.62961406805698 40.19071915983659 38.57226769415865 37.1120405288566 35.563602828086 33.98623113838676 32.20828127779896 30.22029558041504 28.22695655202369 25.82396982503269 23.51267218265093 21.41522269194684 19.50473505889022 17.78249991379562 16.17413046248112 14.79245157154492 13.54566445457021 12.4586075499974 11.47331999860035 10.5035281312812 9.677152290560116 8.954502668326313 8.25024733972532 7.632429189034156 7.12032625124084 6.601711507402797 6.156729357120639 5.732227913227689 5.399274099174363 5.141178503170522 4.82871620147489 4.575820848462172 4.346078189671971 4.098413006504416 3.881586125993636 3.71548280623756 3.60810511722957 3.467383213803259 3.373708950537548 3.196902230025444 3.111813237883325 3.005079121190647 2.976399296148884 2.918161257897737 2.793698539242541 2.751075323902114 2.706076580634544 2.704192345590855 2.693856011510434 2.664554539460369 2.644994028109068 2.639011557039339 2.595012270852749 2.557760381881963 2.539526902444777 2.539120522832491 2.523007282390608 2.534934924638947 2.526126555556402 2.462750064321881 2.410226191890615 2.452435042423531 2.41014106935836 