# Created by Octave 3.8.2, Thu Jul 06 15:35:00 2017 BST <co1ssj@node117>
# name: result
# type: scalar struct
# ndims: 2
 1 1
# length: 3
# name: params
# type: scalar struct
# ndims: 2
 1 1
# length: 18
# name: cleanup
# type: scalar
0


# name: num_runs
# type: scalar
6


# name: dopamine
# type: scalar
0.7


# name: targetCross
# type: scalar
1


# name: targetLuminance
# type: scalar
0.3


# name: targetWidthX
# type: scalar
6


# name: targetWidthY
# type: scalar
2


# name: fixCross
# type: scalar
1


# name: fixLuminance
# type: scalar
0.2


# name: fixWidthX
# type: scalar
6


# name: fixWidthY
# type: scalar
2


# name: fixOn
# type: scalar
0


# name: targetOff
# type: scalar
1


# name: targetOn
# type: scalar
0.2


# name: fixOff
# type: scalar
0.2


# name: targetThetaX
# type: scalar
0


# name: targetThetaY
# type: scalar
-11


# name: exptnum
# type: scalar
0




# name: r_0_m11_G0_L0p3_D0p7_scsum
# type: matrix
# rows: 6
# columns: 600
 2.289821986254537 6.932121975056361 6.565838871396409 6.261197901880223 5.924459739850136 5.633911265023926 5.446951339275984 5.409619034315256 5.509458100386837 5.670688552130741 5.886943370198424 6.277584811162342 6.676289663664647 7.228720592827813 7.836086295905261 8.443794754795817 9.25339172727945 10.00884849005161 10.87862902205597 11.68792643241613 12.56791018309013 13.4204215851496 14.15962063592451 14.82209624614552 15.42417078144354 15.8408773201736 16.01507876751566 15.87110391507304 15.50634274036565 14.56533051762381 13.27027313029976 12.08934695525386 10.99732557779498 9.970013469631567 9.120427202873543 8.411105411847529 7.696881891198245 7.043841993829119 6.445032796418673 5.989674282875512 5.560570452353204 5.229290070990828 4.898627679605852 4.626348606940155 4.336827055911272 4.110418495773047 3.960450694001338 3.824332341406262 3.61545905625826 3.437265182309602 3.275302016299975 3.195384626298619 3.048293659870978 2.955545723838441 2.847489602943824 2.768899626425991 2.709845147375745 2.626592164284375 2.5532336849883 2.545569766007247 2.508595321862231 2.515675941162044 2.533033009880455 2.471097428940993 2.507941320491227 2.476835604582448 2.44627719795244 2.462304877615679 2.435941600124352 2.40325367783953 2.383774693473242 2.415390720467258 2.445172453761188 2.432987506603695 2.403917956220539 2.350949757366834 2.343206415040186 2.319993756233089 2.322997855582798 2.216231890546624 2.215157251412165 2.294651590542344 2.310345698489982 2.296959495732153 2.269324063177919 2.209723378884519 2.240808659622417 2.217728540266762 2.198280060092657 2.28827380612347 2.343561545367265 2.288256189363892 2.324939650854503 2.33046830684907 2.352031547059596 2.38830379159117 2.422773676953511 2.329571864720492 2.344512240233598 2.365845773272667 2.40899011996953 2.371201265566924 2.446490232679935 2.396898087728914 2.40010891341808 2.391172050665773 2.325798092715559 2.270132991703576 2.297344455932034 2.365352478453133 2.310049736806832 2.324375310388859 2.313119904163614 2.298206422980002 2.327686136617558 2.265897262219369 2.307878887575498 2.302112725443294 2.278520422991278 2.26952669131424 2.229020351631334 2.171933346024161 2.195589825154457 2.196213692863239 2.251017309201416 2.310027909523342 2.30517476467503 2.287029692233773 2.284847666101996 2.198911546111049 2.212316490775265 2.280332608459503 2.272249139768974 2.259893995415041 2.259465759194427 2.25974561842304 2.261213585319638 2.297807357092097 2.302477684846963 2.309451609951793 2.305660073725448 2.343429627318983 2.327667405899774 2.368892768292426 2.338402363599016 2.383529627950338 2.380616649243166 2.347935135365333 2.364238287029366 2.345857991247613 2.310964993383095 2.297516273185465 2.272837705084385 2.342663988820277 2.338246635997166 2.34470288639568 2.293138462104253 2.300173170133348 2.27533705089445 2.275259600675781 2.267700616791672 2.329411633072596 2.353407846276241 2.289967653665371 2.213046425968059 2.261729483681847 2.291889068372257 2.304767574772995 2.290870104858186 2.264283960743342 2.283494597591925 2.331047304358435 2.294775247222788 2.232970968336303 2.265330167821958 2.277725538158847 2.301094507933158 2.309586379085886 2.267318454743872 2.274390766300712 2.277385330009565 2.309114192445122 2.311464454676752 2.279371403201367 2.243890793044557 2.246363037884294 2.257147677984904 2.262737115896016 2.254787337231392 2.244295079966832 2.249166429344768 2.224605119685293 2.20453344060661 2.250466220221824 2.235521107413661 2.235682803411692 2.213472667179303 2.239521247167431 2.240631184482481 2.228385717789934 2.249746975474409 2.29446122301124 2.311535242763057 2.292542951603536 2.292850159697991 2.276644539069821 2.290621885207656 2.242696936933498 2.26356358801786 2.250980076743872 2.276669379843952 2.284235499028 2.316203599515575 2.325000639139034 2.298160208815716 2.268519163273595 2.294180710508954 2.278902249927341 2.250049207825214 2.233074657533507 2.244723055557188 2.32873313480377 2.33336402610621 2.356553568468371 2.338869248589617 2.289123313265009 2.348750418265809 2.405930513723433 2.381754392015864 2.371263934539456 2.380078340505861 2.338448132202757 2.321685104474454 2.365698243047518 2.31917059749685 2.317083379559335 2.298823515066033 2.377046584428172 2.34316153652253 2.283136818423372 2.285310063327415 2.3635908219876 2.394736674279557 2.394914539523597 2.388714848017116 2.371814083449863 2.381170288274006 2.38780373967893 2.40138650503286 2.410262758545286 2.394985627036021 2.374581195603241 2.339239713171992 2.31878996398882 2.277000399622921 2.276898389731286 2.329921596563509 2.326113846182125 2.285903209271964 2.31659403661979 2.302295579476777 2.309538350491493 2.309691252015909 2.304428330740848 2.275422740030081 2.342676144638972 2.321153703733216 2.315764315717388 2.303191003984466 2.251150031042926 2.273841501894822 2.247412712662481 2.263393903849646 2.247829844818625 2.248251329343475 2.284579130937345 2.33890600300947 2.476083982302953 2.516031615938118 2.648148046453571 2.839904319152993 3.183687393957371 3.520614064404072 4.006339064078929 4.460477693253779 4.993571215505654 5.622492626614985 6.401556411277852 7.186338581166638 8.067251269007102 9.002324055152712 10.07802166931651 11.21758691846298 12.35258170835732 13.59878195649799 14.85927564375015 16.02261972232009 17.21064084174577 18.37704795311765 19.60885247794431 20.74486766776681 21.89114527924175 22.99532463730429 24.12147693362203 25.19432635312842 26.32329798581486 27.50605989615724 28.72567159320351 29.95562116247675 31.18595535763598 32.33411050706309 33.46550103142363 34.53463373392515 35.71444310894731 36.77428233134196 37.81309203800629 38.81013184825497 39.87946480075334 40.97128228133897 42.01944034219196 43.01760423924134 44.09780237069208 45.11405896756332 46.09083763579838 47.09548502965481 48.12842635551715 49.11985310466116 49.37396471892862 48.34578811561551 46.87188443534978 45.34542211797816 43.68290780739335 41.99303499227608 40.16203464865612 38.15357176762336 35.95906932402431 33.62724019521193 30.7936654380901 27.97443102451507 25.38961422217108 23.071721870896 21.00026517930382 19.07566931209476 17.40545462264708 15.88299918968551 14.49406930584883 13.253475022153 12.12978952466074 11.07060205337984 10.17157920528552 9.350631331264594 8.664630274320189 7.996379368421913 7.445695957947464 6.986773978347628 6.539427988085663 6.137320779147558 5.736506073320925 5.397493275995657 5.0592670555925 4.745039295394236 4.455594252609444 4.205591464604368 4.044091552699683 3.842009048119507 3.713527695603261 3.592949985119049 3.482818216551095 3.343171608019475 3.234290662890999 3.113265481988492 3.072006939713901 3.00930358576079 2.879043227694638 2.805781839007977 2.67626520956037 2.687176264691516 2.698944961739471 2.594412461614411 2.568731860781554 2.547961372443751 2.52901811297852 2.54977675900227 2.54092424310511 2.456782833909529 2.441028149863996 2.466984513674106 2.440377969127439 2.463159738363174 2.416565304993128 2.344124443799956 2.330529113933153 2.323492585273925 