# Created by Octave 3.8.2, Thu Jul 06 15:34:59 2017 BST <co1ssj@node117>
# name: result
# type: scalar struct
# ndims: 2
 1 1
# length: 3
# name: params
# type: scalar struct
# ndims: 2
 1 1
# length: 18
# name: cleanup
# type: scalar
0


# name: num_runs
# type: scalar
6


# name: dopamine
# type: scalar
0.7


# name: targetCross
# type: scalar
1


# name: targetLuminance
# type: scalar
0.3


# name: targetWidthX
# type: scalar
6


# name: targetWidthY
# type: scalar
2


# name: fixCross
# type: scalar
1


# name: fixLuminance
# type: scalar
0.2


# name: fixWidthX
# type: scalar
6


# name: fixWidthY
# type: scalar
2


# name: fixOn
# type: scalar
0


# name: targetOff
# type: scalar
1


# name: targetOn
# type: scalar
0.2


# name: fixOff
# type: scalar
0.2


# name: targetThetaX
# type: scalar
0


# name: targetThetaY
# type: scalar
-9


# name: exptnum
# type: scalar
0




# name: r_0_m9_G0_L0p3_D0p7_scsum
# type: matrix
# rows: 6
# columns: 600
 2.30571245450119 6.966818218767003 6.60982591832726 6.216321477742895 5.935150799385156 5.715570302912965 5.493580630934957 5.435930352497962 5.470093017167528 5.531797783994989 5.856065524225414 6.288760101074331 6.768518576951465 7.24059760632008 7.850018383454881 8.510383032924437 9.190847673045937 9.941291581861151 10.78882436188542 11.60176339782083 12.52597195463568 13.44505560160906 14.23108589150797 14.99894074290114 15.52499620587332 15.96152763640566 16.13434915068865 15.92077422515513 15.42391191511342 14.46174816566054 13.16521802083298 11.98021164866805 10.97767095352901 10.01240439984394 9.099676501282374 8.356904913096514 7.780060879340454 7.19938282725343 6.623541330678563 6.088420909181878 5.572954398326146 5.28593775608897 4.951397579505283 4.611529776886528 4.36369783255941 4.178282627366571 3.883121723316435 3.653706842276733 3.496130822951272 3.35339172649401 3.171475488201395 3.05542411211718 2.957561018367414 2.851509041360259 2.762771890558724 2.723829369679152 2.719526944754762 2.628041371230211 2.562506972219126 2.582867469034682 2.513323782666703 2.493410097613378 2.482088938053494 2.430454669162827 2.413240071829932 2.422744210402016 2.428725647136162 2.374543162607551 2.40995017568639 2.310907898958249 2.257717856424279 2.250417596569605 2.290107789252943 2.30318667768006 2.261659550502372 2.226229172163585 2.244302926468663 2.208571633305837 2.26724168365763 2.284701301312452 2.286541042289173 2.374306459052605 2.369230270545813 2.371165825787102 2.337928240445763 2.302323050811538 2.267918772897247 2.255339600018488 2.247587231060606 2.261032025940949 2.23421079331456 2.216237333421304 2.230515311777708 2.250094624527264 2.260802879391122 2.226983155189373 2.207715493153955 2.223221227315662 2.225219083629781 2.248683062862256 2.266136967758939 2.289325110592472 2.289099908313801 2.244095916335937 2.210686093852928 2.279953977937112 2.228150711365743 2.269762608739256 2.328349644743867 2.374972077335769 2.337824381458631 2.306516763019317 2.291488311031571 2.263645858685777 2.256499074719613 2.255377821627917 2.239443415128335 2.22105895466666 2.251453696342651 2.336102043198935 2.310106159930001 2.282806337920192 2.282824226189405 2.237563210208464 2.224334682767221 2.216554993192403 2.221169831624138 2.195829169606441 2.182292382272863 2.180484853044618 2.130945403856458 2.167672169456637 2.187647658920469 2.212633411269053 2.223360187508661 2.195086772157083 2.216192179723294 2.251773419342499 2.184906336398853 2.194681651093561 2.193717690057383 2.18111574469367 2.203896740759774 2.232977886320441 2.28397769674848 2.270601099509804 2.248126506929111 2.194925029407386 2.154368202933256 2.185273810273429 2.151297905262254 2.179945216375927 2.195378718992288 2.163101334910607 2.239493138047692 2.258335354399605 2.254703655315097 2.255742254168581 2.249921234904832 2.295520505871536 2.332371552224686 2.300398774357745 2.285395391972997 2.303129398555029 2.321643479095655 2.264504827799101 2.266028773625294 2.204331737637403 2.260297243630703 2.245650941120402 2.220037991086429 2.281645643015509 2.235132058773161 2.261422842464526 2.240610933331482 2.259346615508548 2.303864827998041 2.283306843202809 2.235361084931355 2.208394858884276 2.263903209190175 2.272917451471585 2.279912599180534 2.290901985048549 2.28052225072588 2.312954234177596 2.236960498823464 2.26643009550753 2.271830757774296 2.290999529610417 2.348103814249043 2.397282087847998 2.398091712759197 2.393520933575928 2.387598457804415 2.384310356968854 2.380326229191269 2.406929725387272 2.405802870231128 2.391604833104793 2.402310621018842 2.365831649507527 2.281145545503023 2.305220022404683 2.267259859556361 2.305472604130046 2.329508957162034 2.358443325330882 2.345720934667042 2.36001907696118 2.392186936433063 2.349833674645197 2.350508388646631 2.32795631962108 2.315122934354804 2.289018111761834 2.332878319055453 2.280550423500245 2.255909737570619 2.272645303287391 2.256000899684295 2.247647407231852 2.273196502792416 2.373620035632484 2.405035835041417 2.356633904673799 2.340452521380939 2.335806230774324 2.293353284796467 2.29763586702029 2.274927070400736 2.306167699178332 2.338438219536329 2.288152066845214 2.280292087087219 2.295382669202809 2.288958872217336 2.319754734020535 2.280254030432843 2.282233351142168 2.321966036721278 2.369726813791203 2.376753418186127 2.390082547535712 2.430516013058877 2.481904683601897 2.457473426176875 2.397383238392649 2.42105105817609 2.408892006831593 2.367397761519896 2.358427068131277 2.31301708918545 2.363619418756571 2.345677282974066 2.363933663660646 2.359273292291618 2.342771248235294 2.324949379773898 2.313239297203836 2.373794287361306 2.302223224083718 2.273113971648854 2.307950549209636 2.316438310084777 2.279522552202252 2.31149367494254 2.258353195589734 2.273158156165664 2.253853758180412 2.298960930162139 2.296249536899268 2.350325087714737 2.354952135297935 2.327843493691034 2.43583212129306 2.55755327778752 2.760013591263942 2.99747962444053 3.279313761220692 3.674698980918947 4.135172126618272 4.667113002120459 5.32034826182462 6.010627786090481 6.808520644812234 7.638940148608526 8.621570878436614 9.685396274140658 10.78665764636935 11.97764373146492 13.29856966080115 14.57794693882715 15.92644452238892 17.31921292584411 18.62827079274575 19.95943457973772 21.2658217653152 22.6255131014841 23.92039621442382 25.18378777313774 26.45016055868837 27.63484419188899 28.91698956293112 30.24494001079802 31.56074376201286 32.86608699080898 34.14473021526283 35.38492325341213 36.54806247263332 37.62739085042995 38.71185399078604 39.77434561834662 40.92934367475391 41.9622028336471 43.12418356010085 44.34566914585139 45.50132139151174 46.69818862167813 47.87344147975818 49.01902634161524 50.14772461117536 51.19215932692168 52.31518595330999 53.42170322864513 54.45715634224689 55.39113626005565 56.36042798380186 57.16992029019457 56.92989370322539 55.70240516118793 54.19116784541984 52.49080123871681 50.49590875895228 48.44660671788733 46.45876748895171 44.42053843343092 42.21665511738865 39.50355747706453 36.35239901870591 32.93988907240782 29.84590332401422 27.12066247453367 24.66217440015589 22.41947524967691 20.35441847902075 18.55558262680006 16.97404269584513 15.48415571198711 14.15652861166382 12.99463473443029 11.95834417705191 11.02234531322756 10.12968738684503 9.300533731300675 8.607705225436803 7.930701517212583 7.325604693622154 6.861842136178893 6.423408223341539 6.011825627909275 5.643448778901075 5.349237938833539 5.050388229188684 4.767808640321164 4.441797955390939 4.255643152635457 4.006999452467426 3.771820192036103 3.630754290948971 3.423003429848904 3.303220463356411 3.205672649997723 3.108516181535379 3.003423050249694 2.994228735209617 2.917291020097764 2.830961898929672 2.798175092648307 2.714273631085234 2.673087749517435 2.634982224531996 2.602282639374607 2.581989760961733 2.555107389980549 2.479111599946918 2.522167073428136 2.525142916223558 2.420051491943013 2.409245980641572 2.340131452849164 2.342205347722484 