# Created by Octave 3.8.2, Thu Jul 06 15:35:00 2017 BST <co1ssj@node117>
# name: result
# type: scalar struct
# ndims: 2
 1 1
# length: 3
# name: params
# type: scalar struct
# ndims: 2
 1 1
# length: 18
# name: cleanup
# type: scalar
0


# name: num_runs
# type: scalar
6


# name: dopamine
# type: scalar
0.7


# name: targetCross
# type: scalar
1


# name: targetLuminance
# type: scalar
0.3


# name: targetWidthX
# type: scalar
6


# name: targetWidthY
# type: scalar
2


# name: fixCross
# type: scalar
1


# name: fixLuminance
# type: scalar
0.2


# name: fixWidthX
# type: scalar
6


# name: fixWidthY
# type: scalar
2


# name: fixOn
# type: scalar
0


# name: targetOff
# type: scalar
1


# name: targetOn
# type: scalar
0.2


# name: fixOff
# type: scalar
0.2


# name: targetThetaX
# type: scalar
0


# name: targetThetaY
# type: scalar
-7


# name: exptnum
# type: scalar
0




# name: r_0_m7_G0_L0p3_D0p7_scsum
# type: matrix
# rows: 6
# columns: 600
 2.301807416894007 6.971555882875691 6.62430170578773 6.260054086043965 6.053239013839629 5.872054906021731 5.690681459273037 5.583162232454924 5.633949618873885 5.790051413707261 6.014622623348259 6.440812405198812 6.809005910329688 7.288281972430923 7.897435396756919 8.550949060412677 9.276666503792512 10.02734943613177 10.83150365102483 11.756767403298 12.66466723621124 13.50742661299591 14.3230201214119 15.04111991838363 15.6184965325665 15.99688845333003 16.1173799853641 15.88553410056193 15.39030558423838 14.47819891934705 13.17350838172206 12.02477045490377 10.97576320946246 10.06727776187472 9.286607446407288 8.579300011930172 7.872843669059876 7.24428835685103 6.644708920954145 6.171750754248933 5.741569983591035 5.338444050303224 4.964819197251927 4.727467705619347 4.445806471381729 4.217514317995665 3.972227122656477 3.728802490113594 3.572838689156924 3.408389057171007 3.297514029422018 3.15928934022304 3.029680592920158 3.012345902905508 2.892750459221133 2.851492254163531 2.76152740696125 2.688291991118604 2.596553942414175 2.593217994195584 2.571867970855237 2.522657160967356 2.466313430297305 2.477673123888962 2.415377340774285 2.471091052009797 2.469383696938166 2.454582685058995 2.447967388086909 2.442135353412596 2.379961609294696 2.328066428053717 2.325117706743185 2.299527038747328 2.323931611812441 2.287002937049692 2.325874055706663 2.269394603928959 2.255567360363784 2.28072956851247 2.303238418058754 2.309778752340208 2.284895257862445 2.308652902022004 2.293936746755207 2.252932205428806 2.327553788127261 2.313313423226646 2.266875528912351 2.290918036036601 2.24114094955803 2.223526731177117 2.278379068797221 2.242104775483313 2.292807514477317 2.249750027542177 2.266425830232038 2.252638090139953 2.266706038135453 2.264174134685163 2.203147098913178 2.21665184370795 2.243584833508066 2.244197489733779 2.22700318162515 2.278298338089371 2.30501456251659 2.345096200850094 2.359036725036276 2.317953116355056 2.29393541718855 2.29197144437785 2.22321355278109 2.261621850386291 2.247763995394052 2.228959920168563 2.268523427665059 2.255643647382385 2.280455370517302 2.283407292497941 2.240166497042082 2.248007726637297 2.287133065565286 2.27077045538681 2.287336443310778 2.30168798766681 2.293716964948544 2.324355683813337 2.349479478954891 2.41802379348519 2.333235012825753 2.297873791500024 2.258839750487823 2.221691886596091 2.204444954288192 2.24149691551429 2.234490283470222 2.204630957174231 2.235171558353613 2.22472918873973 2.213248393516551 2.272766224903535 2.234971884397964 2.216183339929557 2.200294102021871 2.223497745972054 2.226233433644666 2.294658274032372 2.313389272800123 2.333530786650954 2.310269704885286 2.260349705225963 2.254070140035765 2.240482708286436 2.285814779565044 2.357959096116247 2.409738706250209 2.385712106261053 2.363624409124895 2.352275383505912 2.377051504096016 2.338478170331655 2.304763731812272 2.318930112167436 2.249221722362563 2.261749156776204 2.231037462635868 2.256076957681216 2.278014639952744 2.253725243688677 2.326295396087517 2.375162957585417 2.408282476961176 2.349025331488519 2.328819716407452 2.322639424994122 2.321358987483109 2.320736809699156 2.349961087773409 2.337273295277555 2.289203888684369 2.267054101474059 2.227595489355735 2.240495429534349 2.222616491031658 2.277421259263065 2.254036127907057 2.228202396807319 2.287940115666061 2.329074984449107 2.31961378703636 2.325195265319053 2.393824350350769 2.398416599338816 2.377239168317828 2.354821918676862 2.391102955527458 2.396174153302127 2.411666682750365 2.347967823236104 2.382026303457678 2.361482112508384 2.321484325984784 2.247642374001771 2.191110791296524 2.229761586466338 2.266948271113506 2.27842743216388 2.296292073406221 2.275615571026719 2.247494176041073 2.243639481735954 2.250901474464627 2.258912155153666 2.214358386620006 2.243167307598924 2.260154112545024 2.278093998713302 2.260450517555 2.247926006588386 2.315064648180851 2.322223207309435 2.346095009874261 2.302378152511665 2.287588063249132 2.274765035854216 2.281518262389 2.346964155731257 2.346695686537714 2.3572577435516 2.356176126239006 2.339761091650871 2.307596377620939 2.36119233151112 2.318198556204152 2.369589233798251 2.326052722521126 2.333770764194924 2.296472701222228 2.298732033992565 2.324500942862869 2.271641198978614 2.267793150549551 2.278051578603481 2.297636859537306 2.273147989792051 2.303480248363485 2.290746450402366 2.292937446174619 2.288500506820128 2.294124556952738 2.300943308793649 2.302436434742049 2.294768309962819 2.294589211698622 2.266692020981282 2.211675554972317 2.218108913715696 2.216027922935609 2.251616670619114 2.250860490348714 2.244910120251006 2.254708536696853 2.251874770998256 2.241756951272691 2.198810907075313 2.222734964343545 2.232636055108742 2.234281782308244 2.252361146664043 2.220874128834112 2.214732324489887 2.186999076227949 2.27453105859604 2.341731166892714 2.414755645037985 2.563072246997763 2.737451810169659 2.918464994956594 3.191447035089368 3.518126613009372 3.994976015012071 4.540380269438174 5.038052212472394 5.72200602101293 6.477914558177872 7.279081543991197 8.148099951420591 9.141924721996475 10.23350194489103 11.36168310120047 12.6350976147769 13.96968121035388 15.20245097658335 16.5051478229143 17.71995255400088 18.93044253995686 20.21895347272948 21.56942343240371 22.93169395188306 24.23696679874411 25.38771371391522 26.48580457470598 27.49629615509912 28.57081316464428 29.74346745099319 30.89535727707698 32.10508390662289 33.38159104858642 34.61151071517816 35.79193882405889 36.96182351052994 38.02126271835732 39.05318292121228 40.07385225062899 41.14331509860858 42.10740148611512 43.0861487180191 44.0182828130055 44.87296236047405 45.82951817846697 46.78956383084005 47.71830913894064 48.6094268797533 49.48127069036855 50.36049228683078 51.28751711392033 52.2237166645973 53.0929817277829 53.94773210247513 54.84776664580022 55.7186885797737 56.517930467322 57.26514512834547 58.06709591202525 58.71846581602586 58.64692982433917 57.73790935703073 56.07506352488417 54.25461514183189 52.37442364011076 50.51616142889907 48.54885523364828 46.78243727990048 44.73800369096898 42.36352826836082 39.68164878890821 36.52634392666369 33.01958176747939 29.9269554125276 27.14715563183563 24.62827057499817 22.36731241977577 20.28101281153067 18.40113698541245 16.82070078925608 15.30321502221341 14.00867039600598 12.82473692600615 11.74736677285728 10.80970893515678 9.958392649507005 9.256110905454989 8.641508957641236 8.025039536682016 7.417930289349897 6.908207427113666 6.449625180464864 5.97974841926407 5.614432130641944 5.209843084965541 4.918469444739458 4.646924464239419 4.498614522406569 4.205091000629182 4.113081772426085 3.97006983243773 3.756554553950991 3.548168814959354 3.379397257922392 3.301503897651855 3.246223292291688 3.129887566006801 3.007862809496146 2.911030753493833 2.822833355781768 2.736017876914048 2.665447440038406 2.64253175963313 2.618130743245274 2.611433612344626 2.549301989779451 2.513829242510838 