# Created by Octave 3.8.2, Thu Jul 06 15:35:03 2017 BST <co1ssj@node117>
# name: result
# type: scalar struct
# ndims: 2
 1 1
# length: 3
# name: params
# type: scalar struct
# ndims: 2
 1 1
# length: 18
# name: cleanup
# type: scalar
0


# name: num_runs
# type: scalar
6


# name: dopamine
# type: scalar
0.7


# name: targetCross
# type: scalar
1


# name: targetLuminance
# type: scalar
0.3


# name: targetWidthX
# type: scalar
6


# name: targetWidthY
# type: scalar
2


# name: fixCross
# type: scalar
1


# name: fixLuminance
# type: scalar
0.2


# name: fixWidthX
# type: scalar
6


# name: fixWidthY
# type: scalar
2


# name: fixOn
# type: scalar
0


# name: targetOff
# type: scalar
1


# name: targetOn
# type: scalar
0.2


# name: fixOff
# type: scalar
0.2


# name: targetThetaX
# type: scalar
0


# name: targetThetaY
# type: scalar
-10


# name: exptnum
# type: scalar
0




# name: r_0_m10_G0_L0p3_D0p7_scsum
# type: matrix
# rows: 6
# columns: 600
 2.300469371984946 6.973865928943269 6.623248798023269 6.287670984020224 5.957243829325307 5.684667436424206 5.520265179104172 5.434046176447737 5.450296451430404 5.605380330445769 5.920812108954124 6.240039250038535 6.715823502130661 7.248695850208605 7.770434939187908 8.444976296899767 9.099178329168353 9.816794014135667 10.69612558713561 11.53627684594539 12.42942292351654 13.30272106034681 14.16220625010737 14.9441963023055 15.49849061503483 15.96143604730605 16.18277382316955 15.97094942786498 15.39065322324677 14.54776747148571 13.20746879412036 12.02013913819974 10.90738122695711 9.935739429834939 9.081272613024339 8.389925332237908 7.661850786338618 7.097545798300416 6.615771807919373 6.133793970249826 5.72952990437625 5.27570636721066 4.918396514229244 4.584480045628879 4.293110313999932 4.085645163748268 3.88137237054616 3.665221702191047 3.447818205611838 3.274529246740713 3.165626351736137 3.106556498423743 3.0845187085215 2.998246939452656 2.957333903759718 2.876381931590004 2.768098816144629 2.729068732551241 2.638944406051451 2.606973874979303 2.580108078755984 2.491973964544741 2.478235961905739 2.538581667868129 2.457482386012998 2.454624505211541 2.413084981450083 2.402438448494649 2.43193662037811 2.444449950824492 2.418754186535807 2.321472497776995 2.281178979803371 2.254114637988096 2.240304772109084 2.245628621774813 2.222305154671631 2.283805016151746 2.248670983011834 2.277771380744525 2.271741322510934 2.328129382487532 2.38384900228084 2.384635161670303 2.328051351876638 2.340548603951902 2.336775708725327 2.308104900221224 2.285113677738991 2.295422566759953 2.289385417014273 2.270131741497607 2.311193478844871 2.324039094099135 2.311102771869628 2.280319432436954 2.226420272207179 2.235576306480652 2.236591957873316 2.246123605946195 2.259943659046257 2.275822643838183 2.242520153668011 2.180625731751206 2.239320460077579 2.256237399698875 2.221712944728097 2.219478906499717 2.236097636028717 2.225616648660434 2.208923521291581 2.241392129039014 2.26853429156472 2.329244829390518 2.344663561178095 2.286728739338287 2.246392926601402 2.31111841931488 2.314958597296936 2.327858840984845 2.346615715610824 2.35518455753845 2.33473142107141 2.246520633314503 2.259681206880487 2.254494012529904 2.300286502293602 2.214377354823228 2.206612153468086 2.208204600756289 2.215817102092842 2.257262224367878 2.223291879239696 2.247097534042041 2.248481746017205 2.256894620455569 2.275207273225533 2.273564234146761 2.281339432352979 2.296396845586059 2.24833852906886 2.249713805562351 2.211000825736846 2.193397144612391 2.167174850777883 2.208295436401386 2.219161371423979 2.26724572125022 2.217848473414961 2.235892839729786 2.23186851421633 2.212264936317297 2.207606369207497 2.238976353561156 2.213868116676167 2.191448355944885 2.144786698023381 2.121100364071026 2.141259910389635 2.228714023229259 2.256932692806004 2.268917275821877 2.269296061022033 2.28273609522148 2.272048078739317 2.32464969362627 2.287021176611233 2.31210557812301 2.252914340791904 2.25350334806717 2.329710502806847 2.249219671539322 2.200621010109899 2.233760082690424 2.277469704164105 2.249539627548074 2.289774774952093 2.247635682339023 2.233361473983678 2.23526887315893 2.215565094807971 2.221843502637057 2.281619297171346 2.263686097656318 2.300296693108976 2.297641776116507 2.309094092634041 2.266551351822272 2.277349292959116 2.263806499762723 2.270979562285447 2.297226754541043 2.315372277022107 2.328370963183261 2.338892013671284 2.373840568510786 2.34972207674582 2.288355505559593 2.29940437075129 2.297386836566147 2.261108121696452 2.271321238025848 2.283532918369019 2.271644329288392 2.268485953543859 2.274203575723732 2.25539943887452 2.311912374610984 2.309705649990065 2.350010536138143 2.335653061738412 2.363497537342482 2.334860464849044 2.329742444258954 2.302367298399986 2.310910807155778 2.324566374874848 2.355865819406972 2.301991740394442 2.33635440969374 2.284385227085295 2.268935550782771 2.281800438686332 2.270051969120686 2.218443846209084 2.210305486547441 2.237475359022937 2.241578491550172 2.255573871032539 2.285881023031834 2.308805486936762 2.283160108876473 2.257214497461973 2.214553270966007 2.219838626901037 2.216488464036956 2.207434145824664 2.208911060297396 2.207446867949329 2.156724421271065 2.177401247259695 2.197167671161878 2.211000480783696 2.243725564843771 2.195449435006594 2.212096414354164 2.227409441858981 2.212481351642055 2.220389251579036 2.202462568595365 2.214578035283921 2.249736467929324 2.252528424385673 2.242963385870098 2.190401724845287 2.215404587284866 2.176841357599187 2.146026034464739 2.107878739461739 2.126393718084728 2.122934178318246 2.201139043245348 2.202440386696253 2.293130803212989 2.34411030029878 2.356359407353011 2.378482067710138 2.327072085030522 2.293063958393759 2.24290995488991 2.235618188969966 2.278682998541626 2.306597214967042 2.313945608224458 2.315100220574095 2.317060539000522 2.329309482112876 2.321882591539179 2.405701182113262 2.551306700064742 2.693238835774537 2.940921108826842 3.191762249058229 3.513913795060944 3.939123492986255 4.435301038822217 5.014773340073589 5.713133470504545 6.537627346984664 7.389261251759308 8.337807150484878 9.325997629253834 10.36708659280703 11.55994302848558 12.73049592065581 13.96832698632352 15.24323301257118 16.45206820424937 17.67874769385526 18.88168510596188 20.06064089100255 21.29553171897714 22.5406595243694 23.85533277700961 25.18177482073224 26.49531528419902 27.80142352580151 29.00136446137913 30.16701729981651 31.2520374664673 32.31245616980596 33.40092319432279 34.45044782705554 35.56109170457057 36.67838610392209 37.90397270075664 39.13247604006028 40.32987784997385 41.47789207182359 42.67881227285034 43.90497660467918 44.96935243679764 45.96676186779951 47.0408013327733 48.01403842830041 49.04059787618462 50.07302241401749 51.08365959711227 52.10441025978071 53.13364334059588 53.22231153760913 52.11641490216061 50.60041512548196 48.98491576115339 47.35516549355452 45.35655299257633 43.3215810989459 41.32740796559665 39.29128222906911 36.63498318376332 33.72544902684604 30.59580095246565 27.74779732006027 25.18918348641682 22.9333108664141 20.89534552286932 19.03934413994284 17.32520521200786 15.77749258565746 14.42760531899148 13.16095173760186 12.03286519520771 11.04672659031712 10.18563305782936 9.359054169235606 8.65584389482683 7.988050972788187 7.466193057385681 6.959299841757456 6.43140899903301 6.036429639854759 5.651916066170088 5.303414970036101 4.962277913229627 4.686453472048015 4.388140719034709 4.251570010845171 4.03265048906178 3.837048182285798 3.707844361157186 3.576189929073735 3.457766033243388 3.327283118092964 3.240293576411204 3.110920453185827 3.030548015158274 2.890018299944131 2.835380485841597 2.797999523292674 2.820209739955317 2.803655194475141 2.783217048450751 2.764092283432547 2.710313632300313 2.687804209290334 2.647790468545281 2.582521474942041 2.579579738594475 2.545849633141188 2.496994261699001 2.478106185459183 2.449108164481004 