# Created by Octave 3.8.2, Wed Jul 05 13:25:21 2017 BST <co1ssj@node117>
# name: result
# type: scalar struct
# ndims: 2
 1 1
# length: 3
# name: params
# type: scalar struct
# ndims: 2
 1 1
# length: 18
# name: cleanup
# type: scalar
0


# name: num_runs
# type: scalar
6


# name: dopamine
# type: scalar
0.7


# name: targetCross
# type: scalar
1


# name: targetLuminance
# type: scalar
0.3


# name: targetWidthX
# type: scalar
6


# name: targetWidthY
# type: scalar
2


# name: fixCross
# type: scalar
1


# name: fixLuminance
# type: scalar
0.2


# name: fixWidthX
# type: scalar
6


# name: fixWidthY
# type: scalar
2


# name: fixOn
# type: scalar
0


# name: targetOff
# type: scalar
1


# name: targetOn
# type: scalar
0.2


# name: fixOff
# type: scalar
0.2


# name: targetThetaX
# type: scalar
0


# name: targetThetaY
# type: scalar
-12


# name: exptnum
# type: scalar
0




# name: r_0_m12_G0_L0p3_D0p7_scsum
# type: matrix
# rows: 6
# columns: 600
 2.312147998163709 5.86129266316857 5.653929319334566 5.40275879764522 5.215490711649181 5.068448420101049 5.061533545245766 5.178880568188106 5.425925699096297 5.831387933052611 6.491406117261249 7.404810863100465 8.431468835795386 9.677570340832972 10.98437861650018 12.47610924802939 14.05136360469623 15.78714369318914 17.61957454828189 19.66493114230252 21.68778714415384 23.8360978310302 25.88555943465326 27.89541029338579 29.611597340976 31.14579696844157 32.30542209910709 32.98520919758448 33.04867160808863 32.52817127983872 31.37774335698123 29.47265642656566 26.96917753407251 24.39841595753387 22.11638563096858 20.00999325836892 18.16316457393259 16.45229659937468 14.9756993209885 13.6613339115429 12.37771641225845 11.31469301634934 10.37174454610795 9.488314304999221 8.69800591981766 7.995613963823416 7.321294494176982 6.817728228430497 6.297000471531646 5.878251509875554 5.558856437375653 5.177591859737731 4.828551837730629 4.493852423209319 4.23318696453498 3.972280273661454 3.788231146332691 3.546285615237139 3.392270502723477 3.216117366995604 3.106252526897151 3.007499474104407 2.959767130829277 2.848726017789886 2.827064610366506 2.788936564154938 2.777992229850497 2.753210251077689 2.656528118222923 2.623510165492917 2.631333477338558 2.573481635823555 2.574297406586993 2.517521736648632 2.496605937070854 2.45057746830571 2.410016047979298 2.392118460149504 2.37646323257286 2.358208452960753 2.346366033423692 2.282021996339608 2.291077683828917 2.328900930653617 2.290414496499579 2.342011369531974 2.328646987500179 2.310975170257734 2.341481436713366 2.319743199903314 2.340369657984411 2.340953884191549 2.300871500392532 2.260243381213513 2.234945283633351 2.250493534957059 2.288814972051114 2.269894295310223 2.21650292949198 2.216389541441458 2.173893245515501 2.218349393686367 2.231400241527808 2.216318479338952 2.23964509601501 2.299352085938153 2.309190299500187 2.276365708496087 2.290803103864164 2.249088417653184 2.275068503655348 2.266288487240672 2.280865018517943 2.237172394699883 2.262444374322513 2.255579154858424 2.210937546602509 2.256770893567591 2.26315851628533 2.273760727075569 2.264143039392366 2.226184855886459 2.296269715312519 2.313973716394685 2.301087265048409 2.273364421955193 2.260080295549415 2.286282888293499 2.288326188438077 2.271628184516885 2.254422865255037 2.255399664460128 2.243404052307596 2.288187097277842 2.225468477383401 2.254248082628692 2.226188564767654 2.156430229464604 2.172133611886238 2.179780907734312 2.211053060054837 2.242772586550927 2.269223582625273 2.237330168616609 2.225446299420582 2.214164991721191 2.218554430401127 2.188479216849373 2.213309611604927 2.212751978513552 2.190001266722902 2.211260799696902 2.216048007576319 2.172387185743446 2.259713660954731 2.266064795621787 2.27199945684697 2.201910883210076 2.216250226119882 2.255103564995807 2.272081364757469 2.273197517752124 2.264833258843282 2.283713021257427 2.347900333203143 2.348257165467658 2.351948182513297 2.339302306398167 2.363239135949698 2.342896449386899 2.308104868414375 2.355963009380503 2.290944259088064 2.267885489265609 2.241178885109548 2.189446158874489 2.177080219467825 2.186875320392573 2.174557744128833 2.245749675632396 2.187201025401919 2.16772084654076 2.184387768153101 2.199621651056077 2.259371074469527 2.302565248523024 2.313707624998642 2.27390111719069 2.315017975619412 2.338424794503339 2.319994676130591 2.322930481215735 2.317532248252974 2.322893433578429 2.348918035568204 2.323026631589528 2.315245681878878 2.263604661391582 2.252222325863841 2.296398039012274 2.281348653152236 2.302117477993306 2.31669012482962 2.303569167000433 2.280790723732935 2.281510911318037 2.283636695061432 2.286924565683876 2.331628566709696 2.25692230385539 2.249287971069862 2.26920423424599 2.309860871529963 2.251469044142141 2.255386169919802 2.289266282838071 2.28802809289482 2.290685834770557 2.312599460125057 2.321157752336148 2.335970865024137 2.314132904808503 2.389525301379763 2.386273395813987 2.41910252920934 2.362677377401269 2.358146818063688 2.358262636502332 2.340733248043762 2.324939322599676 2.341933067653372 2.385199677519267 2.350628817985125 2.344195044614025 2.357386830546602 2.357608503927622 2.34554140189357 2.330437015312782 2.287813726808963 2.29386467580116 2.354677715102298 2.325658903566364 2.364483806233693 2.353539856518182 2.357526672834865 2.395838646305492 2.3478481513921 2.298090741103806 2.307120133665194 2.30519335653662 2.325680273403123 2.361543918221287 2.345448191328614 2.284718866510957 2.238700061583586 2.203136097610695 2.235082636423613 2.226475679743089 2.236574758500865 2.251526200205262 2.268898222049756 2.269541449742974 2.298290943115717 2.309721122050178 2.339728315197135 2.355723816737736 2.304783455118013 2.240065814126865 2.226496850977128 2.286880514004224 2.28053414430542 2.294921402688487 2.280647731109639 2.275658923796072 2.261878812452778 2.268474534110283 2.324533946910378 2.352462414677575 2.393268869855092 2.36698869112297 2.419586896507099 2.386753854010749 2.402647492504911 2.396054917902802 2.413956454285653 2.462131758376927 2.486555435677474 2.410285877987917 2.387493795627961 2.347866183186852 2.396970928639348 2.446717610495398 2.417283327347832 2.343292606325122 2.356274676174507 2.337504361654283 2.324761025891348 2.342644944272251 2.356096028859611 2.372645654824737 2.348232523087063 2.3458022347113 2.347644575091181 2.391660313613102 2.367916452742065 2.353201857518798 2.377790731596178 2.386699525552103 2.409602750714839 2.521585992653854 2.599533039830931 2.779163659728511 3.013039039538853 3.275780702882912 3.608348552303141 4.053876662910625 4.499873650283917 5.097006118288846 5.791379061287444 6.557708204996743 7.410633415984194 8.539186835098008 9.752640305930981 10.94088373205523 12.10808920083218 13.28465283036348 14.47613530677336 15.67049547138959 16.78941381477489 18.045770535673 19.21601727555753 20.27804541667911 21.30829768097465 22.32290071738316 23.39269680425059 24.53810871656606 25.73999405102222 26.92509922047248 27.93177613262378 28.93742663215198 29.95929342082309 31.07413902928238 31.99884425679193 32.89994465669042 33.78130169618089 34.7599561466086 35.79114126563945 36.8724608591524 37.88784803322778 38.87894167790728 39.874908882819 40.90851518876298 42.05944936984088 43.13443482480943 44.19027757470758 45.2298258985029 46.29503820748505 46.26738723342714 45.34060275521188 44.34041697403154 43.22531905719734 42.09363055183712 41.03266027494192 39.83483642464125 38.64774262100582 37.38857731236567 36.20925313351108 34.91380331369146 33.35485985834475 31.3936841772047 28.73911811815196 26.05383427947527 23.72025154015137 21.56218225380871 19.62001901591429 17.91089298969382 16.30768489922048 14.91282174577282 13.6411024746285 12.55441300477833 11.45532381094745 10.56904471859525 9.750201609262149 8.974545713346743 8.285141399210261 7.690334706585418 7.135468756077898 6.627224116451544 6.202983598697756 5.788920090744796 5.433322705604951 5.10342856508214 