# Created by Octave 3.8.2, Wed Jul 05 13:25:43 2017 BST <co1ssj@node117>
# name: result
# type: scalar struct
# ndims: 2
 1 1
# length: 3
# name: params
# type: scalar struct
# ndims: 2
 1 1
# length: 18
# name: cleanup
# type: scalar
0


# name: num_runs
# type: scalar
6


# name: dopamine
# type: scalar
0.7


# name: targetCross
# type: scalar
1


# name: targetLuminance
# type: scalar
0.3


# name: targetWidthX
# type: scalar
6


# name: targetWidthY
# type: scalar
2


# name: fixCross
# type: scalar
1


# name: fixLuminance
# type: scalar
0.2


# name: fixWidthX
# type: scalar
6


# name: fixWidthY
# type: scalar
2


# name: fixOn
# type: scalar
0


# name: targetOff
# type: scalar
1


# name: targetOn
# type: scalar
0.2


# name: fixOff
# type: scalar
0.2


# name: targetThetaX
# type: scalar
0


# name: targetThetaY
# type: scalar
-16


# name: exptnum
# type: scalar
0




# name: r_0_m16_G0_L0p3_D0p7_scsum
# type: matrix
# rows: 6
# columns: 600
 2.341480623603275 5.932844996161293 5.746059380362567 5.456423188832559 5.289382380011375 5.203637074700964 5.13787507719826 5.354535556794872 5.675682535455053 6.145746445028635 6.73464720431366 7.559727909800131 8.586603684398142 9.721735572587932 11.00942556271912 12.47854637146156 14.08465597415852 15.85793670784187 17.77859795072436 19.75275832981424 21.84507785232563 24.03979729730054 26.12344499160827 28.12115943434037 29.88234849485525 31.4626883246674 32.55447294772603 33.16040893387253 33.348396181711 32.77248554214748 31.62254953141382 29.79036052602169 27.17838849435429 24.58614820850198 22.2721267582674 20.13663778078626 18.25256822287702 16.66251315991394 15.16610898340878 13.76161030914227 12.50401265684923 11.42786380934922 10.45150773094065 9.545602343147038 8.745445267748437 7.982554691239784 7.31664263368657 6.772159600976011 6.206461247362313 5.746459429405149 5.339678127740626 5.009966248588171 4.692302863779332 4.346155760300462 4.077742242137901 3.855369234319369 3.620503096353787 3.444814449278056 3.275401579972822 3.098283752449788 2.995570343027794 2.956388772781793 2.839591123789432 2.755734172013035 2.748793993283471 2.66554679422552 2.644479487753415 2.619982552219881 2.574695470495499 2.578985115804244 2.529035207573543 2.491400766097286 2.491209678309133 2.449350192375277 2.429830819419294 2.420037274077913 2.424020983300579 2.401025595328974 2.415873589485273 2.418836650875164 2.424294899894448 2.393662772512471 2.393188709495007 2.382199569135992 2.373603713163902 2.332993914787949 2.32130938199407 2.302966451447901 2.315497361498274 2.355907546283561 2.301247611114377 2.284286250811419 2.342471847459819 2.346354274122859 2.365194862482895 2.3628859597884 2.352233674981107 2.355856674701499 2.388029426951107 2.336013797663327 2.335052283851837 2.356787136526691 2.320938120212304 2.287193557920546 2.306278089505213 2.304391978290369 2.341042332975121 2.348147732125653 2.330422437167726 2.337157660676894 2.357630372411222 2.310727744392352 2.335423904707568 2.289864512895292 2.284947427746374 2.298402315827843 2.305240072302695 2.342694583809134 2.302373473108673 2.314492193567276 2.2844907652252 2.276723838520411 2.272068622434745 2.258419098944614 2.309833305418579 2.327214466269652 2.354739979644364 2.310097003512055 2.258156836627677 2.23269579938642 2.24351226361614 2.263925373586972 2.268883656004618 2.23996920085483 2.290027685936366 2.310848940673168 2.282595346288872 2.305934974190677 2.334092565271931 2.311461326688004 2.290627173169923 2.333432196079229 2.34369863953907 2.322064308180416 2.382452332065441 2.356188449979527 2.268755915782094 2.276246823587826 2.309580050685327 2.358714750596846 2.342970080761006 2.383123771671308 2.307602465880336 2.357420299464138 2.309404335697764 2.39633237340604 2.369777346570118 2.33129164869024 2.300858635349869 2.318389054918953 2.305968096628931 2.312394472555752 2.250853787132655 2.182365599255718 2.176050005473371 2.239706086504157 2.234270177883445 2.231618110916315 2.200785761306179 2.190061059169238 2.256475836076788 2.228208255266509 2.246344780160143 2.274417252880085 2.296827528651193 2.256482140939625 2.295257566922373 2.275723201666551 2.315713680898625 2.347661991349014 2.394432053915807 2.46594676431414 2.43461279803887 2.426414013330486 2.398190404455818 2.314654481775506 2.306301208380319 2.321067328513891 2.269272978563095 2.294851729791844 2.277449853543658 2.228705124955013 2.246543203964393 2.229247586932615 2.274122742717736 2.249874075234402 2.214633120900544 2.275269647994719 2.284758973698331 2.274274761628476 2.259276233573473 2.322972306345036 2.290717729949392 2.297081051066925 2.313286455682828 2.293639490861096 2.284792739512341 2.374702264445659 2.366643807887158 2.331865259351616 2.30389224942337 2.311388052243274 2.344045905818348 2.350235404028354 2.362003927497426 2.325637755522621 2.324427022907912 2.33467169078358 2.292406142332766 2.291180931713825 2.350226013992142 2.371176326891145 2.390941989477142 2.341795492427991 2.280108435836155 2.25375095315394 2.23459598367117 2.247403915302129 2.239468674702948 2.321660681511275 2.322362793747743 2.280032501810638 2.252252144280646 2.233918373636698 2.222448834956595 2.211612415987474 2.285815572664433 2.320554719059146 2.322626350360224 2.320079408491438 2.291058796967263 2.308049048892826 2.230682782803342 2.196508463894133 2.168213801618549 2.168735307554016 2.221568093482347 2.216585773145198 2.181455238933268 2.209769787114055 2.233774417723907 2.214825081580784 2.2417315227176 2.250251910340012 2.26937246977468 2.209374207723158 2.200656150518626 2.194314553305048 2.23180056709316 2.231002177344635 2.25607394848339 2.27437737693981 2.308738287962115 2.319729961047415 2.311149614881288 2.327516064851807 2.315111628297018 2.279540663943408 2.282516597235372 2.325940367147268 2.312056510494585 2.267188423758853 2.260480617951544 2.262851499215685 2.197906522207631 2.168471431697981 2.155480386980344 2.18086597401998 2.226836017674941 2.222010407509515 2.219685290205234 2.219059109655063 2.227605498981575 2.228454243464512 2.172348336061987 2.158300776332908 2.133916189952288 2.184997109696269 2.180825276314863 2.240117145003751 2.222983507946992 2.202936094075994 2.23238141332331 2.286653851086157 2.32121477858891 2.293994540883432 2.212215595418456 2.235007225332083 2.155255805999332 2.127401282397841 2.148823691084544 2.159870064097049 2.154735378087935 2.136599498091527 2.14004375719378 2.157744360592915 2.177741486135346 2.190866014323547 2.176549391771914 2.135381073811004 2.182235546944867 2.199900969317241 2.233023561107984 2.191725006805427 2.232669364071626 2.241168274555093 2.284375720038952 2.293825662658492 2.358325986358977 2.436485022946727 2.503807075616351 2.611408861739619 2.771772356391011 3.056150949269067 3.332713255396811 3.571247654021136 3.846465632213949 4.304311869847879 4.745396811107639 5.246917289839985 5.930162128708616 6.611630505656649 7.477872029619903 8.513101740161801 9.621537432132754 10.64142345347136 11.71576203470613 12.6200003071026 13.73959453991847 14.76001098076085 15.79871635320342 16.66309011203703 17.63402193328147 18.48366000224541 19.38700027498635 20.43441102487122 21.17482069168182 21.92808199679348 22.68363568756467 23.54951907476425 24.39583453752857 25.3846863175786 26.39316746848999 27.23111284955667 28.10590274764036 29.11535636276585 29.96720143548737 30.78356654450181 31.60053211785089 32.40175391367666 33.12232008599676 33.75896633505909 34.4127106324886 35.07655821866138 35.20572933556832 34.53110593680685 33.82355839716183 33.04124642371244 32.26432903446766 31.27060171806806 30.32635704393761 29.22643451742806 27.93172678502378 26.75694337471214 25.69274905127168 24.35070011450443 22.77244278903163 20.79348839506565 18.92538926641464 17.27198144179783 15.8175373025515 14.49709223642276 13.25553866462724 12.16196685008981 11.19639978052146 10.23888401129261 9.423060852910567 8.701811994513264 8.043159337190446 7.490659418166615 6.953146693525014 6.456868510606 6.056717100320384 