# Created by Octave 3.8.2, Wed Jul 05 13:25:18 2017 BST <co1ssj@node117>
# name: result
# type: scalar struct
# ndims: 2
 1 1
# length: 3
# name: params
# type: scalar struct
# ndims: 2
 1 1
# length: 18
# name: cleanup
# type: scalar
0


# name: num_runs
# type: scalar
6


# name: dopamine
# type: scalar
0.7


# name: targetCross
# type: scalar
1


# name: targetLuminance
# type: scalar
0.3


# name: targetWidthX
# type: scalar
6


# name: targetWidthY
# type: scalar
2


# name: fixCross
# type: scalar
1


# name: fixLuminance
# type: scalar
0.2


# name: fixWidthX
# type: scalar
6


# name: fixWidthY
# type: scalar
2


# name: fixOn
# type: scalar
0


# name: targetOff
# type: scalar
1


# name: targetOn
# type: scalar
0.2


# name: fixOff
# type: scalar
0.2


# name: targetThetaX
# type: scalar
0


# name: targetThetaY
# type: scalar
-9


# name: exptnum
# type: scalar
0




# name: r_0_m9_G0_L0p3_D0p7_scsum
# type: matrix
# rows: 6
# columns: 600
 2.263670888256456 5.802726012079802 5.5509367830673 5.344239795849717 5.175932406455104 5.081337772557163 5.116510305349948 5.298868566966121 5.512662860724959 5.967130611959874 6.636006542288669 7.42236852003407 8.435926838479645 9.620918930046173 10.99276613917027 12.47977741138311 14.12059714917268 15.85753182838198 17.77241315488573 19.81032951254019 21.94038531295155 24.10175505667576 26.26602380667828 28.29518346869008 30.15122054425592 31.65663241765287 32.89352001978114 33.40119719544055 33.51457586083416 32.99863107530291 31.74411633443015 29.759524065812 27.14227810480679 24.58830927599774 22.27803009079071 20.19770452986268 18.33008143960524 16.67757372157212 15.18936871464393 13.77360200502881 12.52856384287588 11.38440104563779 10.40866180544253 9.550262558645045 8.81190049331417 8.133234254244599 7.487132428133918 6.853274023975246 6.373540804088407 5.887769975648553 5.445610591421428 5.086274907811458 4.720886021135811 4.454939314244257 4.205855021595198 3.995382557473931 3.772242238079343 3.571047584035114 3.41904683058965 3.343344907400024 3.247047338843913 3.133042919063882 3.122649166696647 3.02305015262391 2.954506827747537 2.903979645281652 2.791517793248204 2.748181504923195 2.681769007198454 2.619325406103599 2.568887007440935 2.544621099281358 2.4791224489054 2.466973709626473 2.440185857172764 2.455160631403487 2.491454124159645 2.456999570878907 2.400008215743583 2.381212495263753 2.369801261549583 2.358699961590901 2.340459114955593 2.257237192243338 2.275510998337268 2.29507098050999 2.313758122414583 2.3366181673955 2.341333721822593 2.288231719488977 2.293418148929049 2.27275427118002 2.227118236378374 2.237372142704771 2.277537352306354 2.32537232915638 2.305305006957497 2.280728406571143 2.340161076408549 2.399019765343837 2.370494147206045 2.275981055528973 2.272335581441439 2.298702205884183 2.320782100785436 2.313727710283274 2.414023264431307 2.383853113424266 2.348120077505882 2.303599159698933 2.267419770309061 2.283982443575951 2.293672106887243 2.290627819267684 2.282776529734292 2.264605668839067 2.322916540062579 2.3064959443509 2.290431740308122 2.278169119912491 2.314354188194557 2.314652067783754 2.271758042079455 2.281094444762857 2.303120412507269 2.226956236369006 2.202560184588947 2.186228006932652 2.266669269163685 2.280203334661564 2.195362112979637 2.232345314994745 2.171415968416113 2.140419589140947 2.161576806935045 2.203273829263708 2.198843277612468 2.259722387690999 2.290450863562 2.282098527022754 2.249236510624542 2.218057407968445 2.183391695307364 2.203576789426734 2.223156744759763 2.23348982079915 2.249792057853483 2.314801759297552 2.275503623577606 2.30426376187097 2.320216704551058 2.276720057408966 2.217917313577345 2.260092771672134 2.27816621889724 2.290430293352983 2.312918095798523 2.314837091182198 2.302164816755976 2.331241677358776 2.334191445130273 2.338247422540007 2.356402763843107 2.327190706539113 2.259469170370721 2.235803542967915 2.241353844467085 2.237905217567459 2.277803479642898 2.244185833442316 2.216161147596722 2.24745302138399 2.218048658745829 2.200962283932313 2.140882841093116 2.206217427341471 2.18231963375365 2.216751661406306 2.173918152522674 2.187510449355614 2.219784360928315 2.241840024165867 2.188220691758033 2.270735015576065 2.270878380622889 2.282934229100647 2.309373500955189 2.282017950841691 2.336277595033607 2.288607545680861 2.330977312049072 2.335488504078967 2.261112977390439 2.256024115573382 2.244226867907855 2.237186742841004 2.2297152718711 2.211527354338614 2.202876914147055 2.220812878455035 2.243548742917483 2.216447215309017 2.244624202998239 2.263500785031738 2.231515691757522 2.193656883522635 2.21605882438962 2.232495348242082 2.24143395808278 2.278441175350963 2.27063030856516 2.245961033320782 2.227227870243951 2.174070784072683 2.24121747839672 2.294238407843295 2.264331608879729 2.278196462211781 2.275526095523674 2.291444642236456 2.300254714824405 2.298216733433947 2.234776886285545 2.213569677332998 2.223012859989467 2.237108027415161 2.192380457971012 2.212594784883549 2.248085447143239 2.254727311868919 2.301329737607375 2.257486191352655 2.32774604392398 2.369103483884828 2.338271805179829 2.337999136798317 2.382268624372955 2.368416360281117 2.256043323821359 2.3065793872629 2.271008253226682 2.278199868549564 2.288591909695242 2.331798806779261 2.320120478681929 2.329042663855944 2.328389626338321 2.329800675788647 2.312106235738611 2.269355582606295 2.260325217124773 2.326683070125 2.292984188781702 2.383624708647403 2.393258980948303 2.376583777277119 2.381207033507962 2.393698613654124 2.381574683020517 2.386123753465654 2.398087319597835 2.365885497289128 2.325702594853283 2.324667079257779 2.379701712554379 2.349931012460729 2.33029222309051 2.339560720291047 2.319282350952562 2.337816564311652 2.309277592397848 2.311646766397644 2.331927000152064 2.283730335746441 2.343996684241574 2.331610667868517 2.370259085713769 2.341860922162596 2.303239070140989 2.365052846893377 2.303768967722135 2.31057651068113 2.303579446237563 2.247434549371974 2.31005166147952 2.321690563534503 2.332024676677975 2.340036775232875 2.328458576141202 2.326441765864729 2.347538619294937 2.255392218816269 2.26954700434726 2.272201802097698 2.26013381662051 2.273529690859505 2.236402872906183 2.250890949452696 2.246301956547541 2.300651195466344 2.298664339421521 2.308549092700559 2.28382149990648 2.422812134143896 2.584447724368147 2.725038189797488 2.897258849938225 3.241484313046385 3.683675075937572 4.20039138831271 4.752956819727842 5.490201499560499 6.366576422733488 7.374613972417137 8.562259246158646 9.980725860674283 11.43925596256668 12.85448525122411 14.33781706485388 15.76062163336428 17.15458745424257 18.62515981974138 20.15428371531743 21.58061539644405 22.91463592096989 24.15353227208107 25.4582663586225 26.87814168218756 28.08097103535329 29.3747578398179 30.61037836375544 31.83169599031135 33.05169953788572 34.24094841320039 35.47687278695958 36.80751048584534 38.13008765052018 39.40144949389651 40.57331173350758 41.84090068127989 43.29103736604884 44.62161818689856 45.90125770369923 46.94300958091117 47.85148631215998 48.76950584301449 49.79271256437642 50.89376845162042 51.88558655168163 53.02445521761001 54.23430356548124 55.42222393950215 56.48089266951865 57.55952166862699 58.64191159514667 59.27408605540404 58.89670308390487 57.84800813466609 56.8189088351246 55.69944990045769 54.58188544835957 53.47714260382054 52.27461258860421 51.09031414190031 49.59918869999819 47.91498104625498 46.21469993067149 44.31448236239521 42.01124233428345 38.48420338475989 34.86815786254374 31.6349285194774 28.66884927199135 26.07459669034506 23.67020616705486 21.52656229894455 19.59184536790053 17.80872185672706 16.21475265666959 14.79168591352573 13.59630523144006 12.42082240172022 11.47236215449857 10.53558710824291 9.69268715409271 8.84103211198817 8.135505473484955 7.556133754616894 7.033775955867895 6.535134276189638 6.087747012496038 5.701304175039695 5.368144969273999 