# Created by Octave 3.8.2, Wed Jul 05 13:24:35 2017 BST <co1ssj@node117>
# name: result
# type: scalar struct
# ndims: 2
 1 1
# length: 3
# name: params
# type: scalar struct
# ndims: 2
 1 1
# length: 18
# name: cleanup
# type: scalar
0


# name: num_runs
# type: scalar
6


# name: dopamine
# type: scalar
0.7


# name: targetCross
# type: scalar
1


# name: targetLuminance
# type: scalar
0.3


# name: targetWidthX
# type: scalar
6


# name: targetWidthY
# type: scalar
2


# name: fixCross
# type: scalar
1


# name: fixLuminance
# type: scalar
0.2


# name: fixWidthX
# type: scalar
6


# name: fixWidthY
# type: scalar
2


# name: fixOn
# type: scalar
0


# name: targetOff
# type: scalar
1


# name: targetOn
# type: scalar
0.2


# name: fixOff
# type: scalar
0.2


# name: targetThetaX
# type: scalar
0


# name: targetThetaY
# type: scalar
-14


# name: exptnum
# type: scalar
0




# name: r_0_m14_G0_L0p3_D0p7_scsum
# type: matrix
# rows: 6
# columns: 600
 2.302743507156265 5.880076355024357 5.678465820350539 5.461420013336465 5.325259767700118 5.198135570481099 5.152555757176742 5.228826748712891 5.491020461740845 5.921894735372916 6.565739338795538 7.431577148679935 8.49874444850866 9.69436004027375 11.05604883619526 12.56251446387068 14.19897178687097 15.93831983910059 17.88278465604526 19.91897238857928 22.1017547710544 24.26745271737309 26.3073044345947 28.25224858194997 30.05559682822786 31.59114651131677 32.72662884637975 33.38386991173866 33.49761898511497 32.92753377294866 31.74834129580086 29.8437166758049 27.22558029703941 24.64382274069067 22.24283190401184 20.11612148107815 18.25305136638781 16.52806102683826 15.0915213157059 13.67312939971453 12.4716530675214 11.3305513186242 10.40893869868887 9.541649092119769 8.746414744156937 8.03989446356718 7.315602745693468 6.759272200455598 6.279989866956385 5.864389219692384 5.381488293438451 5.007705994830758 4.66970728537126 4.346857276937953 4.138176785345422 3.911810050158238 3.696749317907233 3.532103311510582 3.412064725649543 3.212433807573689 3.134893209593429 3.040307154034963 2.94755070287647 2.882684881242312 2.829300515477826 2.768553278387117 2.732644067997171 2.681677980661334 2.592403146321885 2.554555388640438 2.575112581769645 2.514933123205992 2.48459396898761 2.550329952613538 2.496288511065359 2.451604817022599 2.451709759345249 2.427255201433582 2.44090695950581 2.427303034784927 2.459612080911029 2.396280881504936 2.394273304766102 2.385739532860498 2.346055156638613 2.320919678764767 2.241621414334077 2.213601592680789 2.262121925996325 2.309252764694975 2.324195414545102 2.349873388349806 2.295679005335842 2.23368949556243 2.245326483673125 2.26811139806523 2.276324667560402 2.258347113951459 2.278798136780097 2.236797250247037 2.255922370892222 2.252587480325019 2.267624239862926 2.324328527072794 2.285745507571846 2.280592356270063 2.228201335092308 2.233595236164547 2.173845328448806 2.202601923778275 2.243600237110513 2.28398100737104 2.223915480433789 2.263081329467241 2.322475659948395 2.288332334002916 2.294138446075522 2.282007235186029 2.322190348051663 2.271680464091332 2.274365552428208 2.284434382137988 2.282859497594472 2.29752112375354 2.307969743291324 2.262597278291651 2.244526909917113 2.229678084840998 2.244657698489391 2.284500665122323 2.296477458145091 2.324056353048945 2.292616130209353 2.232790046449736 2.178331683055148 2.247331999227754 2.227998209707948 2.235252037498867 2.24986403413277 2.232303233489802 2.266052708837378 2.212605745509791 2.255312814144418 2.258269254631159 2.275184026271745 2.27138657289106 2.295035041199299 2.279156922049879 2.241488809639122 2.263536048256356 2.291427055817621 2.298987686277542 2.274480643132847 2.31729729106155 2.313941245443857 2.316215784829183 2.351202768848452 2.350222568111349 2.338081626392523 2.294073560489778 2.285043100576331 2.298257456019201 2.292924511959427 2.354440616216834 2.321644626033958 2.283024316740921 2.291225887896871 2.232579363131663 2.248937947108061 2.212632890419627 2.238857408297918 2.232956377622031 2.310613543919317 2.262242900644196 2.262087185757991 2.242645769409137 2.321633025807387 2.346392413110152 2.304648199969961 2.260152467901207 2.240353089824566 2.239252585050053 2.290987049678733 2.309338411410863 2.31387908097895 2.275393736439582 2.31229708218234 2.340936546839657 2.30922919828663 2.285040925780777 2.350048682499619 2.359734879179086 2.318393536479562 2.302826178034593 2.279482573096175 2.323834858023474 2.309835494364961 2.302519909157127 2.313512509721477 2.276442258800671 2.292992887028959 2.282285217988374 2.255805313552628 2.277744129918574 2.299948426352785 2.263075418049993 2.262681396608968 2.239089608105132 2.260014561788012 2.258054670437559 2.272896960399521 2.284908213862764 2.295442836570146 2.299093499477749 2.333992995223525 2.330961288553226 2.338683392292296 2.296672692144057 2.298453324583534 2.304554834314331 2.301765946553132 2.283947327108763 2.356550378972315 2.374376794610725 2.303987415456504 2.32234905259611 2.346412707483978 2.329035564904189 2.287576361497486 2.313803748271312 2.330984690870537 2.269709477055585 2.281026075059344 2.283008338599757 2.299181670146936 2.325716843079135 2.336499007753446 2.285284311727082 2.259767539395398 2.263529929532524 2.253799323094427 2.25597912309604 2.257370203325991 2.295224148700072 2.311103166270186 2.31930418167758 2.279383517028691 2.273174043613835 2.300327142693277 2.289533131370263 2.309876128667383 2.316802266133891 2.382461817338481 2.380456353392219 2.373923944560374 2.307560649162042 2.296618235362985 2.29347233469889 2.289406232404872 2.282901633303482 2.177534339596605 2.236644379954669 2.225360162763536 2.209093126090011 2.262657020339248 2.266173835389054 2.26505688502948 2.262427836416464 2.294658074490144 2.312434147723252 2.328652828531631 2.233416372670035 2.212817473468021 2.236793240073894 2.161702218800201 2.210622053076804 2.212398211017899 2.222244770997349 2.260113797878148 2.258699939793587 2.237152012909064 2.257538191770436 2.249523710488575 2.288526848449692 2.301761644044745 2.305480604947661 2.306584149308037 2.299396708443965 2.302595975275835 2.314662302098441 2.311266227738088 2.350448390337988 2.326619620165729 2.326200001014513 2.341892960837868 2.298273727279593 2.316582705345354 2.324477541977103 2.308196511417918 2.37654678610852 2.305218122870428 2.331568499710556 2.292326721970312 2.283258097431826 2.332045822771761 2.347384760687419 2.387549409946587 2.375158574541274 2.328857575397706 2.313575548812878 2.299018422518202 2.284696383083428 2.261473501930595 2.277919174441195 2.330040111650305 2.339891999203246 2.325769554860017 2.373497491098533 2.461509326538362 2.617801069674897 2.780930800647184 3.064204349790089 3.340930800177375 3.691374990034092 4.123540809938277 4.629030794905702 5.264947962408769 5.949180739378789 6.741916438641056 7.677624062380346 8.779494590864488 9.886482656115277 11.03522981132483 12.16085827169081 13.36583525783317 14.36414207003327 15.31291807474918 16.34831223874789 17.42469284023719 18.45724669195624 19.40412588181789 20.49363648211875 21.68524753207021 22.73481285150046 23.7811386965459 24.91061400425497 25.89240508235525 26.91076901540509 27.69773543468182 28.50832541952695 29.26483088860823 30.03467551979338 30.91107043182274 31.82215405940951 32.75824756226939 33.61266840141616 34.59490122700663 35.56647688738303 36.49004523032636 37.43614564032032 38.3601589416794 39.42286719262847 40.42329300474012 40.49154661303692 39.6342153753867 38.58533986704424 37.63309689896596 36.66386469111603 35.61359884254489 34.5986941694573 33.4784456764537 32.36713460043757 31.22229459355185 29.9133326572919 28.28783341788949 26.42200376304754 24.10822149779415 21.92670336410083 19.97995790724599 18.18496397481795 16.63388006107562 15.20239252903411 13.97518463572851 12.74919993626099 11.70688670122036 10.81319706879003 9.925444402389985 9.147010706274159 8.396226388038485 7.842321915279172 7.277611670418992 6.798964155334033 