# Created by Octave 3.8.2, Wed Jul 05 13:25:12 2017 BST <co1ssj@node117>
# name: result
# type: scalar struct
# ndims: 2
 1 1
# length: 3
# name: params
# type: scalar struct
# ndims: 2
 1 1
# length: 18
# name: cleanup
# type: scalar
0


# name: num_runs
# type: scalar
6


# name: dopamine
# type: scalar
0.7


# name: targetCross
# type: scalar
1


# name: targetLuminance
# type: scalar
0.3


# name: targetWidthX
# type: scalar
6


# name: targetWidthY
# type: scalar
2


# name: fixCross
# type: scalar
1


# name: fixLuminance
# type: scalar
0.2


# name: fixWidthX
# type: scalar
6


# name: fixWidthY
# type: scalar
2


# name: fixOn
# type: scalar
0


# name: targetOff
# type: scalar
1


# name: targetOn
# type: scalar
0.2


# name: fixOff
# type: scalar
0.2


# name: targetThetaX
# type: scalar
0


# name: targetThetaY
# type: scalar
-11


# name: exptnum
# type: scalar
0




# name: r_0_m11_G0_L0p3_D0p7_scsum
# type: matrix
# rows: 6
# columns: 600
 2.257538676130935 5.8402166638989 5.594391961225483 5.384125663624218 5.250176182249561 5.142933986167918 5.164960786531083 5.286247973359423 5.577787509391783 5.979153169944766 6.666048300936382 7.504068328084031 8.530816908300039 9.705392529482197 11.0405496762105 12.42672107116232 14.07464495092063 15.92009509706986 17.86804776792269 19.91396812495077 22.0364595654828 24.18227276708785 26.23706061475968 28.21782777342742 30.06596281833117 31.58194196831028 32.7736442861642 33.40129530099148 33.49257141241833 32.92866791972483 31.68296426541383 29.62056034465786 27.07128092823405 24.44429179788494 22.0967960283815 20.07711373516213 18.2713096626976 16.59882706234202 15.07762369295233 13.77982275000613 12.52652077776656 11.42858902861917 10.46676919110905 9.568071667883487 8.797797267805436 8.091758220682095 7.477728759780803 6.960683527591755 6.458424483222188 5.948353163656975 5.523569354631945 5.052026631166882 4.79318241920555 4.519865927330102 4.251475614313676 4.004029926320072 3.781795636175957 3.647659010621283 3.451105278050818 3.354904147516208 3.241576284359326 3.109057168243453 3.017593490920262 2.874515439605602 2.81873253645972 2.788616262041614 2.754575307873893 2.710916868281856 2.667537681532849 2.643755979581329 2.659241030509293 2.628293184046925 2.587917749264307 2.525682573839731 2.487730921297043 2.40962763348216 2.39418857201872 2.31709051906364 2.298579986731056 2.225179089131416 2.259160963953036 2.221828683559579 2.262991976465855 2.265176775530563 2.238208055910945 2.215798810342676 2.185605108269556 2.204488314389891 2.259431332413442 2.289921146788402 2.313270233982621 2.390060438789078 2.403368117444188 2.406560723902658 2.36528336545598 2.326672667733874 2.314689386599639 2.328017429310421 2.338195117219584 2.334693222894202 2.390339876646976 2.371953091980686 2.403489041131252 2.372940113244113 2.349377716964227 2.322300058876863 2.251261873214389 2.31045875973723 2.312072852331767 2.307505788205162 2.3412698253087 2.343614557066758 2.333273168078449 2.344177416449384 2.31870791448091 2.258438137330813 2.275168930129439 2.247661455527123 2.300910009224026 2.268099112268828 2.312553556326748 2.298981308988004 2.278230458905455 2.2974790041917 2.294959677179577 2.322808635661204 2.264744718806469 2.246991922274901 2.241163208331272 2.246413832192047 2.326763733341068 2.292256607383024 2.27620023345662 2.237645559016528 2.293737954860262 2.262815053687518 2.226580122442101 2.258279563728138 2.281873214393272 2.260508868643228 2.249014829882071 2.246769191951898 2.248863901419099 2.298460501697264 2.255747113209509 2.281708613991213 2.286961374255043 2.283795019066019 2.323334186552529 2.309798109057738 2.272639369522949 2.221706835651275 2.260158857847273 2.273314221685723 2.291572474177883 2.313094099807131 2.341047044435982 2.329250931106799 2.366295296607859 2.361911571686505 2.354432989450288 2.36112747993684 2.359501011633256 2.400087260484725 2.345000544366485 2.338449075905373 2.364361119663954 2.348843373260024 2.317388654768365 2.32431786484085 2.320261161039525 2.289293668232858 2.257685755452258 2.24082125142013 2.315230490265094 2.270146005655988 2.284953167138156 2.318307891007862 2.335043756545929 2.29281929957142 2.338628665816941 2.346099386091737 2.340901681182004 2.32158454117598 2.291700132180267 2.301836416670994 2.309867525153095 2.279552540465374 2.345336367132404 2.382153588565416 2.313328259991977 2.272208898288227 2.228145264554769 2.25070601787229 2.296872386697032 2.349563881165523 2.326443078061857 2.347180586381 2.317009348538704 2.330136095479247 2.318582384930778 2.255383874115068 2.26243079001506 2.275846132048173 2.281655085942475 2.275114563599345 2.246024704681986 2.229860165853097 2.252236849217297 2.265087185882294 2.256110248003097 2.273871605924796 2.320985779990224 2.3034476845678 2.275090190843912 2.301124391840858 2.282707007343561 2.287072084105603 2.322301059874917 2.324402239919436 2.2785655464304 2.320850995471119 2.285119680756907 2.258270009864646 2.296401207597228 2.254726554638182 2.27678090405243 2.264056459556741 2.312231398820586 2.343593098692509 2.355496442032745 2.307019712075999 2.28983441809396 2.294257327303058 2.272831522906927 2.32415835653228 2.272501183742861 2.27679885112957 2.169367344333295 2.199156190948997 2.212451500055977 2.198965028062958 2.185663000029308 2.186743428775571 2.195846078840987 2.252520924168493 2.228185996060347 2.171020292793401 2.216694027163612 2.219876936112996 2.236638945465529 2.216450340089068 2.252380441886999 2.293469556658238 2.305862120885649 2.369642159501382 2.362443205885938 2.296168039109034 2.294329508149531 2.334923464861276 2.30504662302701 2.298950249216432 2.327969494297577 2.309034760725808 2.283375165377493 2.306091309852491 2.321419706298911 2.270254643488443 2.265795165159943 2.281197173870169 2.296459493994917 2.239571943271585 2.232298470378737 2.200686959200539 2.219859424010792 2.184514956545172 2.168862283127964 2.235417825268087 2.251424041227438 2.218919194185219 2.238200345589576 2.220978807090432 2.265613026174833 2.246779053704813 2.253887795748597 2.245154729687783 2.237433407917706 2.242014349621968 2.243283298048482 2.295626963781842 2.271682875518309 2.278436294804123 2.311316957249801 2.362059223047254 2.302485121917925 2.283826887305622 2.328455276550812 2.363660773760785 2.357928154851834 2.418016857031034 2.429882513280972 2.414460647196393 2.406984115177238 2.43298616760876 2.422290026093833 2.412291198816092 2.397457481944002 2.459554248307541 2.550818929616071 2.731102990608633 2.923792830388265 3.18135345664632 3.512889755562355 4.008543055831979 4.547989094857257 5.125851311089718 5.830114104204768 6.829933698340028 7.899019041873544 9.247988331771921 10.68565606388438 11.95367649335458 13.16147280500627 14.61149165532697 16.09106911715025 17.47973602828279 18.61587976393639 19.8299168922531 21.05351660896849 22.19742060880526 23.2295286629851 24.4316369665612 25.76024027186395 27.14572998624499 28.37994650684414 29.58569413347868 30.69093950995921 31.83250708701598 32.98288955302996 34.13120170481125 35.0954550354727 36.04195882642671 36.99073834238879 37.90685284278516 38.87802259618002 39.96042756782117 41.04723503440619 42.11853057226472 43.27836528614716 44.48957870143931 45.71348589538866 46.89833761495902 47.91824855176674 48.97658559335105 49.97502436334617 50.75413733930418 50.43033751197072 49.48931884753256 48.53525178063137 47.53648481884557 46.23668029470355 44.97032424989447 43.70515271215845 42.44937525143905 41.27336243249556 39.89746946085143 38.33672440586088 36.62423695299367 34.43120496870688 31.43730294635679 28.53184816381327 25.87995047983713 23.51755128912737 21.35810617914285 19.40641806570784 17.67083485928742 16.08959723799126 14.69958962196324 13.47891908308884 12.39316914524534 11.34347938425526 10.38177973747224 9.562233473508968 8.815247959159024 8.199392665359483 7.556320376283111 6.987003178286614 6.525973091580454 6.08785337481163 5.692449532270984 5.35774752569705 5.036000835025334 4.770490886559855 