# Created by Octave 3.8.2, Wed Jul 05 13:25:16 2017 BST <co1ssj@node117>
# name: result
# type: scalar struct
# ndims: 2
 1 1
# length: 3
# name: params
# type: scalar struct
# ndims: 2
 1 1
# length: 18
# name: cleanup
# type: scalar
0


# name: num_runs
# type: scalar
6


# name: dopamine
# type: scalar
0.7


# name: targetCross
# type: scalar
1


# name: targetLuminance
# type: scalar
0.3


# name: targetWidthX
# type: scalar
6


# name: targetWidthY
# type: scalar
2


# name: fixCross
# type: scalar
1


# name: fixLuminance
# type: scalar
0.2


# name: fixWidthX
# type: scalar
6


# name: fixWidthY
# type: scalar
2


# name: fixOn
# type: scalar
0


# name: targetOff
# type: scalar
1


# name: targetOn
# type: scalar
0.2


# name: fixOff
# type: scalar
0.2


# name: targetThetaX
# type: scalar
0


# name: targetThetaY
# type: scalar
-8


# name: exptnum
# type: scalar
0




# name: r_0_m8_G0_L0p3_D0p7_scsum
# type: matrix
# rows: 6
# columns: 600
 2.303190101345535 5.875837169121951 5.690574064850807 5.376153173492639 5.129716199342511 5.018594810077047 5.016648150703986 5.137493760674261 5.501492778279498 5.89952498947423 6.576594885656959 7.45591302464527 8.50161160674179 9.657059906323411 10.94838886276557 12.42549625931315 14.03407569334377 15.82669121131767 17.69873918300436 19.71080417327903 21.86442994449317 24.05174838864332 26.14495149873255 28.10498264332637 29.86966263384966 31.3140598798891 32.47713726576694 33.10874602120748 33.1692995314952 32.65925108158262 31.4400277574714 29.49672444938915 26.8820791012331 24.29579911884503 21.99372077054431 19.96896635602388 18.12232344165386 16.4584669231408 14.98438158313365 13.57530866685556 12.35984085398377 11.22728069942241 10.27599105133777 9.435193860648724 8.594939800954307 7.895054032444023 7.280798274285189 6.704330107540954 6.211811146338732 5.764440753973759 5.364163858030224 4.966313672390243 4.648811510422092 4.35618053723374 4.177679607280879 3.971824705775362 3.762118073973397 3.60406274280831 3.389680282176414 3.275800463576161 3.186619219175554 3.114492845144923 3.007276744385308 2.909405948649692 2.814896738782409 2.776772704259201 2.712594469172473 2.659040673395793 2.608190924518567 2.593359593218338 2.590966431449488 2.582681437539577 2.553203434756142 2.495699008952215 2.41556629347906 2.448787359120615 2.391888467454919 2.419460964538303 2.38413686387139 2.335961505521482 2.35229678980977 2.349495268345891 2.337073586586484 2.362931238913006 2.361842094200256 2.299968471132161 2.293573935763561 2.250647034034046 2.258962664032879 2.215670799410873 2.267254481386772 2.266612211067695 2.259365015812364 2.286886866309942 2.314631141161954 2.271198613409069 2.265958057279931 2.265878525882727 2.273847986325563 2.24700700010726 2.186810493738449 2.189604011982738 2.134671838255599 2.227219335924019 2.219080497590767 2.257726582081887 2.249897304187471 2.312694513195311 2.302624924246629 2.251249776192708 2.242124496535325 2.252057818248431 2.310006038995198 2.323329373059096 2.329811642139248 2.276002323247667 2.272631522509982 2.258806121648377 2.274853614915628 2.316879061094369 2.233470924036737 2.263981923970277 2.267175777925331 2.241636977763847 2.292349286854005 2.293515875768207 2.29861905868529 2.249680228080251 2.152487362109241 2.139084884867316 2.221061976415513 2.268852696361137 2.270528997883957 2.257352098215051 2.264083419860981 2.30082938929263 2.343267608586757 2.31961655071791 2.337954460983383 2.335647850391979 2.33497670277211 2.321968868387103 2.284794335757397 2.278652694603807 2.245017067192748 2.29941545107431 2.345765005171415 2.326330773625159 2.367680997223943 2.370143250394904 2.417776609618159 2.380253701585389 2.40925797451564 2.451085003547632 2.383386931611312 2.308097322512367 2.348353884357493 2.314535284396698 2.300083784757589 2.259975068485801 2.317825793983502 2.303511884776526 2.249117713501619 2.221826878881984 2.255129531404236 2.221077754089492 2.218016714541591 2.225212935631134 2.228526987841178 2.249296856578439 2.259115392022068 2.262391709227813 2.277068415722169 2.265341002188507 2.276392371230031 2.242414599200856 2.232860609477939 2.255273437069263 2.292135150964896 2.288422441153671 2.255542391088966 2.277396310353652 2.252433458903397 2.228573069984122 2.24647396193177 2.28533080095076 2.318812316370895 2.308358267415315 2.260731899314123 2.209468447374093 2.225089168947306 2.212727877184079 2.164547408727231 2.218453860819864 2.157580730701739 2.165059797905997 2.163646282293485 2.138568161355579 2.140133911423618 2.157918481381785 2.186603493675648 2.173347872158047 2.178527248728642 2.18288730083259 2.233512690338102 2.223086504760431 2.225232191041869 2.239884044360224 2.22987471511442 2.229941657467862 2.247902571965824 2.241021109970461 2.223161421385157 2.230294868235433 2.224011640661047 2.242665373931231 2.327596589268069 2.372331957183633 2.312754768339801 2.317808759442414 2.297508915798971 2.308702194437501 2.270419340842636 2.256797257181461 2.294819332733823 2.326600966106525 2.353657663948979 2.390967036903021 2.357133395094934 2.347055601589091 2.321590480642044 2.321956397558097 2.304039646744059 2.295790605712682 2.2994892014176 2.255273214710542 2.238274829076545 2.2987471200031 2.310280786456133 2.301673451011084 2.305088201908802 2.347800995568832 2.307094352003332 2.299648802509182 2.320772891653178 2.368001039900264 2.35492718651949 2.414090677993954 2.387758552667947 2.389775828025449 2.419247810721572 2.4305216435896 2.436017072472168 2.390126045302168 2.405227314291551 2.410302900614624 2.367920286727895 2.349037560905344 2.359023590768629 2.320288599621563 2.310234575124923 2.251104366827349 2.209659549393109 2.150862416194286 2.196555177848495 2.172166415235552 2.209284036129247 2.1625320411149 2.147714535551358 2.158754735439288 2.200164640758885 2.220432907211944 2.276865028943575 2.244276149341204 2.242305208877951 2.28533670656725 2.261922499186767 2.242773596135521 2.244711994431782 2.224513578648839 2.205423787050677 2.168823568838889 2.137973301356396 2.171121742030664 2.147042649183277 2.159158092516009 2.195732327782025 2.208719179200216 2.24821886792779 2.30412982546477 2.271348811907956 2.274877583513444 2.246582941486849 2.225992028717883 2.202897930179461 2.230440744246152 2.241186330324126 2.224444546271116 2.275106371042057 2.26823636523477 2.245513655136165 2.312156443920685 2.353331283651642 2.484993366580966 2.662446606707817 2.793975286003842 3.060162163677887 3.416377466088306 3.943976078357082 4.522057486356061 5.159071635836881 6.04503462179855 7.111772644049779 8.381821402588685 9.845281792058813 11.42569760428705 13.09102732133397 14.63517251627491 16.11814970911655 17.52912270231718 19.02526937078801 20.56025448294895 22.14494673566514 23.67867422695781 24.99787155177 26.33339889823401 27.72656342111441 28.94018773177595 30.15109981599744 31.47581883643215 32.79044493344554 34.18790763461584 35.65755301454919 37.34305117195618 38.97524948197679 40.42889192489383 41.68894651289156 42.89982396546111 44.12611225299406 45.32511904879902 46.48832464733277 47.70329252406736 48.68933763921086 49.6335124334073 50.59663038048893 51.6102986878177 52.70149912632041 53.88383129922295 54.94350317498902 56.04250439890893 57.1363750149012 58.31149000294317 59.66475072291905 61.09622567967745 62.52426498843306 63.9164225258246 65.18927069591882 65.64642597427883 65.02212170668645 63.67915611779608 62.247280118856 60.88450812940573 59.52262289702048 58.28839601225627 57.13847417710349 55.76514669000971 54.32247741530955 52.91073547216911 51.24824445665581 49.07339723275436 46.47746435563113 42.44690539314615 38.43919570720755 34.79868682405868 31.49775523242351 28.59161004676935 25.95804077658977 23.65492874759366 21.49231135029549 19.54282453086489 17.80962449657818 16.27767564311944 14.82454463838076 13.57440490493536 12.40433267824847 11.36832748265442 10.49766960788111 9.668856485535798 8.926606315846584 8.25828973967873 7.639479692301393 7.12244423372249 6.596986663531425 