# Created by Octave 3.8.2, Wed Jul 05 13:25:23 2017 BST <co1ssj@node117>
# name: result
# type: scalar struct
# ndims: 2
 1 1
# length: 3
# name: params
# type: scalar struct
# ndims: 2
 1 1
# length: 18
# name: cleanup
# type: scalar
0


# name: num_runs
# type: scalar
6


# name: dopamine
# type: scalar
0.7


# name: targetCross
# type: scalar
1


# name: targetLuminance
# type: scalar
0.3


# name: targetWidthX
# type: scalar
6


# name: targetWidthY
# type: scalar
2


# name: fixCross
# type: scalar
1


# name: fixLuminance
# type: scalar
0.2


# name: fixWidthX
# type: scalar
6


# name: fixWidthY
# type: scalar
2


# name: fixOn
# type: scalar
0


# name: targetOff
# type: scalar
1


# name: targetOn
# type: scalar
0.2


# name: fixOff
# type: scalar
0.2


# name: targetThetaX
# type: scalar
0


# name: targetThetaY
# type: scalar
-15


# name: exptnum
# type: scalar
0




# name: r_0_m15_G0_L0p3_D0p7_scsum
# type: matrix
# rows: 6
# columns: 600
 2.36892492849438 5.921386816480663 5.714589330304079 5.491762384182948 5.35521935826182 5.261434669719165 5.259265177359339 5.396213117117441 5.620020061167452 6.086186365972026 6.740186910388729 7.504442874356755 8.473703066461894 9.612001542433973 10.9678383730552 12.37799503629867 13.99404167247485 15.75134111678926 17.56706282669256 19.5861853767201 21.69168430868012 23.82576537039859 25.88630475382524 27.86840464439592 29.6375848299358 31.04585385172686 32.21809784443758 32.92748003808811 32.97964984529608 32.44310912258516 31.22389779901278 29.30298098168714 26.84892725707687 24.27153611243921 21.98616853072599 19.84025876909436 17.98912102421309 16.35603879696646 14.86295871542825 13.4796610564299 12.28204806673239 11.23817131464602 10.19133339167456 9.297711475946926 8.527727568391128 7.811940709980263 7.16498632292496 6.651866709944443 6.117291693932202 5.693403898172619 5.31126167147886 4.881352454631269 4.604924983141245 4.248451457246119 4.046810139683657 3.789459052717575 3.627008830175328 3.464010074058024 3.292848640347074 3.131895118808643 3.021145366335986 2.94425675777893 2.832373061217368 2.730797921878548 2.607026111611049 2.606193475196051 2.556834107466784 2.492997068242403 2.458320307745453 2.537259279739374 2.506310933928035 2.468497848789411 2.493240849580616 2.410068078308541 2.405756837571971 2.417984426348994 2.387344118113106 2.30370290839528 2.259478883996053 2.273694861199147 2.281100023137697 2.31365779042244 2.306936187509564 2.311119344558392 2.360769319533574 2.376888283426524 2.362336829091873 2.361766051531959 2.300293416938075 2.304308679718815 2.341563409161608 2.332555686727574 2.308018505969812 2.296561947263399 2.273131957070291 2.343362868779877 2.387784972564987 2.368831278781727 2.383301763053169 2.374791873808135 2.379688003187766 2.337321928524943 2.342898698410863 2.390198155240796 2.40065129102004 2.330781462515006 2.291374277796422 2.323567124785768 2.372068564231085 2.329656709418487 2.319183230327326 2.375709081925379 2.379239408630383 2.40140624027481 2.419633092144068 2.408773149720218 2.35131815751447 2.350485941828083 2.334571024067941 2.380395748659794 2.329006044968082 2.30335735726112 2.332017184678989 2.315566509423661 2.260303505870979 2.216234400966641 2.159816398867406 2.163828937707876 2.214280548138049 2.236400496145507 2.219648271151527 2.213322611394688 2.243602583454049 2.191809185387683 2.233813314927829 2.206202645065787 2.175076843332135 2.1115876869153 2.165172080181947 2.180288940773607 2.223510227908264 2.262083308389265 2.278388704937242 2.24803047383466 2.226372550576343 2.220134985931509 2.214139571449778 2.234867135694003 2.251602351188922 2.245578485684746 2.272118796490759 2.315845372781041 2.307392452837121 2.346045293739735 2.288244441137067 2.285992193261336 2.303769461355841 2.312939438841568 2.375311861273076 2.387093361936422 2.409876680638263 2.384096957679503 2.318313005693199 2.313088170041738 2.304663279319357 2.292326727721957 2.309592604695354 2.319425007997779 2.330174161272225 2.288407033483963 2.352042454713228 2.379285475737561 2.441776520649 2.425909719058836 2.463622774477699 2.392011733415075 2.35579953501292 2.32152908217904 2.35662844030594 2.364507611207955 2.362913228324032 2.380541952254134 2.340143176807032 2.311203776211187 2.295167813414082 2.31063483052003 2.312267864988826 2.302017177569724 2.32845162697231 2.343676689990389 2.397145357812406 2.330579518747982 2.264517574949423 2.298041249978269 2.29663336932208 2.265342240360042 2.224492219800595 2.269580571393817 2.220644473303764 2.201867354466231 2.228598896079347 2.229759824251232 2.217482782987645 2.230630334524903 2.256109732348705 2.256408774250303 2.26411884870322 2.270593402639861 2.245585638003831 2.252243810442451 2.255778514605481 2.199619486866141 2.266685625087121 2.322712478224275 2.318580375380407 2.341970483859768 2.319515293176664 2.286999695908889 2.244379674750235 2.223318496995489 2.247053273749771 2.243499835130933 2.257527065565228 2.233072591679957 2.287394790924736 2.262633894646569 2.256882271576615 2.268036850586213 2.264563428656402 2.29490514835561 2.292692675480794 2.248534228634526 2.232546332194033 2.244008475241571 2.216213101009998 2.228714282849978 2.224451671121642 2.246833027262255 2.275240519586077 2.309289256678312 2.299626497217105 2.324368823479745 2.303222610840749 2.233818866297952 2.218089904592489 2.272332496691888 2.295997642184375 2.286054002113815 2.303074344205015 2.299578382153413 2.317505547074688 2.26355317747948 2.257423064434988 2.25187480110435 2.227027117351099 2.235589565465489 2.251416379771399 2.269544827348 2.28537776097437 2.273672009498114 2.248249215030228 2.249001534184572 2.218473599386925 2.189710332146205 2.244006992070354 2.264337046759465 2.268802899114235 2.242454131297563 2.27249546773055 2.226817093054706 2.210621632199945 2.260055932856631 2.248953156684365 2.237080134960706 2.283742813880963 2.284539219193903 2.288891773081559 2.258865514275385 2.33270262784572 2.322695506991295 2.359033430766431 2.2977237933992 2.271319183619198 2.303680316865211 2.309768933733721 2.295353127214184 2.258336163991771 2.241370520046985 2.287600840620144 2.297097802831559 2.289218721009092 2.23945973235459 2.26895474910998 2.253794512085733 2.265651605205676 2.270366406823086 2.282203973485593 2.290120625781128 2.274915938174672 2.225245175257442 2.257287338810784 2.253929196253011 2.228279652832498 2.205129504203796 2.234815092702775 2.275026322255144 2.333567172896437 2.381962078058677 2.340969538045101 2.282874650707527 2.28830859480513 2.323846757307365 2.369951805283563 2.418648516468238 2.372213300372096 2.360801127721061 2.397549887238711 2.376466648449423 2.337842166991322 2.360590651602251 2.435074914305005 2.499482994586288 2.585068085338207 2.714852095741662 2.876120787235777 3.032256307966236 3.289124237602664 3.573909302089305 3.871780436740664 4.277369711111533 4.801537778372222 5.335573306434981 5.992953492685047 6.69006028172771 7.63267929142603 8.615405191894752 9.760437402204843 10.70104268490832 11.79722388625942 12.76511826793103 13.81976304364844 14.80401231315409 15.82189653776732 16.70397747705647 17.65314319804747 18.61558475754282 19.54408472412615 20.5242307530134 21.39745548203064 22.12540298372187 22.89830464019178 23.77730449823139 24.6844791265612 25.7423719780636 26.78153495461447 27.76679574017544 28.75361553695711 29.50959785978557 30.41787283840131 31.37286680667603 32.06907791986305 32.7532290043564 33.30428308889896 33.9746071467016 34.6126293000998 35.29644416924202 36.01023931756072 35.99704903287056 35.20731965056439 34.49951790397972 33.87992267805384 33.1923227140469 32.32818044615397 31.39401844927488 30.38071967360338 29.10037941487826 27.85762403640183 26.67092136651308 25.36987644825058 23.63891878356299 21.57898322574329 19.61323518578865 17.84693786291245 16.21624860913926 14.84149835207427 13.58715889581072 12.41010644767448 11.44760135238539 10.53422970310203 9.684979767000186 8.924544171182788 8.290126900086761 7.69037276355084 