# Created by Octave 3.8.2, Wed Jul 05 13:25:45 2017 BST <co1ssj@node117>
# name: result
# type: scalar struct
# ndims: 2
 1 1
# length: 3
# name: params
# type: scalar struct
# ndims: 2
 1 1
# length: 18
# name: cleanup
# type: scalar
0


# name: num_runs
# type: scalar
6


# name: dopamine
# type: scalar
0.7


# name: targetCross
# type: scalar
1


# name: targetLuminance
# type: scalar
0.3


# name: targetWidthX
# type: scalar
6


# name: targetWidthY
# type: scalar
2


# name: fixCross
# type: scalar
1


# name: fixLuminance
# type: scalar
0.2


# name: fixWidthX
# type: scalar
6


# name: fixWidthY
# type: scalar
2


# name: fixOn
# type: scalar
0


# name: targetOff
# type: scalar
1


# name: targetOn
# type: scalar
0.2


# name: fixOff
# type: scalar
0.2


# name: targetThetaX
# type: scalar
0


# name: targetThetaY
# type: scalar
-13


# name: exptnum
# type: scalar
0




# name: r_0_m13_G0_L0p3_D0p7_scsum
# type: matrix
# rows: 6
# columns: 600
 2.308986823751184 5.900372664997121 5.639259413019317 5.480086832423694 5.359149474388687 5.232326634381025 5.162221278354991 5.296511898020981 5.600239483235782 6.001319898612564 6.589986015242175 7.395258867756638 8.424504293681821 9.660227274069257 10.95274680691728 12.49702694766165 14.12807635416902 15.94419299149013 17.80534426126906 19.81889955373481 21.92013495444553 24.11272880550587 26.27690258307666 28.29535021020274 30.02320324022003 31.5155901379876 32.62466894891622 33.22559496050962 33.36202204065921 32.81818271983138 31.62084521252837 29.71553082308674 27.08784819858556 24.45762982335873 22.15717632108863 20.13722695312026 18.25826091418276 16.52592747178278 15.03870275539157 13.66668406717508 12.45594704528776 11.42473479632099 10.38707703242108 9.49054462328786 8.734404792165151 8.055422949888452 7.35389032279636 6.786824978495133 6.33683173807367 5.825049134255096 5.472499207115106 5.168637116294121 4.78197320883919 4.47624822720536 4.26619920237863 4.027427439155872 3.829708707246027 3.619925574144872 3.489303714624839 3.28778278802929 3.130605252023088 3.089267501130962 2.990360477146169 2.937891022265831 2.851134301250568 2.712045270276576 2.621058701006405 2.57702515865094 2.4616494180882 2.414313028935794 2.397013084355422 2.37233884163652 2.413993449423288 2.410504589890479 2.449117526222835 2.419741442054146 2.328437427371682 2.359293295172392 2.304094844708743 2.267973586291191 2.28246165420569 2.2127667150653 2.225992465235322 2.27877088688183 2.272120833389636 2.295243644442962 2.294899877937496 2.310231851473873 2.3328595335297 2.320775899337605 2.313439397497859 2.266693207540811 2.275272487979237 2.23212203134608 2.245390792733815 2.264391230751244 2.258592661451985 2.280304795387565 2.308262292230211 2.36026456610125 2.349519707206127 2.33054844344224 2.286499665882729 2.249010294915934 2.297989057251471 2.297711928044009 2.278675558905888 2.267507377418951 2.271329983775104 2.314620772005583 2.284986045944152 2.330967860660166 2.371815635033272 2.34685083640943 2.293076354035293 2.321220430210815 2.273547316657641 2.285964887458249 2.258389991322474 2.231387009363971 2.232727447451907 2.231873905180692 2.255035325120843 2.285536981456971 2.236077012571513 2.264974745794461 2.313872085032926 2.278405009386915 2.322833504638766 2.397943474119529 2.378618795992224 2.388959595362394 2.383177232535672 2.477371995410067 2.392573811066541 2.398374702308502 2.381404753201423 2.352554364078969 2.351351296314533 2.36311220452626 2.281968442690413 2.323621611343697 2.332868580007926 2.311200614349218 2.256646667832683 2.28904773033355 2.262723516490951 2.250637842653305 2.273754903086228 2.299342293932568 2.304195876311496 2.356925200365367 2.406069897449925 2.399131668866175 2.404760337172775 2.382954871507536 2.380015448328777 2.399762360015302 2.336928279582935 2.344476719565137 2.353558911167056 2.397014265028702 2.378762091615499 2.352510127158894 2.369681087100616 2.318812218487437 2.293113414008985 2.272799349972047 2.295216190075735 2.30461646767435 2.304582903347182 2.301934707225882 2.31161333318596 2.324970024217691 2.369068021198473 2.318140630039125 2.295334821130382 2.328461135846737 2.289217235131218 2.256907144306751 2.261353347465047 2.273763108321873 2.240596286843356 2.239592775069468 2.205370978797873 2.297474924322159 2.310225430352148 2.324651664626799 2.294561981776496 2.231267510942416 2.249338984989663 2.26133954407851 2.261368512838089 2.323271004934213 2.323601707466878 2.272217629244551 2.244443671574118 2.255295188777382 2.294378541115293 2.275010059271153 2.334683851513546 2.325409892422613 2.341871411190368 2.332282559502346 2.350231963380793 2.277611609442829 2.285194389256503 2.318182742943463 2.305083110808482 2.256930204657692 2.240122926610638 2.271575749808108 2.261071177541453 2.339517347889341 2.367308032233268 2.352727712943306 2.412491936307561 2.416243612726248 2.38907154907065 2.38873248710297 2.360146217733927 2.395514884035947 2.384255615303118 2.382281096030056 2.36529255133064 2.404976884296048 2.38331638420641 2.362196429359756 2.352790039745742 2.32444846987346 2.282183442948735 2.247107928189507 2.222913663143117 2.241402380484942 2.226567207158951 2.251402218338626 2.246843532062485 2.295370031195489 2.287182961375947 2.324182576157909 2.310551001350177 2.318578947862989 2.313486656226814 2.295622275083588 2.270697223531897 2.293189088748477 2.282824933013217 2.3081999567803 2.331939524130576 2.302942716429243 2.332775927847251 2.312483873531164 2.34649350032123 2.379431670102349 2.348101894178399 2.410249136144557 2.348714671868947 2.338796009084035 2.338534048623842 2.302921602522019 2.306540869860328 2.266468966936372 2.262396528611134 2.257500576894017 2.286059557656699 2.263935327682702 2.253449094343523 2.229397902941855 2.194586959576554 2.187551243941925 2.246155185253883 2.245821035317931 2.283022526078639 2.30712415375092 2.303648053966754 2.339461386087351 2.346118325192947 2.337053898081649 2.312478026738972 2.383585988805862 2.388541155141866 2.376415339891537 2.343702194406433 2.348204335074115 2.338678454441833 2.361438536627247 2.318163081952662 2.302341923161293 2.266406337359513 2.289003702822811 2.303915683231025 2.361002558965993 2.353269073144475 2.371668399744522 2.372354275870748 2.349794832058251 2.37712034881406 2.361216541292379 2.378920790237316 2.371674224850722 2.314969571394613 2.304771160743257 2.317167286440963 2.254121010673771 2.265262986722519 2.311625831043784 2.291882861212798 2.271652523857483 2.295605973653437 2.278489942984379 2.294058306262741 2.311247931549588 2.376105166105845 2.424750196440073 2.568691026137458 2.737613553250412 2.900415084808628 3.122734132950427 3.441288001005887 3.766194417832594 4.214608215195767 4.73191357649921 5.380573292233748 6.097825940585608 6.903871405091195 7.866565088068455 9.003346053727 10.23478665750008 11.50112579906272 12.56640915499929 13.69793238422972 14.59014116481558 15.57506330758042 16.63096548453723 17.65809938563871 18.66516632951607 19.81881912622339 20.95490879284444 22.08005107732606 23.09746254407219 24.09893438870859 25.00689737574066 25.92205453646056 26.86242933482572 27.76289993259707 28.73126249317284 29.7675041621078 30.65730132543467 31.54016732968739 32.57534344854685 33.62066599658283 34.68875467790349 35.76739183128848 36.74208236096092 37.73648370754381 38.79994244302452 39.77320739186871 40.68886773256963 41.39835045071231 42.13909503529794 42.15721380574541 41.46763019909122 40.73910893265565 39.70102249446791 38.66805151379958 37.59685748231095 36.49183037468356 35.22775817432921 33.95230630943843 32.76180835667947 31.47554213100375 30.07790140639554 28.21728640525544 25.74788321294545 23.38936667126836 21.26382470716635 19.3784781707127 17.67655936444135 16.14668197418359 14.7563824298195 13.47757474242462 12.35276293720381 11.31216791113911 10.39439083038451 9.574523775383568 8.811830205562728 8.149726337825996 7.565929746802794 7.039110588979383 6.545774184305628 6.07520405930336 5.746881874818882 5.395909934308293 