# Created by Octave 3.8.2, Wed Jul 05 13:25:21 2017 BST <co1ssj@node117>
# name: result
# type: scalar struct
# ndims: 2
 1 1
# length: 3
# name: params
# type: scalar struct
# ndims: 2
 1 1
# length: 18
# name: cleanup
# type: scalar
0


# name: num_runs
# type: scalar
6


# name: dopamine
# type: scalar
0.7


# name: targetCross
# type: scalar
1


# name: targetLuminance
# type: scalar
0.3


# name: targetWidthX
# type: scalar
6


# name: targetWidthY
# type: scalar
2


# name: fixCross
# type: scalar
1


# name: fixLuminance
# type: scalar
0.2


# name: fixWidthX
# type: scalar
6


# name: fixWidthY
# type: scalar
2


# name: fixOn
# type: scalar
0


# name: targetOff
# type: scalar
1


# name: targetOn
# type: scalar
0.2


# name: fixOff
# type: scalar
0.2


# name: targetThetaX
# type: scalar
0


# name: targetThetaY
# type: scalar
-7


# name: exptnum
# type: scalar
0




# name: r_0_m7_G0_L0p3_D0p7_scsum
# type: matrix
# rows: 6
# columns: 600
 2.288720900891349 5.957661825625109 5.769098034510534 5.422880717731005 5.330500287280302 5.165018371042606 5.124921549566352 5.231956630363129 5.532480882975506 5.944498187804129 6.642357709541102 7.461279355487932 8.482482195999182 9.666878649841237 10.98535497882767 12.46429442696535 14.0971512696342 15.87942606660272 17.81989237099333 19.88648785537589 21.99650805239799 24.207897042681 26.27131083397262 28.30697071340546 30.08497538442316 31.54341882057633 32.66110446202219 33.31789062811731 33.4138018487065 32.86135481950259 31.60783471766626 29.62185268193207 27.01412363266718 24.40982028972212 22.19848816090143 20.09237371416384 18.1611803621563 16.50039721725625 14.9648042532317 13.59583137550362 12.41789323546982 11.33756976370933 10.36081406757876 9.508790094427241 8.707895455998369 7.991205252052168 7.368901061116048 6.747040566529904 6.221949717699317 5.782023181514887 5.390611667316989 5.069528030187939 4.709952785637142 4.410195292108256 4.161679042012111 3.963725177225569 3.77745743369087 3.627441797649226 3.533001600670104 3.368969004663086 3.281084026908502 3.21077553307623 3.075280864620254 2.916188117538695 2.81361141778325 2.764874780979881 2.670488051908251 2.627176405288992 2.525584009661543 2.520493420714047 2.515455477072464 2.518521561018133 2.510969266815664 2.445719636569265 2.440923053105507 2.401607948348101 2.382029890648482 2.374928244142211 2.342811553746287 2.305298373998085 2.2923703324077 2.3147655570192 2.313773342459172 2.320597830916995 2.286521579659166 2.246031092283374 2.218726951694407 2.286975171598897 2.267729106031766 2.274873476701032 2.256502985743282 2.249503879189433 2.279232960325317 2.266651279163852 2.212020584320271 2.19623153360908 2.239841161754157 2.290288230597071 2.306469630777428 2.304798459284939 2.309808964520926 2.382467694356819 2.401775807185913 2.376912756182719 2.406828120318096 2.349548710768431 2.300732027801132 2.255113145682117 2.26289627643564 2.252510849466489 2.249342217241065 2.224319066132011 2.269256716326709 2.264777876916924 2.261179848912434 2.152556615899812 2.17813434353593 2.154598128789075 2.158939601251404 2.13204265776767 2.149321699733264 2.146570060445811 2.176635290095874 2.156409349667229 2.171252770091087 2.201186264996068 2.197851374548918 2.177426594029384 2.208687492769968 2.229405105666956 2.219860748371502 2.225930967393651 2.268691547193157 2.301636050131492 2.27592827636181 2.347661427042112 2.345820289772746 2.336588976293569 2.318462265189737 2.290292864548974 2.280983111351816 2.250343473358953 2.258969258055004 2.20155627136046 2.199755912770343 2.236755223366345 2.293949934526609 2.325950074426146 2.340941186026612 2.32334729610011 2.286204250869559 2.277379961968109 2.205613597205229 2.249767622204672 2.289151887267508 2.349611317440576 2.298028137676738 2.305306913302047 2.279779762659018 2.261295102936856 2.275411117026124 2.311777933660778 2.283438694445067 2.223472523852251 2.240277957622311 2.237722028014105 2.251451585392715 2.286596482590539 2.346110338934523 2.322304408193304 2.303002581724286 2.273567662516143 2.269920007734981 2.295806717957021 2.23671815956186 2.237779817132832 2.213402220324497 2.250763753279898 2.27169824315024 2.260873712326429 2.249012312337072 2.261479520983812 2.270401995185239 2.292867661091805 2.326732817047741 2.274568482549512 2.210622287791921 2.234243319904635 2.209293532239826 2.224318240085267 2.236194555625843 2.277662172222335 2.308938144108652 2.377799000701998 2.274977662567835 2.297832567399382 2.316723027670378 2.332760657045583 2.275964035383367 2.293613080757495 2.288756697100325 2.24901738783592 2.244293464375005 2.213299172437473 2.240481083972554 2.294345504968078 2.298369355099567 2.334954938818555 2.34895763858367 2.295273460862518 2.322975680563104 2.332790080607083 2.33741752809874 2.360248158685863 2.348166026100444 2.348620998127444 2.311027417588775 2.31419225578793 2.283632307255175 2.308081703773496 2.266688785963197 2.274992520638989 2.299449608311988 2.295375840429188 2.292776007933526 2.268408643192743 2.276151779708016 2.334508824558725 2.304529926084797 2.331421305047115 2.31694563102792 2.312603056525404 2.34328587789787 2.364302656547807 2.351184248884238 2.382101532752131 2.389380709224497 2.448395428531512 2.490485233647632 2.48332868721991 2.480659676839423 2.468795205008064 2.48658678526408 2.519436820934061 2.452154716538644 2.417071616622707 2.42911553472004 2.383054846119194 2.383396871175137 2.407880333225876 2.404436098491715 2.338213565159094 2.305884838908241 2.334643901980598 2.312515391597117 2.325059268656332 2.333789744570822 2.350163545415853 2.319143774104305 2.301020145772782 2.353807948071335 2.314467608117411 2.26625469044302 2.310219938357477 2.235858599095081 2.239026912255213 2.229972651701246 2.234967048145336 2.249095892904279 2.241969656901347 2.265850741026952 2.285529384203983 2.258383697677345 2.237506084390589 2.254932280440698 2.201464699061034 2.241568487628683 2.202953895495739 2.242222099681385 2.207548765167303 2.22190154359123 2.222542486808379 2.271143845106053 2.300124274246627 2.250229781042435 2.305476626221207 2.301424949970169 2.236806346205412 2.253431778663071 2.26212767416655 2.282507299009012 2.328825316799339 2.385301119265932 2.347726100306318 2.345871104218531 2.343040747728082 2.344118902747141 2.279481715937436 2.266247741397819 2.28229285344969 2.256195443491379 2.233455693967699 2.300274258624995 2.314584916071908 2.447527364903181 2.629036543985421 2.911830136274148 3.244591984299404 3.672801543587411 4.215368319266418 4.8575523151776 5.640869873430347 6.587436344096204 7.648210608778754 8.889677852414025 10.32750853499692 11.83488267689245 13.42420675799076 14.81471987763507 16.43016259377509 17.88594420203299 19.37652925759903 20.81404580632807 22.11429802996281 23.50753807522597 24.85350353655122 26.23639539833675 27.58219105685203 28.75874250496054 29.97342224716704 31.41552496546501 32.71224900895322 34.25641584206096 35.67803373692914 37.1568379148739 38.53683441806061 39.9013359513483 41.13074603282621 42.1252851101508 42.9871237391435 43.94132381464806 45.04149167744617 46.21032130448293 47.38091510193044 48.59049362110818 49.6817103519752 50.90410689172859 51.97201713707545 53.10481709135001 54.26654838246759 55.29743678378145 56.34142561139015 57.45605700721717 58.41666747128147 59.34125458732433 60.11376927241508 60.83704638881318 61.52427628691294 62.3582029614472 63.12349492701469 63.88995068247459 64.14001923488104 63.84102572423581 63.2028262458407 62.39019100580117 61.43411606429436 60.50019243233692 59.53526317736396 58.41884010007743 56.94499902403913 55.19505031008885 53.25859286733612 51.46866133615549 49.48472492460132 47.52268797437137 44.40377731840999 40.21843352534415 36.43018421031047 33.03155116282323 29.99572247912693 27.19998738189224 24.75551077257114 22.53227826965303 20.46382175423059 18.63838641943948 16.97382981713417 15.50359693278369 14.20124106483854 13.0264933038743 11.94894433363152 10.9699431411791 10.0751063276748 9.309315936105122 