# Created by Octave 3.8.2, Wed Jul 05 13:25:42 2017 BST <co1ssj@node117>
# name: result
# type: scalar struct
# ndims: 2
 1 1
# length: 3
# name: params
# type: scalar struct
# ndims: 2
 1 1
# length: 18
# name: cleanup
# type: scalar
0


# name: num_runs
# type: scalar
6


# name: dopamine
# type: scalar
0.7


# name: targetCross
# type: scalar
1


# name: targetLuminance
# type: scalar
0.3


# name: targetWidthX
# type: scalar
6


# name: targetWidthY
# type: scalar
2


# name: fixCross
# type: scalar
1


# name: fixLuminance
# type: scalar
0.2


# name: fixWidthX
# type: scalar
6


# name: fixWidthY
# type: scalar
2


# name: fixOn
# type: scalar
0


# name: targetOff
# type: scalar
1


# name: targetOn
# type: scalar
0.2


# name: fixOff
# type: scalar
0.2


# name: targetThetaX
# type: scalar
0


# name: targetThetaY
# type: scalar
-17


# name: exptnum
# type: scalar
0




# name: r_0_m17_G0_L0p3_D0p7_scsum
# type: matrix
# rows: 6
# columns: 600
 2.288720979937352 5.950167793507717 5.75895614223009 5.415882553508709 5.322717525777989 5.162065649325086 5.123775792519154 5.230875904372624 5.528630511536903 5.937584338433226 6.640207438926154 7.459835471454426 8.475964647255751 9.653201821456605 10.95892653015835 12.4230082244394 14.03796791795867 15.82490247339229 17.76496642480924 19.82290728181852 21.92797200977657 24.14224429500246 26.20680629524577 28.24516714009224 30.05212720672171 31.55013173205225 32.71083348374668 33.41165049427946 33.53401564018395 33.0324984476938 31.82406017892208 29.88761202755268 27.30630106452918 24.67220153498056 22.4425874545741 20.30574377666198 18.35320567511371 16.67650795377813 15.12801075259631 13.74525583585637 12.54576527971949 11.45307441055047 10.46390796395281 9.602262805858118 8.794818378115451 8.068211341225833 7.439688661310356 6.810565961815882 6.279148952380638 5.833717791443632 5.435863550581416 5.111775431440037 4.74972637978135 4.444977416405891 4.193256205489888 3.991209796744442 3.800795269868104 3.651376299716503 3.551621665304992 3.388722849977057 3.297995754906879 3.222769857313324 3.086915502273314 2.929683904661943 2.822905900873593 2.773275390034541 2.676796539471979 2.632562633305497 2.529156514801798 2.523538276502222 2.518210522042864 2.521584682548564 2.514204601371603 2.449378856515978 2.442523902360335 2.40306098851579 2.382948841193866 2.375887311456609 2.343452225162764 2.305089596062317 2.292919827007609 2.314971472565958 2.31407900810882 2.321059678998608 2.286603041109629 2.246141391151468 2.219017454750428 2.28769937762263 2.268296684538655 2.275335082169477 2.256953868287383 2.249822491910891 2.279488733256585 2.267025922259563 2.212219547527638 2.196483841744339 2.239944396704232 2.290466801272487 2.306611157546286 2.304826601641253 2.309879230448132 2.38258112888434 2.4018799928308 2.376964695951756 2.406851226647632 2.349581275040691 2.300777706246663 2.255114918556501 2.262962859826075 2.252546215051552 2.249379013032012 2.224354235899227 2.269282509012555 2.264796269366343 2.261197871452168 2.152587295891863 2.178163558237429 2.154611343277793 2.158956303210289 2.13205547616235 2.149338997545783 2.146586284550722 2.17665001223213 2.156421403458808 2.17126193959848 2.201193300010345 2.197851471006288 2.177428800512644 2.208694903602009 2.229411869446267 2.21986785788431 2.225934792477346 2.268697151244851 2.301640168087033 2.27593261149741 2.34766460807441 2.345822925208267 2.33659157679358 2.318464177718852 2.290294767681189 2.280984935117885 2.250344286643667 2.258969548780442 2.201556367926969 2.199755576853931 2.236754999961704 2.293949636245088 2.325950042713885 2.340941066402593 2.323346765140741 2.286204411966537 2.277379637187551 2.205613575373718 2.249767455637539 2.289151768170996 2.349611289209861 2.298028215365775 2.305307074624579 2.279779925787807 2.261295220727334 2.275411332983822 2.311778149061865 2.283438763533923 2.223472545636469 2.240277985983994 2.237722055349877 2.251451604981412 2.28659650483678 2.346110375990975 2.322304409961362 2.303002600427135 2.273567695701786 2.269920024014937 2.295806773166987 2.23671822315373 2.237779854582186 2.213402253357344 2.250763777563407 2.271698250768168 2.260873729534069 2.249012319933172 2.261479524738206 2.270401993777341 2.292867662401477 2.326732831075788 2.274568496461143 2.210622293627239 2.234243337439693 2.209293546664412 2.224318250140641 2.236194565186452 2.277662183230859 2.30893815165382 2.377799001788389 2.274977659439173 2.297832566802754 2.316723030588037 2.33276065710379 2.275964032436605 2.293613081747026 2.288756696787459 2.249017387879576 2.244293465786541 2.21329917370349 2.2404810850785 2.294345506557875 2.298369353513408 2.334954938236478 2.348957639616856 2.295273461590114 2.322975680621312 2.332790079413826 2.337417528709921 2.360248157623573 2.348166025169121 2.348620997167018 2.31102741709401 2.314192255118542 2.283632307720836 2.308081704173674 2.266688786196028 2.274992520580781 2.299449608661234 2.295375840487395 2.292776008399187 2.268408644378724 2.276151780872169 2.334508826101228 2.304529927889234 2.331421306764241 2.316945632192073 2.312603057747765 2.343285879120231 2.364302657493681 2.351184250135702 2.382101533276 2.389380709806574 2.448395428880758 2.490485233764048 2.48332868721991 2.480659676839423 2.468795205240895 2.486586785496911 2.519436821050476 2.452154716538644 2.417071616622707 2.42911553472004 2.383054846119194 2.383396871175137 2.407880333284083 2.404436098549922 2.338213565217302 2.305884838908241 2.334643901980598 2.312515391597117 2.325059268656332 2.333789744570822 2.350163545415853 2.319143774104305 2.301020145772782 2.353807948071335 2.314467608117411 2.26625469044302 2.310219938357477 2.235858599095081 2.239026912255213 2.229972651701246 2.234967048145336 2.249095892904279 2.241969656901347 2.265850741026952 2.285529384203983 2.258383697677345 2.237506084390589 2.254932280440698 2.201464699061034 2.241568487628683 2.202953895495739 2.242222099681385 2.207548765167303 2.22190154359123 2.222542486808379 2.271143845106053 2.300124274246627 2.250229781042435 2.305476626221207 2.301424949970169 2.236806346205412 2.253431778663071 2.26212767416655 2.282507299009012 2.328825316799339 2.385301119265932 2.347726100306318 2.345871104218531 2.343040747728082 2.344118902747141 2.279481715937436 2.266247741397819 2.28229285344969 2.25339979461387 2.217083834264486 2.247644085116917 2.189693590298702 2.194992529536648 2.187349175372219 2.214327299223442 2.209844191425873 2.209353348407603 2.217674253879522 2.20712862837172 2.218489038175903 2.238706447300501 2.217042089847382 2.1896310412194 2.162067522055622 2.15994911454618 2.16387783853861 2.166844532352115 2.256661153858659 2.276478911939193 2.242108183534583 2.368218977819197 2.404308133816812 2.567399320092591 2.719287438494575 2.911218693370756 3.152038838790759 3.44098710324397 3.698249306733487 4.111990818339109 4.503572111731046 5.100425236250885 5.681643818274097 6.365898903328343 7.145519492463791 8.104617596356547 9.163036965315769 10.22732855109462 11.22491972901662 12.15704961219672 13.16629338750499 14.23343956572353 15.23304897487833 16.19124117145111 17.04084176976539 17.97941943340993 18.84874093246253 19.77600301229631 20.71719953691354 21.40234146094735 22.13030138767499 22.96299537171944 23.82681356282228 24.80327101952116 25.85335233031947 26.9352103316487 27.81801140994867 28.81894090928745 29.70079515324323 30.51986861578916 31.35942123929271 32.24707076149934 33.1391131658529 33.99411667830645 34.7447516832035 35.47763525801565 35.31008355672384 34.59857792579533 33.79105990417884 32.86507290424925 32.0185333853442 31.14254387478286 30.07626886017533 28.94991761982965 27.61865873918578 26.4922325927655 25.35749902766293 23.98925928280551 22.19799064648578 20.19326791141702 18.44684589263488 16.8516463946944 15.35106790292048 14.0429738513667 12.84757217910919 11.78813445666674 10.86130078365386 10.02912947305231 9.253872999735904 8.552082593254454 7.903455429468522 7.356428556948231 