# Created by Octave 3.8.2, Thu Jul 06 12:29:34 2017 BST <co1ssj@node117>
# name: result
# type: scalar struct
# ndims: 2
 1 1
# length: 3
# name: params
# type: scalar struct
# ndims: 2
 1 1
# length: 18
# name: cleanup
# type: scalar
0


# name: num_runs
# type: scalar
6


# name: dopamine
# type: scalar
0.7


# name: targetCross
# type: scalar
1


# name: targetLuminance
# type: scalar
0.3


# name: targetWidthX
# type: scalar
6


# name: targetWidthY
# type: scalar
2


# name: fixCross
# type: scalar
1


# name: fixLuminance
# type: scalar
0.2


# name: fixWidthX
# type: scalar
6


# name: fixWidthY
# type: scalar
2


# name: fixOn
# type: scalar
0


# name: targetOff
# type: scalar
1


# name: targetOn
# type: scalar
0.2


# name: fixOff
# type: scalar
0.2


# name: targetThetaX
# type: scalar
0


# name: targetThetaY
# type: scalar
-9


# name: exptnum
# type: scalar
0




# name: r_0_m9_G0_L0p3_D0p7_scsum
# type: matrix
# rows: 6
# columns: 600
 2.27643188662114 7.051737472113018 6.768857894501707 6.460228712301614 6.169380709063262 6.03330467113301 6.038248364531682 6.303796222768142 6.802764050407859 7.526865259074839 8.524791968993668 9.752265722203447 11.22021333711746 12.90774124267773 14.69621034034208 16.55219010913424 18.54702531864314 20.61528838523373 22.67353169307898 24.63456136079913 26.69150447109496 28.52649795452817 30.22177128834664 31.64916556569369 32.86755754539263 33.77956707142584 34.25880262788269 34.34633321470028 33.9862648989656 33.00644110856956 31.39625016363789 29.30063991899078 26.61000419320771 24.03108525012431 21.77586302684722 19.78021112493298 17.91992495802697 16.26823600949501 14.82540925685316 13.55679144148598 12.34602433054533 11.29327769244992 10.3295469917648 9.446235316670936 8.68574789903505 7.953856436266506 7.321140885629575 6.768607344984048 6.207436014638006 5.784221958630951 5.384773886318726 5.082608181030082 4.773688008917816 4.468672065740975 4.254838186696361 3.944564300132697 3.786390100402059 3.555073423547583 3.442398289727862 3.278279838348681 3.230599811198772 3.143183741427492 3.035952158807049 2.953291669171449 2.872454229553114 2.822244782688358 2.767133793211542 2.679064995736553 2.660188527357604 2.604889493333758 2.559249815611111 2.572124227437598 2.590163723019941 2.523057190643158 2.451190850551939 2.411175552624627 2.41445816995838 2.402410205537308 2.424545851896255 2.388429196809739 2.384994978907343 2.413138225027069 2.384873060091195 2.404507660619402 2.339235584153357 2.320472494185196 2.306666405158467 2.271697681549995 2.265768474113429 2.252883529297833 2.280847194970193 2.24005980923539 2.229587381130841 2.27578843368974 2.329232991880417 2.337492526581627 2.3353130909436 2.35105320510047 2.318531052144863 2.304042169002059 2.282141211500857 2.316705083132547 2.311067918857589 2.312835222874128 2.293732524565712 2.332434148618631 2.357439408537175 2.291192420831067 2.28489055983664 2.292290261360904 2.215362140588695 2.24457551267551 2.239889979278814 2.285345209213119 2.240649163191847 2.266636967560771 2.277592016307608 2.247049890127528 2.291836437318125 2.230371105990343 2.214558364983532 2.169581518828636 2.17980416341743 2.186051688306179 2.174459466237749 2.172662759505329 2.154563861204224 2.138515030987037 2.126891933115985 2.166540429905581 2.159210959725897 2.182680977830387 2.154191602166975 2.173774460661662 2.153363102148433 2.165333382472454 2.173851433486561 2.167502203636104 2.137381816357447 2.115466690920584 2.184891887442063 2.241946435373393 2.201537126326002 2.241680592298508 2.291502948426569 2.337952522470005 2.347868660368476 2.348063169105444 2.359039471335564 2.346077288384549 2.299157017001562 2.27991876728629 2.364859576799063 2.29966574518221 2.26712775764463 2.299916566174943 2.333706511213677 2.370313989034912 2.411666582818725 2.403283193918469 2.39000193314132 2.355998042614374 2.355517898039579 2.415656069828401 2.381319908767182 2.332910142838955 2.37228590272025 2.35974901291047 2.353165539258043 2.355645218325662 2.3573181621814 2.371964307738381 2.399354339859201 2.307354391390618 2.253355875705893 2.226093004006543 2.205390620560138 2.23285461278283 2.252626190398587 2.22135794310816 2.239265769054327 2.249557326707873 2.281073472528078 2.243606987009116 2.238654921333364 2.252107248141328 2.224239609500728 2.224185962124466 2.229523853820865 2.178836368628254 2.140041833385112 2.155845763711113 2.19633611356403 2.261650264869786 2.285724556644709 2.304220252872256 2.314623773276253 2.313254448952648 2.341611212654243 2.257441138292052 2.320762294817541 2.336500024270208 2.297691968899017 2.258606146733655 2.199746956546733 2.250831590594316 2.20633278490277 2.219997980435437 2.279522983379138 2.242321797872137 2.242772192681514 2.225995648826938 2.223067434017139 2.227469432935322 2.223664929715596 2.266221646954364 2.21372908214471 2.236629537881527 2.222497760943952 2.230859902290831 2.254442597914021 2.315663143337588 2.297745654483151 2.341649449070246 2.350355484391912 2.320372922233219 2.394891728996299 2.362338350299979 2.446210424990568 2.501049581762345 2.449362654726428 2.3750300288375 2.351972633216064 2.344238456827952 2.325076199060277 2.306072226056131 2.283161776103952 2.221822189407249 2.25821243808241 2.283641191497736 2.309834513594978 2.28554875518239 2.274965976495878 2.306368166686298 2.30123956011812 2.32815817600931 2.283816480761743 2.327310880160212 2.334072729328909 2.320780116806418 2.324079937352508 2.290898200131778 2.302903115034496 2.331633338231768 2.307264695533377 2.267816367536398 2.289967309356143 2.307591386794229 2.287690790370107 2.284273932142241 2.264454276886681 2.277168417793291 2.254554461371299 2.341777356494276 2.290023581478636 2.292194458214908 2.258089259235931 2.253665187048682 2.289672623148363 2.276794084307767 2.300329934050751 2.290195372028393 2.331938811206783 2.355838508716261 2.334760495075898 2.295826495232177 2.20452291489346 2.257397768647934 2.31643161210377 2.313791180433327 2.24700471876713 2.303238359600073 2.290815596479661 2.303760892646096 2.318721546118468 2.325657982728444 2.373996637667005 2.356990370779386 2.318358836222615 2.301039244641288 2.243535068155325 2.239189381787583 2.207872757091536 2.176674049333087 2.143356311426032 2.134759491602381 2.112339620827697 2.15114891975827 2.166419124609092 2.190769188302511 2.203015934639552 2.137936906521645 2.147826276905107 2.136983232867351 2.180813970535382 2.214027938629442 2.154979685656144 2.158779468616558 2.146025577219007 2.336448197922437 2.549043852293835 2.726222072460587 2.936367300411803 3.16962178722315 3.609069426136557 4.005323333276465 4.511603963375819 5.085783114285732 5.781348627904663 6.461683011075365 7.285120558575727 8.16788292712954 9.113790890856762 10.10553671623711 11.25558173868194 12.42716205989564 13.56907259788932 14.69918730051359 15.85654422464722 16.87132578350793 17.83838465702866 18.84347519362564 19.84459389639233 20.91463051686151 21.98901691895662 22.98000198257705 23.969051191787 24.93750301279579 25.84770227846457 26.80499460179271 27.78761797447441 28.6678801311682 29.60520738322884 30.55884169737692 31.50757272544433 32.42186781355122 33.37395452545024 34.27111613203306 35.14320294519712 35.99015956444782 36.83490994240856 37.7524694470776 38.6332240274387 39.51253278911099 40.39096484454058 41.29384589766596 42.19336631173064 43.1092306211649 44.0370228543652 44.96645527177679 45.83838691097844 46.67316527977528 47.36377516036009 48.22473078149051 48.65983969780791 48.40640358501332 47.3736676649969 45.90888549013471 44.32613468569252 42.73997805111867 41.19334218800577 39.37437740743917 37.28356440529751 34.50386414623426 31.2554637031426 28.35578603949398 25.6852227012987 23.32476752205912 21.22226688605588 19.3438832823922 17.62262520035256 16.10682349854324 14.7166917983559 13.4609845504383 12.35170202248992 11.33179026445941 10.39877503266507 9.55880837008408 8.765552994602331 8.142078301763831 7.520106656487769 7.001957153201147 6.494420370576336 