# Created by Octave 3.8.2, Thu Jul 06 12:29:28 2017 BST <co1ssj@node117>
# name: result
# type: scalar struct
# ndims: 2
 1 1
# length: 3
# name: params
# type: scalar struct
# ndims: 2
 1 1
# length: 18
# name: cleanup
# type: scalar
0


# name: num_runs
# type: scalar
6


# name: dopamine
# type: scalar
0.7


# name: targetCross
# type: scalar
1


# name: targetLuminance
# type: scalar
0.3


# name: targetWidthX
# type: scalar
6


# name: targetWidthY
# type: scalar
2


# name: fixCross
# type: scalar
1


# name: fixLuminance
# type: scalar
0.2


# name: fixWidthX
# type: scalar
6


# name: fixWidthY
# type: scalar
2


# name: fixOn
# type: scalar
0


# name: targetOff
# type: scalar
1


# name: targetOn
# type: scalar
0.2


# name: fixOff
# type: scalar
0.2


# name: targetThetaX
# type: scalar
0


# name: targetThetaY
# type: scalar
-13


# name: exptnum
# type: scalar
0




# name: r_0_m13_G0_L0p3_D0p7_scsum
# type: matrix
# rows: 6
# columns: 600
 2.309441274948767 6.956818977661896 6.638888841051084 6.289677350716374 5.984285975422608 5.742668492519442 5.755944221364189 6.003014487163455 6.455374326527817 7.2718281045818 8.301946586936538 9.571376346379111 11.1456612853799 12.72701621022497 14.50848241663334 16.47852236190374 18.50083760365669 20.59498171002997 22.68940983943321 24.74252653912117 26.71731088313663 28.54644936437353 30.24849642901245 31.73279508201449 32.92690324432624 33.78472128480644 34.24376645969824 34.27794147243549 33.89857699552522 32.99489818231086 31.5497874836874 29.3331608794615 26.6132143006289 24.09390054847245 21.86254000383269 19.84696253338188 17.92528959516494 16.26450470492273 14.76473404559874 13.53053467984137 12.33919839336886 11.23690907729542 10.27572040830637 9.418987337981889 8.630006480398151 8.011403885466279 7.373604330376111 6.831090930638311 6.288173423279659 5.851656597114925 5.410865141660906 5.043802528249216 4.723278353701062 4.370901849748407 4.117763997797738 3.836784379986057 3.688012700775289 3.522143442300148 3.375808614400739 3.242309591005323 3.130235155666014 2.993408319271111 2.899785141467873 2.833485210303479 2.785193978470488 2.747880867067579 2.754367704976175 2.705052484805492 2.645474765115068 2.591992179506633 2.639618174049247 2.555257875887037 2.508969102773335 2.507075257042743 2.383099143866275 2.426664822891325 2.408930134726688 2.389580096169084 2.353820511088998 2.34980934743362 2.32072928789421 2.327250594743418 2.27472184438011 2.341242686379701 2.271996143274009 2.27517884196277 2.298767274034617 2.289778093789209 2.246495247451094 2.212239507931372 2.169947086724278 2.220450670283753 2.215154204564897 2.199660672045866 2.221829764243012 2.19857091436279 2.222851733502466 2.242272159222921 2.209783642640105 2.197217657063447 2.207270318468545 2.210886532573568 2.24690847576494 2.207823196251411 2.238347851634899 2.259010227222461 2.274050747910223 2.278098877774028 2.266864564011485 2.276595819184877 2.325119250494026 2.309080109840579 2.282417471593362 2.270417229537998 2.270204844411637 2.235642072446353 2.324646089044109 2.313741444795596 2.295873018054408 2.291844693871099 2.338672715902248 2.321295184010523 2.325180389041634 2.343845387589681 2.352067328043631 2.326103268744191 2.353438333855593 2.409943421993376 2.347913843168499 2.294117300425569 2.300942239055075 2.296713790987269 2.293789600014861 2.275521624012981 2.287241833691951 2.339478286863596 2.370078537333029 2.351620652614656 2.327466852922953 2.280731062150153 2.261471942429125 2.241777750910842 2.26607234365656 2.237603449353628 2.213513874492492 2.263711673385842 2.222045791962955 2.251341766619589 2.191958156614419 2.183296753169998 2.157182674705837 2.128146352491967 2.164091462498618 2.158700444182614 2.157061389210867 2.179460968851345 2.142620958518819 2.043112240629853 2.046274774436824 2.025541634204274 2.061026185885567 2.120601585589611 2.098418552486692 2.073273788890219 2.101148723380902 2.112247702942113 2.069817959134525 2.08733524067793 2.059109690599144 2.075830991561816 2.143019141687546 2.142880324077851 2.18465046572237 2.224616649127711 2.26968204916011 2.262310350182815 2.269591068434238 2.22649583646853 2.275336416976643 2.321958640251978 2.253214212265448 2.243773830246937 2.231529476564901 2.231184260264854 2.246157478757596 2.236357387220778 2.206291270573274 2.205985718723241 2.25645377346882 2.286509162608127 2.341895954254142 2.330588758879458 2.332127709736596 2.339700225158595 2.268064279858663 2.221947370977432 2.166168623058184 2.157500138695468 2.181463722528861 2.179483249534314 2.20182354892313 2.205464673992537 2.190377457773138 2.227914755079837 2.25798145646695 2.264632727150456 2.252218618516054 2.239750168362661 2.241960124316392 2.26298963703448 2.310523618605657 2.325200314931863 2.297445605119719 2.27104933220653 2.23955253346503 2.239375730016036 2.222667875423213 2.221985492564272 2.210964750924177 2.230069832858135 2.226343932350574 2.273952577321324 2.21751396936088 2.20044372621669 2.189467571417481 2.24954435093241 2.242886291144714 2.245572543914022 2.238509295268159 2.265844353169086 2.286174683446006 2.240117836721765 2.284925740586914 2.218281603985815 2.300320863432717 2.262741292353894 2.242907870437193 2.270084398514882 2.320754913394921 2.343063122483727 2.284072434718837 2.291136370396998 2.251720212298096 2.237545621748723 2.257709428406088 2.241566390657681 2.254660656730266 2.267960582721571 2.282017508696299 2.248272971904953 2.255373750222134 2.255263132955861 2.194099972817639 2.210721392475534 2.236792501173113 2.24859778429709 2.28895555064264 2.254817674224796 2.234428456853493 2.205612383928383 2.188229551436962 2.16850785058341 2.236571840203396 2.284975205726369 2.338297588983551 2.357103282523894 2.373796808009502 2.378661560887849 2.362385785774677 2.382740071883745 2.358744827739429 2.359732807133696 2.385312521801097 2.343646886525676 2.391108510879349 2.413969465611444 2.387727487075608 2.401671963038098 2.469177088136348 2.438948791415896 2.404213776746474 2.435526792989549 2.376140820539149 2.383255562061095 2.41303474675442 2.349495952055804 2.402026333409594 2.362013599355123 2.38872324449585 2.379992932583264 2.405712212526851 2.392590375591681 2.367857019235089 2.403735473653796 2.386204310167159 2.319079484228496 2.302219683559088 2.308205613328028 2.337521786859725 2.282729679904151 2.30842639914772 2.325240114667395 2.305971071458771 2.2496466752782 2.30089820556168 2.298137110580683 2.306345274701016 2.27938550619001 2.281971602154954 2.308689826950285 2.305676548749034 2.355862874028389 2.366112811432686 2.326671240894939 2.357298327522585 2.35073133064725 2.314753857594042 2.288037550747504 2.311137892058468 2.383459041200695 2.50410922779156 2.666575162060326 2.873050716326816 3.069978364579583 3.253108961718681 3.505250675909338 3.81893377583765 4.180716702714562 4.550429888520739 4.98806501654326 5.430374409283104 5.96041490306925 6.548295523927663 7.104117662067438 7.683548361354042 8.296863761133864 8.934862664093089 9.666141639507259 10.31738998383753 10.9697388548874 11.67060947336722 12.39523771967652 13.14750734510017 13.84817377328545 14.4843748406056 15.13512821347103 15.79070503508774 16.39628827918932 17.00048069044715 17.62171112633041 18.19696981872403 18.76842422011941 19.36975302005158 19.96165731220754 20.53054788806912 21.18453900024906 21.79321734876794 22.48477189321784 23.11950361614799 23.74594646214973 24.37478866770107 25.00805729535205 25.57244687628918 26.17082432152529 26.75254671456787 27.31794646087474 27.899495422359 28.36170508690338 28.85778034232499 29.38470406789384 29.38871631771326 28.70999084257346 27.68678022114182 26.40452690488019 25.20119174978026 23.85679193072428 22.56872924602612 20.86962724856858 19.07173399662133 17.43889576634319 15.87045567303358 14.50308123357172 13.29054160696251 12.12814692474058 11.09948204413013 10.19841996063042 9.37828238302609 8.627983156351547 8.00835488042685 7.419284425930528 6.916957930199715 6.432261908561486 6.025989906083851 