# Created by Octave 3.8.2, Thu Jul 06 12:29:30 2017 BST <co1ssj@node117>
# name: result
# type: scalar struct
# ndims: 2
 1 1
# length: 3
# name: params
# type: scalar struct
# ndims: 2
 1 1
# length: 18
# name: cleanup
# type: scalar
0


# name: num_runs
# type: scalar
6


# name: dopamine
# type: scalar
0.7


# name: targetCross
# type: scalar
1


# name: targetLuminance
# type: scalar
0.3


# name: targetWidthX
# type: scalar
6


# name: targetWidthY
# type: scalar
2


# name: fixCross
# type: scalar
1


# name: fixLuminance
# type: scalar
0.2


# name: fixWidthX
# type: scalar
6


# name: fixWidthY
# type: scalar
2


# name: fixOn
# type: scalar
0


# name: targetOff
# type: scalar
1


# name: targetOn
# type: scalar
0.2


# name: fixOff
# type: scalar
0.2


# name: targetThetaX
# type: scalar
0


# name: targetThetaY
# type: scalar
-10


# name: exptnum
# type: scalar
0




# name: r_0_m10_G0_L0p3_D0p7_scsum
# type: matrix
# rows: 6
# columns: 600
 2.308514663023743 7.021988335705828 6.699726006081619 6.406047012249473 6.099882839764177 5.956894358234422 5.952832126349676 6.288648862137052 6.77131820194154 7.549278590160611 8.601659051557363 9.848512303149619 11.32943479794631 12.90380931281834 14.72179040755509 16.58599842327385 18.53415982697334 20.59001114588318 22.66368240766315 24.65166011320616 26.65097167351632 28.47733278315718 30.15857579815929 31.62346569554938 32.86396154608155 33.66611899172131 34.13507601592573 34.16491439822858 33.80072604466113 32.87350064320708 31.44738174031954 29.31251816383883 26.63572977993317 24.06208209040051 21.76429159538748 19.76534131999506 18.02783125865608 16.32260874244457 14.841965206851 13.50854605117638 12.32225583740001 11.20196008526545 10.23713286950078 9.36929333727312 8.57624656673579 7.888602754639578 7.268209914449471 6.723500385865918 6.192718038179009 5.750871522381203 5.311134371237131 4.990060852505849 4.640851398049563 4.370027279084752 4.142765817166946 3.943384514946956 3.717623383396131 3.535539097720175 3.384557471974404 3.215161921270919 3.207108409282228 3.107633528143197 3.035768839563389 2.909311014813284 2.785147280474121 2.689624982445821 2.604637727718 2.598591451325774 2.616837535304512 2.553065545740537 2.466531851059699 2.439478755910386 2.448907510675781 2.380410247926193 2.356060757390878 2.346655313897372 2.312666574864124 2.361541091460822 2.30347681127023 2.305049024322216 2.306918623206002 2.339129004798451 2.318955465643739 2.317408914026601 2.227113930312044 2.237674425382693 2.242614265538577 2.237637031705162 2.258930760788644 2.323473663534969 2.281423934917257 2.240732885667057 2.242221525993955 2.287477221369045 2.33085369534092 2.271707907148084 2.222490437077795 2.243222632132529 2.267848358977062 2.28932102676481 2.293000463752833 2.24013109601583 2.229290934446908 2.229544883513881 2.223721926472535 2.259374802166349 2.304273658446618 2.269816134797111 2.230566500285931 2.244795367965708 2.257236300585646 2.259351695145597 2.238378378751804 2.290618727602123 2.30568061577651 2.341076977168086 2.264412061158509 2.20096502807246 2.232920151314829 2.274162691275706 2.247147336682247 2.237949349731934 2.274002075035241 2.26598229942465 2.252295342361322 2.268942957933177 2.288218077694182 2.291544513136614 2.283641078338405 2.297211727112881 2.320489057994564 2.368477835916565 2.352697991478635 2.307013285473658 2.310938271220948 2.285537755655241 2.36430763448152 2.418590817513177 2.353576216251895 2.335616253461922 2.293512307226592 2.347628310133587 2.286410952879123 2.242726840326213 2.250594221361098 2.254073962070834 2.222785767855385 2.183766641239345 2.171707616405911 2.232885206542051 2.186202621669509 2.226005707543663 2.257958056314237 2.254168301951722 2.255195777135668 2.324226582721167 2.335016393586329 2.295173563419667 2.284888253456302 2.186317765826971 2.137663839414017 2.17039810611459 2.194237541174516 2.176539217589379 2.160914365140343 2.194961237364623 2.229173157815239 2.226994209260738 2.201950386312092 2.217283267771563 2.254557390522677 2.245398728416603 2.253917839097994 2.26070286328104 2.206243618697044 2.248320034897915 2.271404521379736 2.277487568697325 2.304421429216745 2.296061984459811 2.285892748695915 2.289140327939094 2.259680810340797 2.260996421076925 2.248235140035831 2.27186008004719 2.234001218013873 2.243239015035215 2.21880325327038 2.213710692418317 2.223903844846063 2.183920577102981 2.251635348453419 2.264450658805799 2.249261093922541 2.295072219945723 2.320475510401593 2.363232195562887 2.353308000522702 2.35179402020367 2.345784009030467 2.280511434610162 2.277784673176939 2.269526483687514 2.27727221618261 2.22406513727401 2.300527623747257 2.280929570224544 2.302822384466708 2.372081894085568 2.340025008943485 2.349814177872759 2.290823919418472 2.346448265663639 2.371906875392597 2.321864811622163 2.304371633639676 2.284208377881441 2.229997254904447 2.229162291485409 2.250179972872502 2.221067502367077 2.262889719862869 2.260740560763224 2.267477452216554 2.220942643471062 2.177647742282716 2.145880107710582 2.205347297640401 2.202812102837925 2.214137835653673 2.235357090794423 2.218232940282178 2.268141496304452 2.208247178030433 2.25155622856073 2.262004264328425 2.305248911168746 2.331730059981055 2.368377657578094 2.374158381549933 2.390769050569361 2.371628697219421 2.354001588413666 2.394689480870511 2.362384788892086 2.322204744545161 2.273178567680588 2.241932205590274 2.271093403476698 2.282233922120213 2.271947725035716 2.2580505227088 2.232326263663708 2.281125397003052 2.328616501377837 2.309320125365048 2.30234467988339 2.301826869297656 2.270452590128116 2.273933078013215 2.273830296726373 2.2700023329744 2.272998119133263 2.240748517433531 2.221659281145548 2.232188404577755 2.280827603062789 2.258973606269137 2.206402296527813 2.208302786006243 2.227602112659952 2.169874091508973 2.172841624076682 2.196001333282766 2.235186629555756 2.22121748560312 2.217232507297012 2.221134613144386 2.220490177023748 2.265703712524555 2.235328468169428 2.223405036466374 2.257643883105629 2.186887842934084 2.189129724429222 2.136135609864141 2.197889198310804 2.213014298820781 2.188911254950654 2.22758310977224 2.216495869601204 2.252270502791362 2.318713704280526 2.302624537762313 2.304208881934755 2.267007674901834 2.289143478919868 2.307023187215236 2.288744876119381 2.261133710831928 2.224046894523781 2.236608967981738 2.233908901718678 2.22595303844173 2.283543990553881 2.251470765628255 2.341067956565894 2.365281361497182 2.479143693684819 2.625678025429806 2.824108625922236 3.069210419653245 3.327886661164484 3.678865077379669 4.083049016302539 4.617127003490168 5.162441249744006 5.744594424893876 6.40452871274465 7.087409152449254 7.902062657216447 8.679515976516996 9.538356631335773 10.46624256790165 11.39307289773205 12.40332008132827 13.44034460638068 14.4122878662929 15.41921827571787 16.33995950446842 17.20111016339797 18.12474596761604 18.99587805729789 19.84010552378459 20.71681653017731 21.64228599536 22.5484843400809 23.50474848681915 24.50306971554892 25.47739263462427 26.26518670366931 27.06785904144999 27.86233752041881 28.66753602502286 29.43152149099842 30.19150358821935 30.95593192745946 31.67593776699505 32.42984234312598 33.22293039577198 34.04411985943443 34.82326249057223 35.64375556681625 36.46823977239546 37.27277290932761 38.14292071527234 39.06052775852277 39.91936663402885 40.68289362325959 41.46718917936232 42.23982868699386 42.59312703637988 42.11391555522096 40.93904144644694 39.40911329476512 37.85404804609425 36.50600828292227 35.05407716390619 33.23140859375417 31.03485582175199 28.32661345761881 25.67467406700416 23.32450811180024 21.18134008227935 19.25371168353922 17.53239609107004 15.98430566069146 14.62785509035166 13.43312394510576 12.34223072446548 11.39657657126372 10.48318119293253 9.641001348049031 8.91674848834009 8.267421928669137 7.661468053061981 7.104990033447393 6.633158995817212 6.246684674784774 5.822706094586465 5.446536399475008 