# Created by Octave 3.8.2, Thu Jul 06 12:29:35 2017 BST <co1ssj@node117>
# name: result
# type: scalar struct
# ndims: 2
 1 1
# length: 3
# name: params
# type: scalar struct
# ndims: 2
 1 1
# length: 18
# name: cleanup
# type: scalar
0


# name: num_runs
# type: scalar
6


# name: dopamine
# type: scalar
0.7


# name: targetCross
# type: scalar
1


# name: targetLuminance
# type: scalar
0.3


# name: targetWidthX
# type: scalar
6


# name: targetWidthY
# type: scalar
2


# name: fixCross
# type: scalar
1


# name: fixLuminance
# type: scalar
0.2


# name: fixWidthX
# type: scalar
6


# name: fixWidthY
# type: scalar
2


# name: fixOn
# type: scalar
0


# name: targetOff
# type: scalar
1


# name: targetOn
# type: scalar
0.2


# name: fixOff
# type: scalar
0.2


# name: targetThetaX
# type: scalar
0


# name: targetThetaY
# type: scalar
-8


# name: exptnum
# type: scalar
0




# name: r_0_m8_G0_L0p3_D0p7_scsum
# type: matrix
# rows: 6
# columns: 600
 2.321834569593193 7.109812550930656 6.711109833715454 6.341303885892557 6.091072942937899 5.996890071888629 6.09701127486187 6.274559548081015 6.746895365475211 7.494440515620227 8.524828677465848 9.783095240927651 11.32930232409126 12.98738451262943 14.84212144978665 16.69072324813169 18.63180901686064 20.61907154119399 22.67218837222026 24.72105278802337 26.74066621568636 28.60404536452916 30.30709827759347 31.84928852021767 32.99561347398412 33.8484180689702 34.34025826205834 34.38782465825352 33.92147312631641 32.9810726229116 31.48989145459927 29.29602508528478 26.52606129139531 24.03738443749535 21.73956891045236 19.6612033991405 17.7572363293657 16.09182690089074 14.61339322662388 13.28225599024518 12.14804893494511 11.13825178908883 10.26610385165259 9.413612170632405 8.611143783800799 7.892534366597829 7.280626964963631 6.716171432875853 6.308046965743415 5.872714343735424 5.485918425081763 5.079561759266653 4.672085294288991 4.373318058565928 4.164439832642529 3.912414322141558 3.733965793886455 3.594968003006215 3.371111338594346 3.228426041237981 3.091604537945386 3.055444113142585 2.914901540520077 2.83090161360451 2.751682248272118 2.587611683935393 2.543961528557702 2.483400743079983 2.448549453241867 2.455937821761836 2.413848291236718 2.391212637914577 2.421109796021483 2.40891279760217 2.437988443131871 2.385228562634438 2.400589406630388 2.390032083159895 2.380016815572162 2.393841394077754 2.385798208564665 2.376201211907755 2.362319852843939 2.350612941268992 2.333251498765094 2.356680964803672 2.33946662764356 2.313943630995709 2.308333768509328 2.287080121233885 2.305852325167507 2.315266474117379 2.304251235287666 2.308061124866072 2.21424851592019 2.231251564513514 2.248581665720849 2.294119815960585 2.305626521963859 2.288208741229028 2.249794726651089 2.209352902777027 2.219370367152806 2.239190485162908 2.219787004592945 2.156009513455501 2.11075307918145 2.133083510288998 2.171303502916999 2.22961574607325 2.272984996561718 2.292876093077211 2.298350679200666 2.295606411571498 2.267749425285729 2.260809306773808 2.242163933970005 2.257688951907767 2.338588928085301 2.35239740506222 2.384818509293837 2.362182909884723 2.355015587279922 2.378657080109406 2.311998868775845 2.335223711608705 2.312014061870286 2.328534353939176 2.336572565702227 2.346262819621188 2.375382577483833 2.35355849609914 2.409769152849549 2.35945792669736 2.390643843360522 2.39345414930176 2.369289387108438 2.375545730970771 2.381612599863729 2.36810927723127 2.361738884481383 2.353501627170772 2.324719792653923 2.375645872220048 2.390693725945312 2.407908526991378 2.376842162488174 2.358573054167209 2.316576091816387 2.290173167915782 2.306125451221305 2.345615430473117 2.345460015581921 2.391651527751492 2.298552416599705 2.310236900098971 2.333231342941872 2.339951850084617 2.31164289109438 2.343009655774949 2.292316914543335 2.225837125173712 2.242310532696138 2.214518764746572 2.261637202718703 2.276483538429602 2.277271317929262 2.261323263690429 2.291392984836421 2.321067674907681 2.345533289208106 2.336493705301109 2.336602392275381 2.298006829008955 2.286593713995899 2.27246637974531 2.328553230210673 2.371079817268765 2.268730310956016 2.226479133769317 2.218700511409224 2.137966892441909 2.213630798098166 2.209815817463095 2.292778949473359 2.283636171596299 2.250851013192005 2.26823621485164 2.278993780571909 2.326699026829374 2.359749002491299 2.385892819082073 2.370212872130651 2.42298867108002 2.412009776853665 2.39254873025493 2.413637095516606 2.406351997866295 2.346836089302087 2.316824920722865 2.303456241788808 2.312714446041355 2.314444293806446 2.334035638186833 2.335844644581812 2.282794140042824 2.31367448594392 2.305933954927241 2.301305106160726 2.375679015032802 2.385322142112273 2.407271695432428 2.416006163777638 2.368353964629932 2.389597369852709 2.371256436717886 2.323301394782902 2.330244091055647 2.334999706765302 2.253988032276538 2.28717351918749 2.310967894234636 2.298908435161138 2.319566652937283 2.318183014936949 2.299480822424812 2.28455445059808 2.285612000552646 2.322555671897135 2.28991965361638 2.317240017793665 2.32714560812019 2.277659333285555 2.199585856793419 2.225967397826025 2.247428596634563 2.266593795393419 2.289193369400891 2.28530513602891 2.297073802646992 2.311603654074133 2.299738140245609 2.264180275922627 2.328678156067326 2.297432079583814 2.242027011161554 2.225661142765603 2.253968491410888 2.260484333208296 2.250268051162493 2.242101518546406 2.2489325262286 2.290502085270418 2.333300730660994 2.306797471923346 2.302884464879753 2.288087944594736 2.311280398691451 2.362136162366369 2.355585938593777 2.36386889437199 2.328548814428359 2.258286132382636 2.241630718985107 2.228808409701742 2.209160845643055 2.229038264365954 2.228820010850541 2.201921618772758 2.205979506084986 2.246273291839316 2.252990748896991 2.252440918440698 2.195293157372362 2.212934747258259 2.20768573188252 2.193724416079931 2.206376177309721 2.187416628868959 2.220290182612189 2.23962300823041 2.255323137711457 2.336102002536791 2.32450761939981 2.356274772887446 2.352809653937584 2.330824498294533 2.345032468798308 2.341610055271303 2.361446092429105 2.34201134410614 2.348989316880761 2.408761605634936 2.353059915836639 2.355827388135367 2.372671199809702 2.386143617297421 2.382983913321368 2.378968317767431 2.4027208914722 2.420729616796962 2.394715434358659 2.425496790739999 2.369484454036865 2.408430400246289 2.415316093962247 2.525642320928455 2.659330102906097 2.909176677516371 3.116283131264936 3.399649195933307 3.797891052752675 4.210247557279217 4.757901053519163 5.317687449190998 5.989908120440305 6.706773025562143 7.507363019816694 8.450566899760815 9.437103694639518 10.59718672782765 11.80229328227506 13.10367539494109 14.32084553435561 15.57059811340514 16.80440784176608 18.00345151233341 19.15154277616602 20.30161891560056 21.43442303818665 22.54400904688737 23.64566049237692 24.74762740896767 25.8060573443363 26.94673350555604 27.9920088269937 28.99404353497994 29.96124835987575 30.94600015139804 31.86543865968633 32.80768114780585 33.78370742239349 34.69814495732135 35.66538150076667 36.67366149956069 37.71438309486257 38.68580326333904 39.62449113474941 40.57762973055651 41.50212508195182 42.39242766994539 43.38907560086955 44.38937498383711 45.25690457829478 46.1157104838494 46.97575994819636 47.74541210153984 48.55172722588031 49.35313459177269 50.0346366484082 50.70209458601676 51.42387529068583 52.15173719999439 52.77673216575204 52.96491512952707 52.41823373998341 51.33856661427853 49.96983578311483 48.38445942433464 46.66970000754372 44.85707651549455 42.87733115407536 40.47083830267366 37.25863910954922 33.73386350832698 30.56879674856464 27.74436270853039 25.20407906461332 22.8720493633482 20.75705924445356 18.93287440740096 17.27051645360916 15.78395702667694 14.42521736556228 13.12138159597453 12.00577303400132 11.0639279259849 10.20563819291419 9.485843319062042 8.764160175567667 8.103151928229636 7.502515915282856 6.93277174175455 