# Created by Octave 3.8.2, Thu Jul 06 12:29:30 2017 BST <co1ssj@node117>
# name: result
# type: scalar struct
# ndims: 2
 1 1
# length: 3
# name: params
# type: scalar struct
# ndims: 2
 1 1
# length: 18
# name: cleanup
# type: scalar
0


# name: num_runs
# type: scalar
6


# name: dopamine
# type: scalar
0.7


# name: targetCross
# type: scalar
1


# name: targetLuminance
# type: scalar
0.3


# name: targetWidthX
# type: scalar
6


# name: targetWidthY
# type: scalar
2


# name: fixCross
# type: scalar
1


# name: fixLuminance
# type: scalar
0.2


# name: fixWidthX
# type: scalar
6


# name: fixWidthY
# type: scalar
2


# name: fixOn
# type: scalar
0


# name: targetOff
# type: scalar
1


# name: targetOn
# type: scalar
0.2


# name: fixOff
# type: scalar
0.2


# name: targetThetaX
# type: scalar
0


# name: targetThetaY
# type: scalar
-15


# name: exptnum
# type: scalar
0




# name: r_0_m15_G0_L0p3_D0p7_scsum
# type: matrix
# rows: 6
# columns: 600
 2.243708807836811 7.025514911976643 6.765209438366583 6.440157405064383 6.161186812383676 5.980459953292666 5.988621771495673 6.154938113253593 6.600248289541923 7.360273763231817 8.396620186365908 9.699045434168511 11.2054330840881 12.84557719592158 14.65010265549063 16.57729108404055 18.57495224983722 20.6248474548338 22.69758117731544 24.78966417805714 26.8247350356105 28.69577836600365 30.38437375174544 31.78532832918063 32.94049267738228 33.77968362033243 34.24648833137326 34.25719064205168 33.76783470688133 32.84116597037428 31.35985268473087 29.1723066942759 26.51756579709945 24.05689848686598 21.7875454847308 19.69921280068957 17.85748151946245 16.2020811152579 14.73255461988447 13.43029178553206 12.16172505339637 11.10181782903237 10.15874830615212 9.231494806335832 8.461145075893 7.753933606461942 7.141668429598212 6.556312336815608 6.060763868357753 5.613564265418972 5.283558396564331 4.913349578135239 4.600805044916342 4.326538575573068 4.077690548871033 3.865328146434877 3.624931062150608 3.43013419824274 3.300283235919778 3.171829072074615 3.087949407894484 3.057212246807467 2.971609936023015 2.947677878455579 2.820449765690682 2.780022873863345 2.728767163731391 2.713364529841783 2.609372704911948 2.548939179854642 2.486971850394184 2.439617427349731 2.443065805888182 2.38083154724518 2.35566656847368 2.353962767454505 2.375292045486276 2.413369547197362 2.451712934202078 2.477282167117664 2.395265204715542 2.370519518226502 2.339365648273088 2.360417734369548 2.327136446467193 2.373375778428453 2.338928735491208 2.349024659750285 2.366038001840934 2.298658858489944 2.275950255490898 2.290166720831621 2.299179546178493 2.273121847698349 2.272103283718025 2.259942831131411 2.268018637591013 2.22364830519291 2.190173092072655 2.176967572020658 2.241017114363785 2.213703774265014 2.181952862345497 2.143468676895282 2.219457706698449 2.26294979739032 2.257441724595992 2.283740994554137 2.283554360663402 2.237057893100427 2.217958477460343 2.203469177824445 2.263514795817173 2.283005997414875 2.279290442358615 2.253143717403873 2.277882323338417 2.299854439332194 2.307323222936247 2.337131434804178 2.35249362182094 2.309707343461923 2.275467594471593 2.276150150468311 2.310589011205593 2.281458847468457 2.280369643573522 2.270363369818369 2.273775165991538 2.279423892225168 2.309000051325711 2.320221880090685 2.358252147154417 2.370394678724551 2.318591840241425 2.328550121732405 2.356877135964169 2.429497118977451 2.408684985977743 2.414867334751762 2.450824331201147 2.41569597646594 2.408616789256484 2.40421004610107 2.402042928930314 2.35989765377235 2.304973838487058 2.271355442462664 2.287568388372165 2.308483439381234 2.286305323703345 2.280723595949894 2.308225651342582 2.296476843652272 2.337648501030344 2.337054479430662 2.291058191669435 2.272528060930199 2.341182327916613 2.338701731503534 2.377423231533612 2.352055752138767 2.36286273427686 2.344749935969958 2.347573783921689 2.323724192348891 2.320168392376218 2.337145964958836 2.369490485703864 2.412785965714647 2.40043944359968 2.425396997510688 2.45222514460329 2.50210381701072 2.489103785035695 2.563245607427234 2.538661074526317 2.51619358876269 2.499395845727122 2.440396310576034 2.448736415413805 2.417079670369276 2.466553631566057 2.417512488558714 2.414806088275327 2.406277504109312 2.416293825452158 2.373150480190816 2.386961880662966 2.444106108454434 2.44028927396721 2.410336120832653 2.412175454239332 2.433274361959775 2.462977756000328 2.423251152256853 2.37696882038108 2.377478527661879 2.344993567625352 2.269360349644558 2.344520351827668 2.315932051969867 2.332650602445938 2.350542440805839 2.317476405147318 2.244681963333278 2.220014979640837 2.212339198633344 2.187648093589814 2.2580772940928 2.266604855190963 2.241464145467035 2.249095492203196 2.276096043606231 2.375776562603278 2.350635143191539 2.358956110296276 2.364792511856649 2.353341375754098 2.38057648899121 2.319176378914563 2.305861848319182 2.284994593876036 2.28038454007401 2.225479564063789 2.244183862701902 2.248821269327891 2.328532664992963 2.388363476993618 2.353088774732896 2.33375767266989 2.321610534032516 2.29389502318736 2.312005692820094 2.250005088164471 2.204578614864658 2.221900379394356 2.218431465895264 2.235958971759828 2.268467333113222 2.271348685761041 2.366786591381242 2.302166036817653 2.28014231150155 2.291292077843536 2.313776826791582 2.29239330139535 2.281299892252719 2.323221495538746 2.328082089705276 2.398394327543429 2.386861242055602 2.399843690565831 2.416387429842871 2.340746295943973 2.307408496253629 2.302451295261562 2.350594993877166 2.314313254304579 2.328306179451829 2.265886593726464 2.20492478937922 2.233469366237841 2.186751729652315 2.230813361007677 2.224137826626247 2.226398454811715 2.238001600740972 2.295802211325281 2.267468665053457 2.193989529412647 2.217493258991453 2.233218213975306 2.212348404187651 2.20656160341241 2.190426852084784 2.213099599881389 2.267233351940376 2.294008867174853 2.290813518677169 2.300491625806899 2.278604252038349 2.302017948564753 2.303552062054223 2.304616011097096 2.241006572472543 2.239046466216678 2.194785033840162 2.244126737918123 2.193275248297141 2.191755432722857 2.259840965889452 2.270688625125331 2.308071345702047 2.289102278635255 2.339397404952251 2.33843232550862 2.318784211078309 2.29376391119149 2.322743766144413 2.329589108318032 2.353362994468625 2.363607564817357 2.396276854109601 2.371922062102385 2.345599016305641 2.374713371733378 2.382832959818188 2.399043660421739 2.377041071224085 2.390762158018333 2.42392101684527 2.450320646414184 2.407269575816827 2.399171854711312 2.373279025397096 2.369973632979963 2.340893065826094 2.311607723833731 2.323217114237195 2.35360499790113 2.322571865164718 2.323840337234287 2.370958218903979 2.410294345201692 2.431476550402294 2.537332998927013 2.660980196546006 2.809946621962808 3.010140151687665 3.211957556159177 3.410320401504578 3.659875356876 3.903751487101545 4.285660073034705 4.664957007432349 5.005729827058531 5.385357046128775 5.784033346037177 6.227280984043318 6.611141548130036 7.098125806560347 7.580299764253141 8.071512646576593 8.622470644437271 9.171446220338112 9.756506795209134 10.25865200508269 10.79064301470135 11.36295130188955 11.86617126996498 12.42700903251534 13.00838972593192 13.47028288785077 14.04601747221386 14.59925168384143 15.10688289510472 15.54784407411444 16.00577750284356 16.53527967206173 16.99762382079643 17.52908454219869 18.00770480076972 18.45336863210468 18.96980871614505 19.43433475803613 19.92887204862564 20.39613951095998 20.87296915600837 21.35553949288806 21.77826874999664 22.24154100623127 22.72726424605935 23.23383557132183 23.49345111908042 23.09020175552723 22.17996653124283 21.13454128445483 20.16653051022149 19.18793528775859 18.06863037011317 16.7643266260493 15.34910279685209 14.01583484822186 12.80442756208504 11.72196994649858 10.7702107092482 9.94621160321185 9.203993109586008 8.428455590164958 7.813874544081045 7.216835865474422 6.720824635318422 