# Created by Octave 3.8.2, Thu Jul 06 12:29:30 2017 BST <co1ssj@node117>
# name: result
# type: scalar struct
# ndims: 2
 1 1
# length: 3
# name: params
# type: scalar struct
# ndims: 2
 1 1
# length: 18
# name: cleanup
# type: scalar
0


# name: num_runs
# type: scalar
6


# name: dopamine
# type: scalar
0.7


# name: targetCross
# type: scalar
1


# name: targetLuminance
# type: scalar
0.3


# name: targetWidthX
# type: scalar
6


# name: targetWidthY
# type: scalar
2


# name: fixCross
# type: scalar
1


# name: fixLuminance
# type: scalar
0.2


# name: fixWidthX
# type: scalar
6


# name: fixWidthY
# type: scalar
2


# name: fixOn
# type: scalar
0


# name: targetOff
# type: scalar
1


# name: targetOn
# type: scalar
0.2


# name: fixOff
# type: scalar
0.2


# name: targetThetaX
# type: scalar
0


# name: targetThetaY
# type: scalar
-16


# name: exptnum
# type: scalar
0




# name: r_0_m16_G0_L0p3_D0p7_scsum
# type: matrix
# rows: 6
# columns: 600
 2.258747961051995 7.045591055357363 6.677783317318244 6.356829194526654 5.986095167460007 5.845346675715064 5.993846698416746 6.148034158020891 6.691392102067766 7.51505989911675 8.489541450103388 9.667453536207177 11.18974642557441 12.88178376238648 14.61645996901279 16.52996973670088 18.50116766575957 20.62901883879385 22.65714838042186 24.72190398426028 26.68237877373758 28.59284786323769 30.33959394803605 31.81725884237676 33.01530298522175 33.8381022174508 34.36054307356972 34.383971527619 33.90912965422467 32.81681545508582 31.26178855600301 29.09305896451951 26.33568279292376 23.77378207753645 21.51203359777355 19.55701745949045 17.7557499501945 16.16021915707825 14.66546730229311 13.31634144256532 12.21004214267305 11.10709435570607 10.15250724495127 9.308882411787636 8.493466582051042 7.82263624274492 7.215046836994588 6.627230143501947 6.160098628181004 5.696997163307969 5.306647942799827 4.890177397865045 4.59246225525203 4.303631009584933 4.079122138835373 3.836697283244575 3.6881607825635 3.539159318868769 3.345722946669412 3.193786011672273 3.111550704983529 2.944637278495065 2.85205784441996 2.790582297782748 2.689102082815225 2.684464600482897 2.615557457074829 2.565540250823688 2.552675549479318 2.489499739136591 2.553731321942905 2.524600849235867 2.438683236119687 2.461759539335617 2.486587537274318 2.385072271517856 2.341423116555234 2.316247034639673 2.313072514029045 2.380102141331008 2.352682886416005 2.308669422865933 2.294359085055476 2.312259444966912 2.328850733450963 2.300456840046536 2.333564319931611 2.319148281323578 2.300404600083311 2.281627441207092 2.284564747991681 2.265661871528209 2.268196877805167 2.237945942764782 2.28106236653548 2.300392190853017 2.315488897573232 2.271346855519369 2.224300238813157 2.210365896396979 2.308865636518021 2.339581354717666 2.319866335732513 2.311367414222332 2.314118393717763 2.330963917209374 2.352045988292957 2.300239189899003 2.228332615777617 2.279106976457115 2.341701146564446 2.346890270491713 2.325743485111161 2.3354509386063 2.324379324672918 2.288095531497675 2.285839956988639 2.271496613775525 2.278616813593544 2.31065040325484 2.362732056444656 2.337861441706991 2.352988143429684 2.346984919570787 2.311447354542906 2.302195860629581 2.29481121012941 2.32222357723731 2.302832140059763 2.275145761923341 2.288356270219083 2.212695655969583 2.209723511285119 2.213890538248961 2.245780598030251 2.204842821534839 2.201059438167249 2.159713173921773 2.201233439198404 2.15611656296096 2.121828238603484 2.111093625528156 2.115141993257566 2.107707618208224 2.178623568926923 2.199131607601885 2.223856104457809 2.21236056097905 2.228195397594391 2.291406631047721 2.236323542958417 2.265747102086607 2.244128659607668 2.271021848358941 2.312760740940575 2.312780062573438 2.249463837695657 2.208538927310656 2.194570469084283 2.236278048425447 2.265208769482342 2.229909750882143 2.319067927379365 2.352172085102211 2.315107102436741 2.294369333685609 2.27065223298996 2.274368317606786 2.220328760316988 2.226133312255115 2.291154982525768 2.281939823395078 2.266707220962417 2.299099054533144 2.252747856857241 2.260443086801388 2.260206563680185 2.257121547183488 2.280888579352904 2.272431861958466 2.365571761823958 2.210146222680123 2.239950727809628 2.245057059284591 2.272854387192638 2.250693191763276 2.24295657438779 2.235721226854366 2.23953676266683 2.274668473910424 2.275736913545188 2.260541846146225 2.2693744092212 2.302868890388709 2.28006845764321 2.302306127723568 2.315300186652166 2.297420383091776 2.292792055304744 2.338343956442259 2.312881947908863 2.313010641824803 2.32533168932423 2.30656033159903 2.362018541127327 2.326278935837763 2.341102913884242 2.299970955004028 2.291016532741196 2.309907553837547 2.272366655948645 2.214659365610714 2.189445379321114 2.158768074914406 2.149651745668962 2.216686809857492 2.304736494676035 2.331640601565596 2.337455809048151 2.350370550660955 2.303059731435496 2.265302235215131 2.291407954238821 2.321407797906431 2.283451116629294 2.293567386539507 2.291229594589822 2.298128834510862 2.263719974595006 2.349468734719267 2.37314739831163 2.312463725715133 2.24792353776138 2.223279422960331 2.225007928289415 2.246796414936398 2.265177317622147 2.182857807241817 2.216813634351638 2.246675577684073 2.245609529112699 2.236362808776903 2.230107750285242 2.208024758323518 2.168133700630278 2.203062930813758 2.173731320290244 2.177966019400628 2.172824389082962 2.167429068336787 2.174962749319093 2.233685182284717 2.294683849908324 2.27025380651321 2.307046012931096 2.224860381088547 2.207768846488761 2.1943596212177 2.173040240602859 2.157005289845983 2.120478601322247 2.189245689281961 2.198890509826015 2.211281753101503 2.229664411075646 2.2154354091399 2.229237334402569 2.321478933121398 2.290634642333316 2.288606149544648 2.214066596185148 2.264568883350876 2.269380326688406 2.313306279502285 2.320629921236105 2.301143675518688 2.269483792351821 2.237119606386841 2.240390928740453 2.236131217574439 2.301134135485881 2.349751860454489 2.316262553387787 2.358684180595446 2.340430859486787 2.314360663600382 2.334083741043287 2.323305258589244 2.309148846545213 2.255480663316121 2.264671404624096 2.225477567717462 2.268964240654896 2.314841919738683 2.325216012617602 2.253838635784632 2.246469479287043 2.255675503009115 2.227944657155604 2.267071972008125 2.279572725679827 2.325981411240718 2.377568127325503 2.350070524207695 2.33585450269311 2.349974133716387 2.371919031618745 2.302896660207807 2.295857185818022 2.325514819400269 2.286388535088918 2.279086830378219 2.270024540517625 2.229868516631541 2.279989743323313 2.284762321345625 2.258572956558055 2.225174356912248 2.305082591832615 2.270634429049096 2.30147833355295 2.292816525148737 2.304538436714211 2.405227904098865 2.537735613776022 2.617590295087211 2.779906356619904 2.952612246081117 3.168674839005689 3.38495833835259 3.653709988288028 3.993231688058586 4.283785407763389 4.540896192422224 4.910873198230547 5.257441872614436 5.635126364591997 6.015061996731674 6.504159383846854 6.946740425541066 7.532188660043175 8.07174104697242 8.689247038004396 9.303815846091311 9.900995832605986 10.39960869916104 10.9410404636219 11.43155804552225 11.97621076802716 12.49036647813773 13.00286470178253 13.4829619817865 13.99726501339501 14.4869231050252 15.01623568881041 15.48905952490804 16.00151041778008 16.43896118910379 16.951621061693 17.35947006311108 17.77889651239821 18.17241399936029 18.54659408755651 18.88565231486791 19.28106112118894 19.64109650884529 19.99261390270658 20.44301351952936 20.86667430133093 21.22820432966546 21.69765615100187 21.80001818714663 21.28796476022399 20.43370567086458 19.5651116133231 18.60309154244896 17.50048115735626 16.36616304708514 15.07037495468467 13.85981763806922 12.67453443795603 11.59785493183699 10.6893743614346 9.853446843288111 9.109954128944082 8.479707718011923 7.828292750897162 7.25670161171729 6.781452795050427 6.325513093306654 5.925335672185611 5.56905680437194 5.303398555493914 