# Created by Octave 3.8.2, Thu Jul 06 12:29:29 2017 BST <co1ssj@node117>
# name: result
# type: scalar struct
# ndims: 2
 1 1
# length: 3
# name: params
# type: scalar struct
# ndims: 2
 1 1
# length: 18
# name: cleanup
# type: scalar
0


# name: num_runs
# type: scalar
6


# name: dopamine
# type: scalar
0.7


# name: targetCross
# type: scalar
1


# name: targetLuminance
# type: scalar
0.3


# name: targetWidthX
# type: scalar
6


# name: targetWidthY
# type: scalar
2


# name: fixCross
# type: scalar
1


# name: fixLuminance
# type: scalar
0.2


# name: fixWidthX
# type: scalar
6


# name: fixWidthY
# type: scalar
2


# name: fixOn
# type: scalar
0


# name: targetOff
# type: scalar
1


# name: targetOn
# type: scalar
0.2


# name: fixOff
# type: scalar
0.2


# name: targetThetaX
# type: scalar
0


# name: targetThetaY
# type: scalar
-12


# name: exptnum
# type: scalar
0




# name: r_0_m12_G0_L0p3_D0p7_scsum
# type: matrix
# rows: 6
# columns: 600
 2.297945662099664 7.153599323428352 6.861884903039027 6.527918620940909 6.216082108818227 6.043552750328672 6.013521831220714 6.257626979248016 6.751316549387411 7.474990538201382 8.480355868065089 9.747695240213943 11.16473224926449 12.80939372615103 14.52318620268306 16.47140589178525 18.49887994831806 20.55015154084685 22.66381503453886 24.69578567640565 26.75771889209864 28.61171177130018 30.27338999781932 31.74700260600366 32.90158587269434 33.77273241412331 34.22391174174845 34.3147748689953 33.93587626673252 32.99218357693098 31.4945623773383 29.3562131044564 26.60786018092767 24.07007432263345 21.77267211582512 19.70237480484866 17.86133934516693 16.25760288606762 14.73039389046608 13.42930265067844 12.17342230265058 11.13789929411723 10.1744820716558 9.384434425061045 8.610094539544662 7.890568009392155 7.249822537603904 6.667274728245502 6.190144367094035 5.761413715292292 5.352732097151602 5.052137195547402 4.723579964756937 4.482967428135453 4.261707943420333 4.003840812980343 3.792759404637764 3.585383328831085 3.450133817550523 3.287769168488012 3.212035664277209 3.08742596659431 2.938840130707831 2.873467784815148 2.871622553011548 2.816811471711844 2.779803686778905 2.741026776457147 2.694983804227377 2.599611085915967 2.562790207446596 2.569948875032424 2.546687522124557 2.509327892008514 2.475550695151469 2.428828207717743 2.435473170859041 2.459903289838621 2.378239150939407 2.357733127908432 2.337781634654675 2.322936205135193 2.310368511047272 2.34449280671106 2.381324231660983 2.365854169074737 2.358289043580953 2.291969307025283 2.355634077117429 2.359521205711644 2.360476656112951 2.351878031593515 2.396489043421752 2.383910265565646 2.32576643491484 2.379879645675828 2.365946433164936 2.399897323302866 2.388787718118692 2.362982994382037 2.31844429944249 2.365085360004741 2.347280977410264 2.383714353709365 2.392821882444878 2.407414781580883 2.362386232001882 2.340544491493347 2.378668671863124 2.349789346742909 2.293197811944992 2.303590732106386 2.350058828833426 2.343243092007469 2.344442528436048 2.294211845655809 2.322077994591382 2.30752570327968 2.327749869808031 2.279259820106745 2.283157758101879 2.257735514773231 2.275768965584575 2.233714018775572 2.266953643309535 2.265144887809583 2.281097096343728 2.256775574573112 2.269859379986883 2.211698566226914 2.273122180165956 2.286104337588768 2.290581304738225 2.272362816191162 2.229124791090726 2.221869319495454 2.232200664284392 2.254305791302613 2.200058333743073 2.190392508837249 2.152033412410674 2.21929831046873 2.221349056828331 2.177151188850985 2.157558991839323 2.207787119215936 2.14065815144204 2.156070858258317 2.185027733379684 2.248596378252842 2.287784717856994 2.30931769113522 2.247244210419012 2.288036540343455 2.341011040727608 2.330958873764757 2.326898078657905 2.385456295751283 2.365180046699606 2.319125825277297 2.38360377043864 2.404620181754581 2.306442957047693 2.344145251245209 2.326875178590853 2.302033392184967 2.335334406245238 2.317888807501731 2.285540153409784 2.297230375064828 2.272419658464059 2.310582163809158 2.237494941509794 2.239197277802305 2.249904590462393 2.284032864310575 2.221978822934034 2.271014364232542 2.314083911648368 2.292746979132062 2.331212437427894 2.324877635906887 2.370014828591593 2.389432111878705 2.406446049579245 2.467638057860313 2.444336650301921 2.428688025909651 2.440123568984291 2.446098125152275 2.537202101419098 2.453610721589939 2.41466156622846 2.4177561677825 2.460823195593548 2.395715305410704 2.330388223888804 2.313442324721109 2.269902594387531 2.284131895219616 2.282237924573565 2.282497715867066 2.234373506085831 2.159617422476003 2.194258666095266 2.262723759024084 2.239992084876576 2.194248371299182 2.191575382421433 2.25587199760048 2.278697888839815 2.326631239639028 2.271076326236653 2.325617544935085 2.316444146028516 2.329435540415943 2.303098746873729 2.306059003731207 2.287107114172613 2.328971101689604 2.326320509370817 2.337232262481848 2.29485716858926 2.239546759086807 2.308643316595408 2.228458748140838 2.23205208878062 2.264481283473287 2.269874655412423 2.258483035293466 2.26506601597066 2.278322242978902 2.318385978805964 2.299911534470084 2.254672844184824 2.251523319566331 2.231686854951477 2.229768353870895 2.226451990401983 2.25703963864089 2.258372401802262 2.253280821611042 2.266297457357723 2.224199463678815 2.277345800561307 2.282698840369449 2.243188437816571 2.216486000586883 2.213489836300141 2.192552831802459 2.214020102077484 2.228436892808531 2.295387428246613 2.295693116169787 2.290076946232148 2.26596378994509 2.263151643419405 2.285363546048757 2.319642477306843 2.307054661687289 2.320606344706903 2.355058051009109 2.361624996534374 2.337030107550163 2.341110368816771 2.298615322863043 2.288629587135802 2.259968958420359 2.2341862286994 2.223911655630218 2.250495457556099 2.306165617188526 2.263281518495205 2.261529416096892 2.256298568885541 2.24874141219334 2.263103360848618 2.284189171936305 2.307852219373672 2.338729763265292 2.379913853372273 2.315354768197722 2.273636628022359 2.348030780995032 2.328681608800252 2.374012788601249 2.294622662930124 2.333797689789208 2.328861278936074 2.308919139570207 2.416143716012812 2.341726892991574 2.401469376542991 2.385877400032768 2.404523713150411 2.344429799382851 2.366843356863683 2.363664411928767 2.38855966448682 2.321331982602715 2.27149417437613 2.300178102494101 2.326415897201514 2.375092258203949 2.322119521277273 2.266229096074312 2.302559047027898 2.298139608697966 2.304274567410175 2.325108715318493 2.35056189219722 2.377953569113743 2.357702261816485 2.378226735443604 2.377762801021163 2.503839046206849 2.721764649548277 2.861288757085276 3.111679943358467 3.366416531844152 3.648286707189982 3.983080473335576 4.370456549644587 4.82493770927249 5.289152590446975 5.849365116926492 6.412356337881647 7.059923521408564 7.723875466494064 8.445063858594949 9.209204677477828 10.02335218842018 10.79005824294291 11.60228515949711 12.41528237549119 13.11245758429141 13.80622772744391 14.52552119776738 15.31770444217182 16.09105965074923 16.8058442111942 17.57720599282766 18.24041054912232 18.9186413138741 19.56722104870823 20.25139043186209 20.93497510049019 21.61253249162837 22.29707114960911 23.00408233416965 23.65303776656947 24.35228570185063 25.0633316628082 25.70110719476997 26.33415641065221 26.96466299593521 27.5734219820315 28.23587433342618 28.83402681746156 29.4170896923024 30.09013143739139 30.69914080154922 31.25822178541785 31.82114912744146 32.38535092584789 32.66959249980573 32.24293425331416 31.24477219860637 30.00139898174166 28.67304044307821 27.44227383181806 26.10362735281888 24.63966520099348 22.81789644900527 20.78381279429232 18.91535347225363 17.31123726874011 15.78096400387585 14.37966071185474 13.13299204284704 11.97556737819104 11.00147745611866 10.14085434733715 9.389367168183526 8.659707846854872 8.010325563838705 7.436650620667933 6.921718841142138 6.485435152848368 6.035277910006698 5.677489698577119 5.329910752177966 