# Created by Octave 3.8.2, Thu Jul 06 12:29:28 2017 BST <co1ssj@node117>
# name: result
# type: scalar struct
# ndims: 2
 1 1
# length: 3
# name: params
# type: scalar struct
# ndims: 2
 1 1
# length: 18
# name: cleanup
# type: scalar
0


# name: num_runs
# type: scalar
6


# name: dopamine
# type: scalar
0.7


# name: targetCross
# type: scalar
1


# name: targetLuminance
# type: scalar
0.3


# name: targetWidthX
# type: scalar
6


# name: targetWidthY
# type: scalar
2


# name: fixCross
# type: scalar
1


# name: fixLuminance
# type: scalar
0.2


# name: fixWidthX
# type: scalar
6


# name: fixWidthY
# type: scalar
2


# name: fixOn
# type: scalar
0


# name: targetOff
# type: scalar
1


# name: targetOn
# type: scalar
0.2


# name: fixOff
# type: scalar
0.2


# name: targetThetaX
# type: scalar
0


# name: targetThetaY
# type: scalar
-7


# name: exptnum
# type: scalar
0




# name: r_0_m7_G0_L0p3_D0p7_scsum
# type: matrix
# rows: 6
# columns: 600
 2.250449406295957 7.036838518710283 6.719087558565661 6.443831715791021 6.229642654497184 6.108842607647603 6.050968354677025 6.188854274198093 6.657229526914307 7.369967624268611 8.320576939531747 9.640825996048079 11.14215842736667 12.73433939125243 14.53754819824826 16.42624869879364 18.3771716457959 20.46091707244341 22.55726489358494 24.59842527814908 26.63159017832731 28.42862886952935 30.11908753403259 31.65304076756001 32.81277850883635 33.68474543817138 34.15678651404596 34.26461902206665 33.87270930672094 32.92404918528337 31.40279481975813 29.2348798095918 26.51189248933224 23.94106816152271 21.69112220466559 19.68281661246147 17.90089770060149 16.20900056991377 14.74298796240691 13.48728516596748 12.29178605233756 11.17503557844429 10.27433051787375 9.478217805481108 8.646879422849452 7.966590418684063 7.364293116577755 6.827670273545664 6.329152924889058 5.87404827093269 5.46794630398108 5.05381875864623 4.719054582426907 4.467715814222174 4.187176100632314 3.988421822665259 3.824947255696316 3.648830699188693 3.373597778634576 3.352546968380921 3.149403036251897 3.076810926351754 3.02531366533367 2.90711270711472 2.854747250050423 2.80935352358938 2.691230293821718 2.623327385168523 2.631837862718385 2.594747798531898 2.543409135956608 2.491145943790798 2.452423003996955 2.428601762072503 2.419216398819117 2.381142853635538 2.399993965009344 2.387769662569553 2.415926862213382 2.35438197307667 2.357634879692341 2.407283256099618 2.378424242378969 2.387442696832295 2.379336864647485 2.374592706433759 2.306307173912501 2.304456237015984 2.396633472941176 2.376676528449025 2.374832334669918 2.396633724361891 2.362766391262994 2.363588278909447 2.413600274601777 2.40711699588428 2.456211516433541 2.445692722249078 2.410986539201986 2.466762015177665 2.458702866366366 2.359414581900637 2.318344534549396 2.331716003714973 2.349166579568191 2.434158152879718 2.443750701935642 2.438611628364015 2.375592271469941 2.390028297326353 2.367006258493348 2.342780958580988 2.333255330608154 2.303520095876593 2.327217568636115 2.276942647473334 2.29842841633581 2.327714313718388 2.281035128551594 2.315770488370617 2.278626466111746 2.308925965284288 2.298448871071741 2.308531303599011 2.303030589726404 2.24815518235846 2.243017247234093 2.234169904875671 2.274216650679591 2.225049802802005 2.171447734202957 2.228021707880544 2.229107149425545 2.233985369814036 2.25083273742348 2.306062755640596 2.296699882797839 2.326685332212946 2.377617986945552 2.397314610887406 2.358709336964239 2.283199147532287 2.339468744619808 2.314728286433819 2.329293739720015 2.351070560816879 2.345926746696932 2.371151505663875 2.370559167276951 2.368563527230435 2.383866771697285 2.358973515103571 2.371201489209852 2.361131633521836 2.363468392999494 2.385183275316194 2.354512573710963 2.274818535897793 2.358766999961517 2.3566037328128 2.282500431654626 2.293046077727922 2.300910703641421 2.340968024289396 2.314529726683759 2.327773764407993 2.335360023120302 2.25149191008677 2.27251290580989 2.327470374475524 2.3506394082724 2.36454882635735 2.337008435613825 2.306030724794255 2.255051759910202 2.249217443291855 2.252533837741794 2.288516010768944 2.246255006626598 2.260077666160214 2.270246858621249 2.300795315943105 2.296929945842749 2.278160581951738 2.274686112279596 2.266406361715781 2.283845313555503 2.283985794365435 2.25430118656368 2.215536008814524 2.286555358299665 2.282833553479577 2.28186213344452 2.314351443710621 2.292233844123984 2.202886048034998 2.222919787644059 2.24194568166422 2.211856106358027 2.24290791385647 2.217050663773989 2.211271183703502 2.20671131619747 2.19795591109505 2.262786334118573 2.240610132968868 2.253005558759469 2.254413567548909 2.305852958466858 2.344615985392011 2.357327295867435 2.40429687739379 2.439445384399733 2.426750990696746 2.39453827219404 2.379085678985575 2.396224086625807 2.400996629567999 2.35773685622371 2.396777870701044 2.400204495155776 2.368887463853753 2.356251901994256 2.301488680735929 2.230540773085522 2.2863161250134 2.337672220048262 2.323913526265642 2.346127552918915 2.322697247749602 2.363484235447686 2.321595134050767 2.337270711483143 2.285516066935088 2.322844006390369 2.379822491646337 2.343562122405274 2.319364175615192 2.307372877694434 2.317010972030403 2.279862439299905 2.290364095766563 2.280535414432961 2.280113124870695 2.305722214543493 2.260839036665857 2.218618028027777 2.244465832573042 2.270128268581175 2.291178707320796 2.280959408904891 2.329855080544803 2.323223071311077 2.309209571736574 2.289872148478025 2.325889143201493 2.269934170531997 2.262731848466501 2.177996294361947 2.215573184204914 2.222767399496661 2.241871302547224 2.249029988357506 2.267331593018753 2.272020598964446 2.278026615320414 2.284744972850604 2.302021402192622 2.361317967508512 2.366665749061212 2.406769816155247 2.411148093768134 2.384289813326177 2.373297344573075 2.379883652400167 2.325977771124599 2.336778862507344 2.298940221298835 2.290929181875981 2.286772802117412 2.308609322077245 2.252544134971686 2.266653527618473 2.304206944263569 2.303670434339438 2.343936243145436 2.327532501898531 2.345160085089447 2.358706603725295 2.398793340504199 2.361611569191155 2.337759958822517 2.281000725764898 2.260119288206624 2.283147057029055 2.308577092771884 2.375531954137841 2.330141202768573 2.414277921543544 2.358322483421944 2.353584474178206 2.340897982496244 2.345770967101998 2.335893018003844 2.337749862705095 2.388339156619622 2.466907509564408 2.688278275607445 2.865942383243237 3.126289826876018 3.46331772861231 3.940960503150563 4.404881033417041 4.935745627964934 5.554897156522202 6.300798143020074 7.093626571124332 7.934052712349512 8.847782793525766 9.82278072707777 10.91026738409346 12.02906524738864 13.22166242013918 14.4819070859885 15.69725931512403 16.95339119125492 18.17199810733109 19.3907965825565 20.5469834862015 21.71866244296689 22.83589950476744 23.87895663620293 24.88704059332304 25.95413133665716 27.06239339682361 28.0980948612596 29.07131409430804 30.0567342708091 30.99255915843969 32.0020937765803 33.01935502790366 33.98975297091238 34.96620525229082 36.00324955352698 37.03410506554428 38.07097607527248 39.00110800591392 39.96334520381424 40.87751798555109 41.82011252863958 42.69903408723621 43.51328826177632 44.35393414535793 45.16989320695211 45.95733053310596 46.65363029791479 47.36358071528957 48.07194065344811 48.76308595405317 49.46527339515433 50.25926840317697 51.01323843668433 51.77095870077028 52.47562073357767 53.28501582687022 54.07259295289987 54.80744723618409 55.45088896635934 55.45634414689266 54.80588659181194 53.64259801217486 52.17769460115778 50.64302216660872 48.98262945359966 47.21602859760969 45.14958998785733 42.84128857297765 39.8800813437083 36.2369291412142 32.89576789352941 29.81958252807635 27.02429107247008 24.5391438351071 22.33291002170154 20.28787093961364 18.47291536956527 16.84405338440411 15.39238067393308 14.02938374653968 12.85977306755376 11.82097182838334 10.86072300503838 10.0469034000198 