# Created by Octave 3.8.2, Thu Jul 06 12:29:34 2017 BST <co1ssj@node117>
# name: result
# type: scalar struct
# ndims: 2
 1 1
# length: 3
# name: params
# type: scalar struct
# ndims: 2
 1 1
# length: 18
# name: cleanup
# type: scalar
0


# name: num_runs
# type: scalar
6


# name: dopamine
# type: scalar
0.7


# name: targetCross
# type: scalar
1


# name: targetLuminance
# type: scalar
0.3


# name: targetWidthX
# type: scalar
6


# name: targetWidthY
# type: scalar
2


# name: fixCross
# type: scalar
1


# name: fixLuminance
# type: scalar
0.2


# name: fixWidthX
# type: scalar
6


# name: fixWidthY
# type: scalar
2


# name: fixOn
# type: scalar
0


# name: targetOff
# type: scalar
1


# name: targetOn
# type: scalar
0.2


# name: fixOff
# type: scalar
0.2


# name: targetThetaX
# type: scalar
0


# name: targetThetaY
# type: scalar
-11


# name: exptnum
# type: scalar
0




# name: r_0_m11_G0_L0p3_D0p7_scsum
# type: matrix
# rows: 6
# columns: 600
 2.309116263353644 7.103821403296024 6.687345294514671 6.352121262396395 6.069422660631972 5.836356784726377 5.816615369087231 6.054982181958621 6.575873874768149 7.374771140654047 8.356995836118585 9.560670347895211 11.03507114696185 12.73053237355634 14.5336561541335 16.41427216590819 18.42911638896112 20.53053149650077 22.62879746154067 24.67277797086717 26.71507272633607 28.66811422915998 30.32332210445747 31.83230539203942 33.02807456658047 33.93507664542994 34.39731274418591 34.47633548561862 34.07442435083794 33.06534709319385 31.57933105887423 29.41884158701941 26.73925721890555 24.18150655301361 21.94440850313003 19.9554191873649 18.12585816930368 16.3908332423016 14.99019599742314 13.59648343838489 12.29979694759095 11.22597268152822 10.3186757830772 9.41837498242603 8.639288204150944 8.021352640262194 7.314382082644443 6.738169574681706 6.222737218115981 5.747845911559125 5.367640481432318 4.972174056812037 4.58599824635894 4.321556705421244 4.135573322164419 3.894761540388572 3.716901870320726 3.525892220728565 3.352271217634552 3.284921772123198 3.203460827429808 3.08598215494203 3.047486964786003 2.930702664549244 2.842943397212366 2.762530565265479 2.646422575118777 2.601872664919938 2.544344846814056 2.557232203769672 2.517738825550623 2.515002000563982 2.471637032991566 2.427941249807191 2.438259200222092 2.457149769630632 2.486715040331546 2.436940046354721 2.385054036614747 2.350893760623876 2.337177799217898 2.367543473694241 2.371853804390412 2.351629076023528 2.327812165196519 2.341393509937916 2.359569273779925 2.367307043690744 2.375956006238994 2.359866618155138 2.346644569493947 2.272593333189434 2.28319570554595 2.274377544013532 2.290012752348048 2.299649468367534 2.302960506891395 2.305914375108841 2.306196243276645 2.241809523544362 2.255806605716316 2.255066296434961 2.24408422128181 2.260140874222998 2.226108855025814 2.121754201543808 2.116268908197526 2.124872734148084 2.144826507181733 2.157618632529193 2.162893048851402 2.139525836366374 2.114214347371671 2.117486738501611 2.124490364774829 2.105854650850233 2.17235650170187 2.215987905075963 2.227680841344409 2.209047626954998 2.208710019640421 2.226611701618367 2.174950652908592 2.175164151774879 2.247818404202917 2.25601108896808 2.233913970841968 2.272136840758321 2.239104625674372 2.255186172278627 2.297976355599531 2.302553945155523 2.308546179352561 2.282979214185616 2.270830590929108 2.190280130700557 2.112120462139501 2.137643571491935 2.185946307894483 2.216674464667449 2.21698959067362 2.226461865546298 2.207480223569291 2.297896257827233 2.237283760205173 2.299523693352967 2.360933262978506 2.360467241393053 2.375174495507963 2.300945030387084 2.3252810897975 2.308739566549775 2.301132405154931 2.315500908219292 2.315958707367827 2.314975097531715 2.256318066109088 2.257124873081921 2.211779082263092 2.19674837194907 2.225525783396733 2.241655575111508 2.260247615500703 2.25128452093486 2.238056014186441 2.272846576364827 2.256112444548307 2.230128519033315 2.248087300285988 2.249885965480644 2.271165570709854 2.282158577527298 2.265115774400329 2.333542927164672 2.300748858884617 2.275168031359499 2.199848203643342 2.232616012515791 2.244689168455807 2.246789628668921 2.278886114589113 2.259242178861314 2.317015932814684 2.328999194520293 2.318910467740352 2.328836403004971 2.245340300909447 2.283576458219613 2.298100076834089 2.335819517267737 2.306640817012521 2.328105590581799 2.240166783612949 2.236228207657405 2.188996388940723 2.162262709274728 2.191799014963181 2.220413459872361 2.281477830649237 2.231993269131635 2.205225723846524 2.226688801085402 2.215449904244451 2.225110871659126 2.209243667348346 2.218927339330548 2.177311705727334 2.202222032261488 2.211408620041766 2.123420672790417 2.161518889961371 2.150166485098453 2.137795738810382 2.141779790512373 2.148489507657359 2.194899537667879 2.146032005241068 2.155988706719654 2.182729367512366 2.184809755897732 2.227368987249065 2.197815187319065 2.206916041788645 2.183830964129811 2.20816037905206 2.210173038289213 2.166255822052335 2.131740998604073 2.178377345513582 2.177135069097858 2.129606138762028 2.171200915534428 2.169950911640626 2.143757849487884 2.140716385634732 2.145563129288348 2.19005417698645 2.211450432401762 2.179046453104093 2.149825705488183 2.148778179167493 2.15786135574308 2.177091797617322 2.219909069182904 2.252005252004892 2.207162203409098 2.176034713294939 2.177645845335064 2.158423952962039 2.156236962859111 2.200131208541279 2.23974473452472 2.299257959588431 2.244874670621357 2.261811873155239 2.270399493008881 2.359748216636035 2.367517487593432 2.354790623670851 2.367494988488033 2.394895168494259 2.332452011629357 2.324958015633456 2.273308008087042 2.276654914145183 2.28277545833771 2.314439655980095 2.377108344238877 2.325818167275429 2.369094070043502 2.370674329893518 2.405016169774171 2.433696462176158 2.424459113022749 2.378724890724698 2.36585904218191 2.388715502012928 2.383445345167274 2.340157718017508 2.314123580355954 2.270938826753991 2.308920091517848 2.321241957406528 2.347547355748247 2.394779142385232 2.457113150932855 2.470744611118789 2.441017859073327 2.478192928079807 2.4197792464347 2.361926264769863 2.288356135279173 2.329063775006944 2.321100358924014 2.369649188301992 2.44019113999093 2.332840778737591 2.340681338554532 2.337140255007398 2.304149738803972 2.293447612621094 2.196963494960073 2.212907136454305 2.173546368554526 2.197399980577757 2.242252052594267 2.304392625221226 2.264934719787561 2.331344131605874 2.382115677310139 2.463099628858799 2.591788751451531 2.729334438390651 2.942495748884539 3.156576738154399 3.439031572364911 3.750342556257237 4.200277461792211 4.602918257223791 5.052022390829734 5.602050309047627 6.179760212289693 6.850771212290056 7.622460006021356 8.404620330707985 9.232676036124758 10.11493167318622 11.06326678078221 11.99859516097058 12.93340690849436 13.75727067523985 14.56998273541103 15.48393093406776 16.43391785915446 17.36837377045595 18.35622083264025 19.1289338713832 19.86989585065749 20.64953946642345 21.46129560701684 22.29264926736505 23.16384079918134 23.93480296579946 24.67630791055126 25.41389160863764 26.17973855713717 26.99041108279562 27.79634215949045 28.66779629665689 29.42257474678627 30.17075540438236 30.96355187076551 31.73400769307045 32.39237885299735 33.00428975734576 33.70129312933932 34.37510655205188 35.0673594143118 35.67742937777803 36.3336117631552 37.00018772367912 37.74860077755875 38.01888929287634 37.55584871354677 36.45339659301681 35.30525507299171 34.02858905879839 32.61111097237517 31.13230513971394 29.46913809408215 27.37178463245073 24.89125899101782 22.58870789693901 20.55266618376481 18.72608134823531 17.07976414178847 15.57636949849257 14.2402028870365 13.05058675596229 11.96664077907917 11.04717716507002 10.18510045883886 9.38612892427409 8.701523002921022 8.06151290084199 7.490996511300182 7.00624185561901 6.542366102337837 6.123454313426919 5.792782472730323 5.430976224204642 5.121030809259537 