# Created by Octave 3.8.2, Thu Jul 06 12:29:30 2017 BST <co1ssj@node117>
# name: result
# type: scalar struct
# ndims: 2
 1 1
# length: 3
# name: params
# type: scalar struct
# ndims: 2
 1 1
# length: 18
# name: cleanup
# type: scalar
0


# name: num_runs
# type: scalar
6


# name: dopamine
# type: scalar
0.7


# name: targetCross
# type: scalar
1


# name: targetLuminance
# type: scalar
0.3


# name: targetWidthX
# type: scalar
6


# name: targetWidthY
# type: scalar
2


# name: fixCross
# type: scalar
1


# name: fixLuminance
# type: scalar
0.2


# name: fixWidthX
# type: scalar
6


# name: fixWidthY
# type: scalar
2


# name: fixOn
# type: scalar
0


# name: targetOff
# type: scalar
1


# name: targetOn
# type: scalar
0.2


# name: fixOff
# type: scalar
0.2


# name: targetThetaX
# type: scalar
0


# name: targetThetaY
# type: scalar
-14


# name: exptnum
# type: scalar
0




# name: r_0_m14_G0_L0p3_D0p7_scsum
# type: matrix
# rows: 6
# columns: 600
 2.312249553880974 7.025833594772848 6.610717824936728 6.274193853394536 6.014730424165464 5.917105856709895 5.90104002746375 6.16403805311711 6.669579292662092 7.388859206592315 8.393886984053097 9.688373080425663 11.22298777453034 12.7912711386125 14.58121654978459 16.56905610280955 18.59195152088796 20.65982027084829 22.79624744348257 24.83477900912112 26.86572372637602 28.77156163132167 30.43368920248759 31.87532432092485 33.0529921717025 33.88076234437904 34.38505593915033 34.39504827465134 33.92492502717869 32.97881867548131 31.43738858430152 29.29865191040881 26.56249370840669 24.04217714431434 21.74505904606485 19.72100554460485 17.91980453360884 16.21372651843558 14.7327030592096 13.37978734805438 12.12627714052473 11.10131021537018 10.14654230032102 9.32120539699099 8.569242249293893 7.90649471566212 7.251730056261295 6.68577899050797 6.162590947737044 5.785443603450403 5.352029527151899 5.006084353030019 4.685507846814289 4.424211421661312 4.168528739726753 3.941548428036185 3.714529625140131 3.505614683937893 3.398835986585254 3.252011741780734 3.217458196984808 3.125235314379097 3.061275432788534 2.940106115667732 2.867543438333087 2.774920479416323 2.711467227018147 2.679375592029828 2.656448018718947 2.663502762883581 2.62670627146872 2.634750530094607 2.620623246330069 2.529441342805512 2.547760790099346 2.486959371726698 2.426794677576254 2.399985794352688 2.326677156539517 2.295743929000309 2.2434360310599 2.336978738763719 2.31218757575698 2.207078069397539 2.216541159912595 2.246129020384615 2.260994184098308 2.27581527743132 2.316439289133996 2.364293592770991 2.416520217608195 2.410346978964299 2.386953232129599 2.380509362581506 2.406743169543915 2.348739480497898 2.355457521574863 2.297731293001561 2.304170240731764 2.355287989175849 2.321707187482389 2.301813778678479 2.300131878699176 2.325628535032592 2.281335367999418 2.343436318966269 2.35318206849297 2.334664184272697 2.345585117087467 2.346580624202034 2.332726255324815 2.342299816573359 2.316738599009113 2.283965042581258 2.293262096231047 2.239873524671566 2.223536769584825 2.223499363786686 2.319916161704896 2.258802067026409 2.282447179321025 2.271501952884137 2.30290580237488 2.27109359991664 2.252554229182351 2.253596637907322 2.269642011488031 2.285470075614285 2.275406549972104 2.222535870314459 2.220815687011054 2.2748191915598 2.237972884318879 2.180475632987509 2.130641303242101 2.144533474307536 2.125879653172888 2.175924456852954 2.144286999180622 2.163758097412938 2.147448153125879 2.124588367818433 2.150040098891623 2.104072639387596 2.107385161478305 2.194814681708522 2.209652909175929 2.270625712191759 2.295748508047836 2.331418323294201 2.352734438183688 2.287898799113464 2.236824708874337 2.217598767012532 2.174695419089403 2.186529668790172 2.193740468344913 2.28039853375958 2.25686206557657 2.286921762897691 2.295555967022665 2.250134344427352 2.265492224643822 2.302016778756297 2.304738546692533 2.256832248813225 2.185663326552458 2.19378835970565 2.193189732810424 2.244980456835037 2.235810522710381 2.148359081791568 2.236226280889241 2.239269767575024 2.258946158544859 2.224315957500949 2.296880516310921 2.298335804527596 2.299683084185745 2.297265765642805 2.277628464531517 2.250228230428547 2.2825177136001 2.228666972725478 2.263420482995571 2.215350466060045 2.277379644132452 2.294983407864493 2.26413398177101 2.246154032007325 2.258874702603862 2.276393880827527 2.2468959911821 2.224410001599608 2.245547808102856 2.21391290880274 2.23727542157576 2.231751068438825 2.221328630039352 2.249829332507943 2.252834678673025 2.294641212783972 2.262033892264299 2.222993780200341 2.285550152028009 2.344235183954879 2.331541593528527 2.338961723049579 2.33709801565783 2.268656262858713 2.252206822842709 2.295619813245139 2.200430114768096 2.276198332641798 2.267435799221857 2.301432297517749 2.348629789412371 2.364566326379645 2.351489746179141 2.344815923868737 2.335507064586636 2.318854823672154 2.322973059970536 2.327488504415669 2.351343032908517 2.352211699413601 2.338060924950696 2.316862255112937 2.267551283734065 2.284720271309197 2.280207211395464 2.327974679144972 2.409194455212855 2.478960611399089 2.424744750198442 2.373783668976102 2.371113430892365 2.320975743972667 2.312401638311712 2.316424763201212 2.333056287883664 2.437009824498091 2.434255909398416 2.423336383024434 2.405008490115506 2.440970348670817 2.433836531999987 2.426815385415466 2.388274496865051 2.387332883965428 2.384652832803113 2.361996165023811 2.288176418143848 2.28332305807271 2.287780018185003 2.270493830381383 2.231512422193191 2.200256183910824 2.218793169835408 2.255711406061891 2.281876808861853 2.271559180102486 2.206931056580288 2.24488959383234 2.266457245652418 2.296552587296901 2.299504479800817 2.264959770171117 2.227608771390805 2.204873680551827 2.190861770393894 2.203765621619823 2.151559560457827 2.223026559688151 2.209158580797521 2.213651956112244 2.217309717540047 2.252158765528293 2.277631669698167 2.295328882878493 2.284803831316822 2.280671844040626 2.274227118563431 2.256433807087888 2.310846459813547 2.383461950714263 2.374037876776129 2.348570362548344 2.362382432485902 2.340346377015521 2.405673336859763 2.353008432226488 2.365852470070422 2.361807513447275 2.35439778878208 2.385100616858836 2.353890348349523 2.357318122913057 2.344716745579717 2.385719057161623 2.391596580044279 2.350385604797339 2.296867765195202 2.254014768906927 2.275426365136809 2.287902378287981 2.231320796170621 2.274835887954396 2.290087148772727 2.276799853963894 2.331042053629062 2.367000813136656 2.379923203945509 2.367724151888979 2.277077432165242 2.362448507588851 2.392977769348363 2.351837356232863 2.314921146462439 2.348206214146558 2.308681690847152 2.322965632942214 2.396020148782554 2.487352242515044 2.610972673432116 2.747059457316936 2.858959469111142 3.045396038811305 3.219826417152944 3.481798889879428 3.699293050223787 3.973234732209676 4.324916207347997 4.696975046179432 5.100348196625418 5.513044008235738 5.96580666445152 6.419368726448738 6.865308415643085 7.375832367659314 8.004818191286176 8.537400774479465 9.11833904508967 9.768571998571133 10.50436141407408 11.05282048675144 11.60039186464564 12.15838744864232 12.79172655287039 13.45971855007519 13.98041740275767 14.46350548628106 15.0941833018951 15.71500296676095 16.2521004531809 16.79555391603935 17.35928638642508 17.94523051832221 18.45035526862921 18.95749181172505 19.51218263980627 20.07115330111264 20.65670049722758 21.25719751969291 21.8256780735901 22.40567753511095 22.95736574215334 23.54803569800788 24.15878249554953 24.70901976196183 25.20080474175484 25.73365565564745 26.19285807476808 26.58383633624908 26.29319330863473 25.33842520457983 24.19815184360777 23.05597645872695 21.94318907385059 20.8347195177721 19.45335220680136 17.83142333257456 16.23711572140019 14.79626586346058 13.6009579159545 12.47221289012668 11.37963279242467 10.40727429692197 9.552411264756302 8.837353441747837 8.232864519006398 7.605769675996271 