# Created by Octave 3.8.2, Tue Mar 10 16:41:18 2015 GMT <pc1ssj@node117>
# name: da
# type: matrix
# rows: 1
# columns: 12
 0.01 0.05 0.1 0.15 0.2 0.3 0.4 0.5 0.6 0.7 0.8 0.9


# name: lat_mean
# type: matrix
# rows: 1
# columns: 12
 209.875 201.875 200.75 196.125 191.25 184.125 176.25 170.875 170.75 165.75 166.25 162.5


# name: lat_sd
# type: matrix
# rows: 1
# columns: 12
 3.833592123769634 6.577830732305077 6.041522986797286 6.379375249303694 4.026696625558687 3.603074084326169 3.370036032024414 4.323936698360485 3.575711717366808 3.24037034920393 2.815771906346718 2.449489742783178


# name: fa_mean
# type: matrix
# rows: 1
# columns: 12
 17.3001125 17.8165625 17.8195625 18.8619125 18.3655125 19.489975 20.0923375 20.4877 20.8375875 21.414925 21.5164875 21.3414875


# name: fa_sd
# type: matrix
# rows: 1
# columns: 12
 0.3387877651589983 0.3424036337319701 0.4355814141958502 0.4356004572918367 0.3027038979290309 0.7245623048236969 0.8466000319555527 0.6340370426312412 0.7494750647477015 0.6482714681586506 0.7174381037264268 0.8756313402951855


