# Created by Octave 3.8.2, Mon Feb 09 23:39:09 2015 GMT <pc1ssj@testnode02>
# name: disc_weights
# type: matrix
# rows: 50
# columns: 2
 1 0.1
 2 0.1
 3 0.1
 4 0.1
 5 0.1
 6 0.1
 7 0.1
 8 0.1
 9 0.1
 10 0.1
 11 0.1
 12 0.1
 13 0.1
 14 0.1
 15 0.1
 16 0.1
 17 0.1
 18 0.1
 19 0.09180314227472763
 20 0.07697391772339301
 21 0.07240516300871036
 22 0.08182103409183128
 23 0.1023633686833136
 24 0.1303496341671178
 25 0.167030875528468
 26 0.2243496632769109
 27 0.33069804137304
 28 0.5366754751529186
 29 0.9208467992562248
 30 1.595500165546042
 31 1.9
 32 1.9
 33 1.9
 34 1.9
 35 1.9
 36 1.9
 37 1.9
 38 1.9
 39 1.9
 40 1.9
 41 1.9
 42 1.9
 43 1.9
 44 1.9
 45 1.9
 46 1.9
 47 1.9
 48 1.9
 49 1.9
 50 1.9


