# Created by Octave 3.8.2, Mon Feb 09 23:12:49 2015 GMT <pc1ssj@testnode02>
# name: disc_weights
# type: matrix
# rows: 11
# columns: 2
 20.242 0.176263
 20.034 0.078302
 20.426821 0.070911
 20.995542 0.071369
 21.663792 0.078371
 22.524379 0.09528
 23.806058 0.117941
 24.769762 0.158641
 25.616719 0.203979
 26.492797 0.26381
 27.524918 0.422993


