# Created by Octave 3.8.2, Sat Feb 07 08:40:04 2015 GMT <seb@sebpad>
# name: P
# type: matrix
# rows: 1
# columns: 7
 3.123449346408779e-05 -0.001846896851434874 0.04454873605459485 -0.5600856938593477 3.873048179105383 -13.99294861629148 20.88607432168701


# name: best_weights
# type: matrix
# rows: 11
# columns: 2
 5 0.296682
 6 0.208747
 7 0.203354
 8 0.193633
 9 0.190071
 10 0.203886
 11 0.260928
 12 0.3228
 13 0.390243
 14 0.48974
 15 0.710785


