# Created by Octave 3.8.2, Thu Jul 06 11:48:00 2017 BST <co1ssj@node117>
# name: result
# type: scalar struct
# ndims: 2
 1 1
# length: 3
# name: params
# type: scalar struct
# ndims: 2
 1 1
# length: 18
# name: cleanup
# type: scalar
0


# name: num_runs
# type: scalar
6


# name: dopamine
# type: scalar
0.7


# name: targetCross
# type: scalar
1


# name: targetLuminance
# type: scalar
0.3


# name: targetWidthX
# type: scalar
6


# name: targetWidthY
# type: scalar
2


# name: fixCross
# type: scalar
1


# name: fixLuminance
# type: scalar
0.2


# name: fixWidthX
# type: scalar
6


# name: fixWidthY
# type: scalar
2


# name: fixOn
# type: scalar
0


# name: targetOff
# type: scalar
1


# name: targetOn
# type: scalar
0.2


# name: fixOff
# type: scalar
0.2


# name: targetThetaX
# type: scalar
0


# name: targetThetaY
# type: scalar
-15


# name: exptnum
# type: scalar
0




# name: r_0_m15_G0_L0p3_D0p7_scsum
# type: matrix
# rows: 6
# columns: 600
 2.323353910845981 7.004946241650032 6.647162085020682 6.284385690243653 5.984853055488202 5.812296840565978 5.871165949734859 6.129644701402867 6.560433997947257 7.263105775527947 8.309982465445501 9.611561070800235 11.10054270426554 12.82122814436843 14.74294092440505 16.77788912766664 18.7855816265801 20.92151116322748 22.96373748547194 24.81735443145226 26.519791419174 27.90772245248445 28.78548032658 29.02009277286561 28.46670220214583 27.00615749813733 24.45080179449724 22.17029068768898 20.03136352097499 18.12112995438292 16.41137013437037 14.96380375650915 13.62195282120592 12.41596066547208 11.36116987867717 10.35962286214271 9.482665651576099 8.729625204481636 8.049092550871137 7.413776570996561 6.775737700470927 6.254319350082369 5.832117981677584 5.396010603210016 5.059357424051996 4.646065596127301 4.418414423656941 4.198143393747159 4.002636870980496 3.755252438466414 3.591005360249255 3.416600672266213 3.324342454332509 3.223606744315475 3.10276106762467 2.945852894248674 2.838041826216795 2.730286264450115 2.733376684118412 2.702383361658576 2.608922337596596 2.596147001771897 2.529799501537127 2.466798520887096 2.447878828701505 2.383335724189237 2.314274327058229 2.356907662669983 2.338099276428693 2.322271634198842 2.366594412706036 2.36603097862826 2.351290774873632 2.31100697403599 2.307285060007416 2.274456274841214 2.23901728088822 2.254180174995781 2.245759432411432 2.21882066364924 2.220732584839425 2.209282256422739 2.221743465175678 2.248214775092492 2.259506034639344 2.284865750923927 2.242047164101677 2.214643081038957 2.219109663990821 2.265747116667626 2.305938769298336 2.287324395263568 2.221429667766643 2.2166629961539 2.217966864332993 2.157001040690375 2.18758175864059 2.190923808029765 2.216555686845822 2.229024284406478 2.263505756971426 2.219472880551621 2.231879912331351 2.293107300589327 2.281210028879286 2.32573156493163 2.32076331852295 2.325313762710721 2.334454055024253 2.308004196958791 2.318295588826004 2.283397605246137 2.305907697911607 2.271365576445532 2.236165155776689 2.235943428899191 2.279766375148029 2.29921745928732 2.332568396745046 2.336032413535577 2.289466796770284 2.3213047755562 2.270698968424767 2.318984959594673 2.315784211627033 2.275692743422042 2.313357163457113 2.265929820410747 2.324735090704053 2.31303333384858 2.273646653959077 2.335120752115472 2.307643714004371 2.328209649735072 2.379980994322977 2.41121555585778 2.398356630699709 2.376183657604997 2.317047052987618 2.313487155610346 2.320684100996004 2.308955092430551 2.367550440099876 2.318604863394285 2.327277368065552 2.379178504132142 2.335080843235119 2.30881309256074 2.304966949624941 2.288489281661896 2.256890672884765 2.262814265202906 2.2829284088657 2.297869781596091 2.271786894954857 2.283695221187372 2.340728502622369 2.331789984131319 2.289249318018847 2.314487703792111 2.363263841732987 2.385793843066494 2.373857973043414 2.33611459529493 2.332124428849056 2.304267182662443 2.357866155022748 2.369651975255692 2.337552325763681 2.287275975788361 2.27571524400264 2.238442690551892 2.196721859838817 2.139861477557133 2.174567478188692 2.200730963930255 2.213528527499875 2.213862507898739 2.232236030176864 2.245575554021343 2.186278491870326 2.198015238622247 2.279053613408905 2.258607014962763 2.303845439659199 2.291966206707002 2.29909090624642 2.272943733609281 2.287141261804209 2.279136818402549 2.299918934812013 2.301119665025908 2.275851175232674 2.283669450869638 2.282453844603879 2.283861753829115 2.185832340859633 2.191294045893301 2.193639410274045 2.212463229947389 2.22161032567783 2.212838195999211 2.2477473390245 2.224555396804135 2.221778320468729 2.248873234311759 2.321509170462377 2.239595637460297 2.290386497901636 2.293406125732872 2.255226408837189 2.265776273838128 2.188215285954357 2.187769024632871 2.125674855684338 2.165909195384302 2.187861092505045 2.24088288256462 2.258817987712973 2.243778967724211 2.229014999174979 2.248535851213092 2.280342957976245 2.269658687255287 2.204137308137433 2.212454878257631 2.277554882934055 2.237915384546795 2.259777534531167 2.284294299957764 2.262109410728954 2.26340063707903 2.293523536525754 2.305728283066856 2.31784577164035 2.340918592824892 2.271057214020402 2.241549717757152 2.196734641485818 2.20776951318112 2.218981487039855 2.203552719720392 2.176852836945727 2.232179240323603 2.272679966474243 2.289469292863942 2.306938720445032 2.246806178289262 2.246969943407748 2.249824799266207 2.296066254421021 2.286680666227767 2.318470441206955 2.269391839090531 2.348737426062144 2.383475309983623 2.383763304802414 2.354735327680828 2.3570843982925 2.35755052897548 2.302378880471224 2.313252764831986 2.433493913446 2.387515995462309 2.405368997890037 2.364797375827038 2.365126849095759 2.40208524251284 2.371205304862087 2.348298471461021 2.394372879629373 2.379284625410946 2.376356251286779 2.349098831764422 2.375303431159409 2.375591114836425 2.389103023535426 2.345710989528015 2.332926006876733 2.332275338587351 2.33541969426733 2.305420891254471 2.290958039520774 2.288403459915571 2.217559589453231 2.247177284778445 2.164748448329192 2.165724149794187 2.205821128422031 2.18522794713499 2.230230341309834 2.263683092358406 2.436995839696465 2.620945565700822 2.806000677956035 3.119762355801868 3.455262459476216 3.907395829719462 4.35215350584258 4.912042449141154 5.514011216946528 6.214734981123911 7.004777356025443 7.865259534417419 8.773617325896339 9.749618503781676 10.81432973625306 11.90902392492353 12.98944626100274 14.13948093662475 15.42483455344336 16.63075284448041 17.74960619433114 18.88940585368255 20.02789074350585 21.28135734001444 22.42751315313944 23.54776107414 24.75859613218199 25.87372251584384 26.95252065367822 28.03049270028714 29.03706094827794 30.17423659323686 31.27501637370733 32.36208710211213 33.4409136846225 34.53270035303285 35.49228128941468 36.31983779676011 37.230447113423 38.20917141835525 39.21042018586559 40.12859146358733 41.0987789227147 41.92948829061061 41.51465205871136 39.83615976713554 37.96507146391741 35.83017444767029 33.5870221756195 31.21397669770158 28.65420207151328 26.13442066105927 23.72426511680533 21.54931811313872 19.67579396895962 17.97040234665474 16.35573849115826 14.88117694671018 13.59424137909082 12.42132181069246 11.36444369227684 10.46474819363721 9.662002104447311 8.907224378206593 8.266719080973417 7.73376148987154 7.205473863126826 6.689534293923316 6.184118060682522 5.751413802441675 5.438005678843183 5.208501375956985 4.890248304665874 4.636612740701821 4.405026346292289 4.176515052859031 4.013113255368808 3.801762960367341 3.606484638992697 3.45575056529924 3.357011685613543 3.206453815610075 3.119986902758683 3.060291371191852 3.028337212592305 2.960634819675761 2.879093262497918 2.756227158819456 2.719601233291542 2.709310204158101 2.643745789355307 2.613439864311658 2.590133815385343 2.55890252199606 2.500692573417837 2.49157558123261 2.460014307103847 2.428807457767107 2.408109505056927 2.434931917261565 2.422196091332808 