# Created by Octave 3.8.2, Thu Jul 06 11:47:59 2017 BST <co1ssj@node117>
# name: result
# type: scalar struct
# ndims: 2
 1 1
# length: 3
# name: params
# type: scalar struct
# ndims: 2
 1 1
# length: 18
# name: cleanup
# type: scalar
0


# name: num_runs
# type: scalar
6


# name: dopamine
# type: scalar
0.7


# name: targetCross
# type: scalar
1


# name: targetLuminance
# type: scalar
0.3


# name: targetWidthX
# type: scalar
6


# name: targetWidthY
# type: scalar
2


# name: fixCross
# type: scalar
1


# name: fixLuminance
# type: scalar
0.2


# name: fixWidthX
# type: scalar
6


# name: fixWidthY
# type: scalar
2


# name: fixOn
# type: scalar
0


# name: targetOff
# type: scalar
1


# name: targetOn
# type: scalar
0.2


# name: fixOff
# type: scalar
0.2


# name: targetThetaX
# type: scalar
0


# name: targetThetaY
# type: scalar
-11


# name: exptnum
# type: scalar
0




# name: r_0_m11_G0_L0p3_D0p7_scsum
# type: matrix
# rows: 6
# columns: 600
 2.269764076154388 6.952916707265103 6.550726040775771 6.245585576925805 5.994640907039866 5.809268399592838 5.920770455755701 6.132662204679946 6.575162770284805 7.329246760134993 8.440450867681648 9.773633210454136 11.38979002285487 13.08649247451103 14.93715351972423 16.88787122492795 18.91131706787928 20.97759650513763 23.04125516460772 24.92458594328855 26.53322141992248 27.86105769626738 28.74734695478946 29.02104401096585 28.51604187851626 27.02994192364713 24.55726163330655 22.21024108491838 20.15836060797301 18.24348788116004 16.53565337456803 15.03967155684222 13.66223809133226 12.47497197528719 11.35469541850762 10.33500724222904 9.495205560913746 8.730132368986233 8.026824429678527 7.404761202560621 6.83699760439049 6.353426750290964 5.879219379843562 5.502659784200659 5.094887291397754 4.755305112646965 4.470639394048703 4.176006003675866 3.963166260124126 3.702499003511548 3.580047662791912 3.384648188563006 3.26032944421604 3.081137913806742 2.965643848740001 2.912643341016519 2.884917365667206 2.790915298352047 2.734917832356587 2.717166880487639 2.716462241798581 2.661057237255591 2.60919295808344 2.53655903278559 2.429213374682149 2.396389148114395 2.41687637825089 2.447513626269938 2.405602621423895 2.400929458894097 2.35137179998128 2.329798838429269 2.335238536311408 2.350292810406245 2.322208398785733 2.391605758624792 2.42124713746307 2.410638375687995 2.39453558893365 2.315312942405853 2.273556705113151 2.297711059094581 2.252092511207593 2.202718562810333 2.233106371058966 2.234359168194715 2.19597557769157 2.233432111541333 2.225047181462287 2.254118820892472 2.309815896067448 2.295300180547201 2.289286924897169 2.308626669870137 2.319864496312221 2.35541891986577 2.337670198903652 2.326316004847968 2.319020495531731 2.349315734085394 2.360062735348038 2.34215318828501 2.271310855387128 2.270318928982306 2.278929984495335 2.313553745516401 2.282156339024368 2.238622706972819 2.291897956172761 2.26956850616989 2.281857087422395 2.242925943523005 2.212399723008275 2.204957950620155 2.212987846880424 2.251065649576049 2.23506905578688 2.296757796673774 2.291105545584287 2.290212537489424 2.252716744173085 2.293653604068822 2.230927338627225 2.236297743387695 2.25558520694176 2.207774682294257 2.245513028112327 2.283263732591877 2.326633617220068 2.316069559488824 2.306537542528531 2.274242965343547 2.259890197918139 2.244572638828686 2.158255802056374 2.161589608555005 2.123461010040046 2.10402582214374 2.077733773830914 2.095470623063193 2.119015287789807 2.146599086183414 2.111351159866899 2.12406223105063 2.115862193975772 2.064762043592054 2.059772281767437 2.123159628303256 2.09509680714109 2.141201613683734 2.214639135469042 2.263976926413307 2.249602462501571 2.282398348095739 2.269558094973036 2.297524004994557 2.276270421592926 2.306142566560084 2.317288171354448 2.339684270016733 2.347914066587691 2.333337824706177 2.35022374925029 2.315163859348104 2.362394061896339 2.365534115710034 2.306742467868389 2.337016312383639 2.360623500342626 2.326718877611711 2.327131170328357 2.314588896376335 2.322146968122979 2.350649002037244 2.344544152436356 2.288997052331979 2.277604730904386 2.277615894832707 2.349328330172284 2.36190993288983 2.340025815145054 2.309640138184477 2.33074506331468 2.315251883821475 2.283809322820161 2.255465580725286 2.264457872101048 2.237266724368965 2.252263763675728 2.284702786113485 2.270797611985472 2.211852300608371 2.252640155547851 2.198826519590511 2.240600046614418 2.25432635647303 2.270939603306033 2.262368742223771 2.28585888739326 2.328088274778565 2.387259440156413 2.357585386096616 2.376722613142192 2.36444283126184 2.392130859418103 2.371582279411086 2.384127526900556 2.405320963109261 2.352572126506857 2.368268238518795 2.35769175983296 2.324845824179647 2.290407103910184 2.364003264265193 2.328468048690411 2.304342496247045 2.339408428499155 2.321779959704145 2.307155882837833 2.318109710424324 2.340082731941948 2.360604769368365 2.346251651077182 2.261796380480519 2.213964294394827 2.19613930709238 2.246637137792277 2.242497253608462 2.2406634136496 2.279428090412694 2.238813791840585 2.201766599173425 2.130337756840163 2.157408191247669 2.15787799644022 2.201643203836284 2.272395266005333 2.328860394729418 2.351761873447686 2.292128970344493 2.279923705884357 2.261428679725213 2.211506565980017 2.200165549522353 2.224745205778163 2.221228926077401 2.276696345048549 2.235810990016034 2.23981061352606 2.184093484625919 2.250056373064581 2.276125452168344 2.290121915415511 2.258286409611173 2.240125761985837 2.308841172496614 2.35884266251378 2.267954937138711 2.241996028616995 2.291461722692475 2.284580029132485 2.25089115953233 2.306697502477618 2.410918968849728 2.393769384147163 2.354374361901137 2.371581148523546 2.347199749952779 2.331116835812281 2.290228879093775 2.327402734536008 2.29677397010164 2.317367525407462 2.331308081083989 2.329197390852642 2.282330717316654 2.284562039538287 2.266405016573117 2.347768894573164 2.33602365186016 2.359261265621171 2.485076962895619 2.732080121746549 2.984467490696261 3.3100323767394 3.780586249366024 4.309252200684568 4.930344221233099 5.578728658903856 6.341934537507768 7.232455410281545 8.210231017990736 9.234817456705059 10.34919162861479 11.57552163286164 12.90761792122794 14.23956501872999 15.72294977243291 17.33111986819313 18.85940345183917 20.39847744389044 21.88509705387696 23.38574830565631 24.88063013141436 26.2897297297277 27.70021390104557 29.06147880757999 30.50968809919141 31.90359187596914 33.34758301327383 34.73717436491643 36.19703056987055 37.53329709301761 38.90758134064527 40.07355293011642 41.23103807380357 42.41604942852427 43.70005077559108 45.00219865497093 46.2755631922264 47.61231346760906 48.88207236957896 50.17887568300648 51.4351955943057 52.6419312315511 53.87414286925195 55.04193923521962 56.1747116825718 57.30195614781769 56.93807730353728 54.87543935591384 52.5224001562201 50.14228281520991 47.78612007133779 44.98454581197802 41.943859091989 38.69217626791578 35.11400434797906 31.81201121125923 28.84152413483389 26.1937139026777 23.72271851588448 21.5252182896802 19.61893635346496 17.80066841480584 16.2275939476458 14.83583593220101 13.60692714084144 12.49108103973413 11.48097348888405 10.53506344288689 9.702147737663836 8.996718092519586 8.27463115327555 7.659102058483768 7.146145953847736 6.716027022270282 6.257967240519065 5.865357020033116 5.525862224465527 5.162771350183903 4.820352804797039 4.575841256038984 4.321141351334518 4.155565107670554 3.956075361129479 3.816366825929435 3.629753307192004 3.457895533632836 3.400251141742046 3.31607123593858 3.22380136900756 3.107904134099954 3.006243678777537 2.954835410622763 2.828733825306699 2.844721598281467 2.808389981917571 2.696664703271381 2.653171860117254 2.620593642823223 2.582469691267761 2.583765479255817 2.571438801918703 2.521680864003429 2.521510741706152 2.454692073992192 2.467569215907133 2.451075493390817 2.433964774380001 2.404529020030168 2.403947950995644 2.346602179371985 