# Created by Octave 3.8.2, Thu Jul 06 11:48:05 2017 BST <co1ssj@node117>
# name: result
# type: scalar struct
# ndims: 2
 1 1
# length: 3
# name: params
# type: scalar struct
# ndims: 2
 1 1
# length: 18
# name: cleanup
# type: scalar
0


# name: num_runs
# type: scalar
6


# name: dopamine
# type: scalar
0.7


# name: targetCross
# type: scalar
1


# name: targetLuminance
# type: scalar
0.3


# name: targetWidthX
# type: scalar
6


# name: targetWidthY
# type: scalar
2


# name: fixCross
# type: scalar
1


# name: fixLuminance
# type: scalar
0.2


# name: fixWidthX
# type: scalar
6


# name: fixWidthY
# type: scalar
2


# name: fixOn
# type: scalar
0


# name: targetOff
# type: scalar
1


# name: targetOn
# type: scalar
0.2


# name: fixOff
# type: scalar
0.2


# name: targetThetaX
# type: scalar
0


# name: targetThetaY
# type: scalar
-17


# name: exptnum
# type: scalar
0




# name: r_0_m17_G0_L0p3_D0p7_scsum
# type: matrix
# rows: 6
# columns: 600
 2.23019929046859 7.051975875408971 6.776771780048875 6.47486991842743 6.14915023751746 6.012569718594023 5.960314744756033 6.21107592365297 6.692244473644678 7.445505317275092 8.441030788429998 9.687059399000645 11.24589349937014 12.86029908009368 14.71090841899422 16.65431406435891 18.72667234601249 20.90353645321011 22.94209007359132 24.78951681661056 26.39293403524061 27.68742501465022 28.50425719552004 28.84380851643618 28.37716406105301 26.93053895454432 24.41528949444182 22.10821814025121 20.05086766932072 18.18210385233397 16.53854597666941 15.01862413648632 13.73308285885923 12.50362549674537 11.42772306786446 10.45045554853277 9.557308932860906 8.706281786609907 8.055015484675096 7.385601630085148 6.830247277750459 6.364012852154701 5.902140092468471 5.488215029257844 5.180030278708728 4.840128911673673 4.485418077289069 4.269192990414012 4.031632667320082 3.808504410702881 3.629809972586372 3.43508942170206 3.275648549228208 3.105219148113974 2.971424006111192 2.933979247187381 2.840717465449416 2.776808193444595 2.706312904167135 2.632738200936728 2.585769011733646 2.525161318895698 2.449924956330506 2.414865475977422 2.426863036494979 2.411311156749434 2.334171901762602 2.342727961422497 2.279289043512108 2.269796389620751 2.224337831492448 2.235818764856958 2.263901931422879 2.256308169007752 2.264010133043485 2.309021472305176 2.268051186598314 2.241726895426837 2.21012481733851 2.237488121041679 2.286325919609226 2.249955642018904 2.263176654425479 2.199452464541537 2.25598343796446 2.266579710638325 2.314713004179794 2.296567660796427 2.358866507483981 2.34528426630277 2.395329262544692 2.411965833547583 2.28499859618023 2.245847065256385 2.203079655515467 2.218806998556829 2.23095553607709 2.200032109714812 2.188093072130869 2.23787002879817 2.24655303952386 2.243994504540751 2.210048531760549 2.192005297463766 2.117434604002483 2.170687979727518 2.155337485022756 2.180478531696281 2.209932567326177 2.198838893538777 2.192220130926216 2.226603406183131 2.301846821130312 2.339127437761817 2.243908776436001 2.299888980025571 2.250382941172575 2.233322205043805 2.266013267929338 2.264511456458422 2.303351308852143 2.348722054750397 2.306993540497388 2.272766007472455 2.21623515724059 2.23743859136448 2.228398011953686 2.228539257310331 2.1704379545954 2.153998603615037 2.190680330160831 2.210822107139393 2.232166083798802 2.210071241999685 2.237483852157311 2.25061367838498 2.251795461041183 2.283819827353 2.291035466892936 2.261382607590349 2.329688277621244 2.313153571303701 2.309234260690573 2.33362042853696 2.292807221143448 2.332165988802444 2.30899819413753 2.323320490297192 2.292536339091384 2.314875125410254 2.329876497438818 2.370052833824957 2.335791345751204 2.302952001093217 2.337845087327878 2.373681920824311 2.319732699133056 2.325449192358064 2.270346315333882 2.258765101214522 2.251035061923176 2.242098878523393 2.260200277683907 2.260446717016748 2.28491941901666 2.265822287274204 2.322477168178011 2.352211122932204 2.358983693158734 2.355695626371016 2.378425869683269 2.373090688524826 2.375610432456597 2.375481925886561 2.361450567579595 2.367515084748447 2.322672569323913 2.343472108383139 2.396707286730816 2.363954743028444 2.350356186616409 2.345174858415703 2.363750353271826 2.372171743329091 2.428110772616492 2.424323825151077 2.355994606179593 2.282267577647872 2.297424466822122 2.272864102156746 2.250806401229056 2.187114919968735 2.226314330629975 2.255751472383054 2.214651461432368 2.228837770544487 2.290178782088333 2.297563732854542 2.270572264460498 2.260144749125175 2.251514715870144 2.226022260845639 2.206067115752376 2.275241435005228 2.284703094304859 2.251365738542518 2.256277583737756 2.25664243826759 2.262819192015741 2.298848777056264 2.226057003099413 2.201752330220188 2.238970374641212 2.275605517774238 2.188486179496977 2.224996573924727 2.241846151111531 2.274846151638485 2.239148846478201 2.232768380981724 2.27771542139817 2.336370486907981 2.387392473592627 2.380797786623589 2.399350890373171 2.376992471181438 2.390214194823784 2.374638588869857 2.296080571824859 2.23434772247856 2.231084100314547 2.213534412687295 2.282204354956775 2.273881857116066 2.268047738194127 2.229816436789406 2.242305136416689 2.234077855400756 2.243589272031386 2.250811948644696 2.209254396993856 2.244590731779681 2.210940175660653 2.236843625254551 2.306838271506422 2.255460667678562 2.243885440882877 2.243201615337057 2.274010180244659 2.265362314272352 2.272468814135209 2.238108693818504 2.242138899890051 2.279272059902723 2.253363686775629 2.232168275513686 2.233619434551656 2.231117685631034 2.277660998142892 2.200775489487569 2.189191999266768 2.183435081893549 2.173989614486345 2.200800005193742 2.163837282532768 2.182041175517952 2.182377045315661 2.219765009125695 2.233458271388372 2.188414348744118 2.230500596764614 2.249100202374393 2.261179348846781 2.260746167958132 2.251015163128613 2.259497871396889 2.352815673878467 2.349943903511303 2.35435417582994 2.331317244028469 2.371144656404795 2.384904823082252 2.335278879880207 2.305839769208433 2.317260973195516 2.340439451541897 2.408920568967005 2.484858201136376 2.622022387098696 2.887519292253273 3.153311687889072 3.491252683743369 3.875268055671768 4.372104317342746 4.882127732478693 5.486220068811235 6.14854220907273 6.89639630851525 7.667432397956873 8.497119987710903 9.382561288643046 10.33941507200507 11.36338515943498 12.42803764926794 13.55177767630812 14.7367826408954 16.00286702036283 17.23670136727742 18.37051150945354 19.57377161445038 20.69918219227111 21.76680151449546 22.85989477576004 23.94962365058564 25.04934107850931 26.10627279803521 27.12812642887002 28.1897203362505 29.20021219603223 30.18081123837874 31.15005222632681 32.14110847083066 33.07712549160351 33.97111225453409 34.88114780470642 35.90795918113145 36.80796545553312 37.66807929791321 38.56587950320773 39.38929512634058 38.75055892176169 36.97104754226166 34.96424898627447 32.90957591689585 30.68180221600778 28.26637059231871 25.70847867568227 23.35773931041513 21.26120638754219 19.35113021102006 17.66598834175602 16.07438432819617 14.66572659009398 13.43823281660661 12.29750454989698 11.32456473541242 10.39695647139888 9.575718850132944 8.818544632129488 8.172699363254651 7.573185641645978 7.012988806067369 6.486374286703722 6.040804965408825 5.703631648240844 5.330186303719529 4.974171436377219 4.711311069095245 4.44556944130818 4.249592686908727 4.086487477143237 3.933512373459962 3.805421901895897 3.662589442887111 3.5105044684733 3.442800885572069 3.349202455792692 3.238252627088514 3.027302704504109 2.944434113789612 2.886149266951179 2.836128113482118 2.850241673309938 2.7658552292487 2.669848721402104 2.629968114371877 2.592663422634359 2.55788707544707 2.481529628206772 2.494918783268076 2.456866028296645 2.449908251102897 2.363655749191821 2.336289537044649 2.333661459430004 2.288985815452179 2.285742823318287 2.262754044648318 2.31466260610614 2.347327531064366 2.338974060543478 2.352450744781891 