# Created by Octave 3.8.2, Thu Jul 06 11:48:00 2017 BST <co1ssj@node117>
# name: result
# type: scalar struct
# ndims: 2
 1 1
# length: 3
# name: params
# type: scalar struct
# ndims: 2
 1 1
# length: 18
# name: cleanup
# type: scalar
0


# name: num_runs
# type: scalar
6


# name: dopamine
# type: scalar
0.7


# name: targetCross
# type: scalar
1


# name: targetLuminance
# type: scalar
0.3


# name: targetWidthX
# type: scalar
6


# name: targetWidthY
# type: scalar
2


# name: fixCross
# type: scalar
1


# name: fixLuminance
# type: scalar
0.2


# name: fixWidthX
# type: scalar
6


# name: fixWidthY
# type: scalar
2


# name: fixOn
# type: scalar
0


# name: targetOff
# type: scalar
1


# name: targetOn
# type: scalar
0.2


# name: fixOff
# type: scalar
0.2


# name: targetThetaX
# type: scalar
0


# name: targetThetaY
# type: scalar
-14


# name: exptnum
# type: scalar
0




# name: r_0_m14_G0_L0p3_D0p7_scsum
# type: matrix
# rows: 6
# columns: 600
 2.393737006830634 7.067533023229771 6.757226554582303 6.412700375411077 6.177253953304898 6.104533039044327 6.131657318801444 6.335013317358971 6.735787094767147 7.4661082673083 8.480491899812478 9.672964612895157 11.21776170343946 12.83384514610952 14.59017516388849 16.56529542381759 18.67134999326663 20.81940633063641 22.91238856167183 24.86040208384657 26.57025578715388 28.01516503337189 28.87051443319979 29.21724191366229 28.71813313402527 27.23857323268749 24.70785191291361 22.41037370260892 20.25091021057233 18.33613569229055 16.65105978530846 15.18930044547596 13.83979097929478 12.62435871882917 11.44369295595152 10.43862526310477 9.600985874109028 8.765843101180508 8.06419880566682 7.435748215626518 6.868518818395387 6.362467933529842 5.875845519871291 5.460994028335335 5.150428306871618 4.837316894387186 4.54780018053134 4.259771510867722 4.023378112229693 3.845189717154426 3.618618236494513 3.446217079006601 3.276779646766954 3.19382612629488 3.040803924784996 2.959966546150099 2.897053830900404 2.803268384224907 2.785677089454111 2.67674882713618 2.613524127969868 2.575899776591541 2.509680796378234 2.43753842307342 2.415847890755686 2.41064341495985 2.363441159446666 2.303972924459231 2.354719638700772 2.347060542764666 2.362999152803241 2.410283419724237 2.383504189306223 2.394587188500736 2.404557217108959 2.393813778995536 2.392710322439598 2.400827386612946 2.384779761076061 2.373670506800408 2.33553950444184 2.301558531842602 2.283987915419857 2.215281826436694 2.160961089510238 2.139963879384595 2.155009201891517 2.196294856759778 2.211355992843892 2.193635173214716 2.260937256703983 2.281639222659578 2.301424592635158 2.346297080774093 2.352108846160263 2.327264452706004 2.275200424033756 2.294957394944504 2.272029701030988 2.297032621558174 2.303774855769007 2.295842721719055 2.2751831240912 2.281907735163259 2.247215221832448 2.256395294774848 2.297555521968206 2.29663437981435 2.319132163382164 2.260471403642441 2.237319139407191 2.245952569788642 2.24787389255107 2.229838167851995 2.284034548614727 2.301856429003237 2.342252641874438 2.331350711971027 2.324068226811505 2.296142393533955 2.317129656001271 2.301026836365054 2.316282634714298 2.313380626976141 2.322672487622185 2.340795325432737 2.347286678086675 2.315067061230366 2.325361122966569 2.307136867922964 2.252160750693292 2.292826046817936 2.248192195067531 2.287575892814857 2.29385179962992 2.250159794864885 2.241780254265905 2.214203152499977 2.305125979875811 2.266994142795738 2.303112800953386 2.299499278360599 2.336247957809974 2.349735558360408 2.348707577810274 2.297062573739822 2.286826067291258 2.24695556788356 2.317153526611946 2.292963392121237 2.329856703763653 2.347470699487531 2.34624602268741 2.386978289410763 2.389183786915964 2.395487610952841 2.400605266706407 2.404284356212884 2.390640078960132 2.345414143979724 2.362582721536455 2.319145950510574 2.307600726660894 2.35218096664903 2.335803098918404 2.356802886031801 2.350618513908557 2.377684173065063 2.396500646893401 2.412921333052509 2.390326059139625 2.374451303738169 2.338991039883695 2.346751715776918 2.346609775560864 2.292568253405989 2.249638245069946 2.225323905302503 2.269778290676186 2.350128241003404 2.329807132900896 2.343202533149451 2.357193124564219 2.319974570214981 2.296281707785965 2.311216254278406 2.334685584482941 2.31686016391177 2.268650739570148 2.271241442562314 2.265473673629458 2.27390866366477 2.232526413390588 2.251040377075697 2.211572445179627 2.186583949973283 2.167896172264591 2.198207321071095 2.193632466231065 2.178431008906045 2.270349593124593 2.279186080028012 2.253784870015807 2.22070683084894 2.274196008620493 2.257255800679559 2.277458000243314 2.268040395334538 2.289135613922554 2.324040312589204 2.242904512269888 2.240809680506572 2.212033957457606 2.202265505744435 2.174621835343714 2.274859731813194 2.234327386397126 2.232055647218658 2.237163713556583 2.228553280234337 2.234794615991632 2.268373679704382 2.288249804962106 2.309803104792081 2.331952749056654 2.347061556582048 2.269079836979472 2.237607967261283 2.304939968846156 2.255050964202383 2.274632848932924 2.266361677409805 2.207968673043069 2.176964794631203 2.240415877506166 2.209049206459895 2.208217763720313 2.202232527826709 2.209234710317105 2.211228148109512 2.289698743774352 2.279186232542997 2.277714276493498 2.287342896259361 2.261644467685983 2.273050528916428 2.268348570847593 2.252781679877444 2.245570517527085 2.238825800239283 2.245922077214345 2.210637830568885 2.225190609555284 2.256120333833678 2.289750755757268 2.304025571529564 2.225212839957294 2.258106844521535 2.218045311550668 2.244894514980842 2.246242780456669 2.250542439191122 2.224493904672272 2.234860569726152 2.23362766813807 2.252927127086878 2.298828851045982 2.276195315589575 2.310210173265659 2.297144776569439 2.298252264168696 2.272877774696099 2.290784325765344 2.251444812143745 2.25420110817322 2.256902767257998 2.286376113119331 2.288776720837632 2.234776426554163 2.24019493218475 2.247659849388583 2.257854730200052 2.263504488553735 2.215376641836883 2.210421234158275 2.243762551195687 2.280720749025932 2.333444165466062 2.436750122200465 2.6095514278868 2.717913391399634 2.94634024059269 3.194404825757374 3.586859834711504 4.011745816991606 4.509158376400592 5.11733176319467 5.81473355579692 6.584375468552025 7.373175587039441 8.227516630504397 9.162141493110539 10.19928781798262 11.30912600538431 12.46890176049783 13.79664439053704 15.12764113054072 16.60566179430316 17.99503923263001 19.33983240593807 20.76254273120867 22.08907545029433 23.45514090061624 24.76871848244627 26.05614574243009 27.29289088705264 28.53769959541023 29.81656236489289 30.99776511421078 32.2725010518252 33.45947095624797 34.68974987591719 35.86510847426325 36.99249669980782 38.01234638283495 39.02022047618448 40.0296679035564 41.03443837915256 42.01359822667655 42.98395231820905 43.99378882713063 45.02199043182372 46.00632507611226 47.08340873949601 46.10852287651505 44.19970098804697 42.18793451294187 39.82735627283546 37.27263360628422 34.52444360528534 31.57739843222953 28.6232776514571 25.96986621027463 23.52589295144207 21.36166946453523 19.46813291705621 17.75099119398874 16.16757567664899 14.76174019720202 13.48085181455463 12.35755555072774 11.3098649728563 10.38114428849076 9.497947493273386 8.769804713196208 8.128527588189172 7.535815497561998 6.979262949840631 6.545837866871807 6.100425932901999 5.712339215810061 5.407401955191744 5.122257149145298 4.824242871152819 4.588355766409222 4.394314171597216 4.118713300129457 3.88872353539773 3.713267650913622 3.544601832894841 3.458157436274632 3.341937037970638 3.189397573742099 3.124575456495222 3.051590942397524 2.946806683823525 2.88651572202798 2.843966531254409 2.742540304909198 2.693680257205415 2.664372373137667 2.5893745161884 2.527079810137366 2.464558015759394 2.440958239028987 2.408445789908001 2.375330561972078 2.37608925204222 2.344266068794241 2.307186732617083 2.307247100194218 2.343732877379807 