# Created by Octave 3.8.2, Thu Jul 06 11:48:00 2017 BST <co1ssj@node117>
# name: result
# type: scalar struct
# ndims: 2
 1 1
# length: 3
# name: params
# type: scalar struct
# ndims: 2
 1 1
# length: 18
# name: cleanup
# type: scalar
0


# name: num_runs
# type: scalar
6


# name: dopamine
# type: scalar
0.7


# name: targetCross
# type: scalar
1


# name: targetLuminance
# type: scalar
0.3


# name: targetWidthX
# type: scalar
6


# name: targetWidthY
# type: scalar
2


# name: fixCross
# type: scalar
1


# name: fixLuminance
# type: scalar
0.2


# name: fixWidthX
# type: scalar
6


# name: fixWidthY
# type: scalar
2


# name: fixOn
# type: scalar
0


# name: targetOff
# type: scalar
1


# name: targetOn
# type: scalar
0.2


# name: fixOff
# type: scalar
0.2


# name: targetThetaX
# type: scalar
0


# name: targetThetaY
# type: scalar
-10


# name: exptnum
# type: scalar
0




# name: r_0_m10_G0_L0p3_D0p7_scsum
# type: matrix
# rows: 6
# columns: 600
 2.325211092713289 6.975642127516039 6.577646684901993 6.313224249170162 6.029781327481032 5.864803786183984 5.914255556534044 6.095798482478131 6.633018820135476 7.366623368201545 8.432970446330728 9.656082989407878 11.24613965220669 12.86754436146066 14.65180398033408 16.58106344512271 18.59127675295895 20.6713233888222 22.77811414022653 24.713521263453 26.43241264065 27.81758986247587 28.76659380572528 29.07176467729369 28.57833054746152 27.10511872016605 24.68314754636231 22.39769677257573 20.36437952912092 18.49186176344665 16.75909171993408 15.23858733834913 13.83102737955414 12.51995223758422 11.44977565411682 10.45884759355977 9.593423519301723 8.874850209445867 8.143153776938561 7.536719844803883 6.897550935909749 6.342599832401902 5.902545385091798 5.46393640840688 5.13676230999954 4.760266826896441 4.364175013530257 4.099642352259252 3.884580002580151 3.715053609208553 3.579210223135306 3.503678887958813 3.333627091040398 3.186882342095487 3.097389883681899 3.023735323680739 2.934250264290313 2.870685353525914 2.842378045817895 2.783581502488232 2.652690454146068 2.621408719875035 2.597688850553823 2.517945299201529 2.505363970365579 2.485469312521673 2.461003024185629 2.398636462459763 2.349013076018309 2.346935178513377 2.337311606903313 2.310123163768367 2.305462227614044 2.288884267007234 2.31821503068204 2.369733513718529 2.385387732152594 2.360554885613965 2.326540738256881 2.321685417475237 2.24303619388229 2.232887508147542 2.256866127747344 2.241925783186161 2.289191543230118 2.275681289956992 2.234691651266985 2.210208100605087 2.221041851629707 2.1642328905873 2.205494547226408 2.23041325768645 2.246146216552006 2.251922358380398 2.273118543042074 2.312704409465368 2.325498018846702 2.326959829948464 2.357913104569889 2.352121542513487 2.31257392140833 2.317774028333588 2.23818281570766 2.243402113395859 2.300403460308189 2.32811223360477 2.295722832132014 2.310312736874039 2.301876141093089 2.303016376117739 2.245501118355605 2.256653335429291 2.258206004476961 2.270977587231755 2.252303796867636 2.260700894825277 2.262501248178523 2.266675937965374 2.279586781191028 2.303044975065859 2.2565644603892 2.249165366971283 2.279083942730722 2.266657757594658 2.191453562772949 2.23573068188125 2.229952998037334 2.207402246262063 2.18619288418995 2.217683124936229 2.210199976241711 2.188979436454247 2.215541677935107 2.245587877026992 2.256143873459223 2.312617878142191 2.2751207996007 2.303107092229766 2.390147181675275 2.374013927204942 2.353751882881625 2.326709162035058 2.34623738379014 2.338557183561988 2.337155459725182 2.317990902054589 2.304699599761989 2.383426244836301 2.407284503911796 2.387838558897784 2.387839510542108 2.339638480927533 2.31767910144481 2.269580079977459 2.335025637883518 2.336818472540472 2.314017795259133 2.26536121038589 2.278781647044525 2.203556380205555 2.224178895681689 2.241460686194841 2.276060419963869 2.249283530574758 2.257251571340021 2.28939171262391 2.281760214536916 2.253712086734595 2.233002295863116 2.229177306937345 2.211233160811389 2.197477054753108 2.215995503574959 2.221472073062614 2.246253045330377 2.226385470374225 2.263471711194143 2.281791440160305 2.294580379872059 2.293033826674218 2.278994079162658 2.32049603455016 2.324878770145006 2.33144505684686 2.291501806479573 2.312641927932418 2.274685536736797 2.303050261776662 2.3270741885608 2.311277673442419 2.338269907144422 2.363426397554576 2.329741666384507 2.315269243015791 2.348384955454094 2.270298389601521 2.303448159967957 2.278558049627463 2.258738170228753 2.309792565501994 2.339706707876758 2.325231345850625 2.346545695450914 2.270344093049061 2.275200749052601 2.254001244269602 2.264976563084929 2.262769169334206 2.274261694168672 2.247911152659071 2.266640194191496 2.285056292552326 2.278242436957953 2.287523631055592 2.241768516687443 2.265190428963251 2.204077502418841 2.239108685726023 2.219778836697515 2.265579094542773 2.275847575307125 2.279159392448491 2.328469829477399 2.345617211369245 2.280960057287302 2.30203763263853 2.318044214058318 2.306454069839674 2.295940073989186 2.282792069549032 2.269442545059064 2.28645907295504 2.283713927430654 2.272176663424034 2.352632142441507 2.335448283734877 2.32731988098385 2.38516082791466 2.323446087796583 2.332470399822341 2.291481163126264 2.27020765504858 2.284102707923012 2.283319232956273 2.259464852981182 2.281223491614583 2.259026612374328 2.231588997816289 2.212397309682274 2.218999613804044 2.188923299974704 2.211995856738213 2.272774118369853 2.303048317158755 2.270121262467001 2.274295015322423 2.230512632431783 2.275061355212529 2.270975287377951 2.241815332803526 2.279759195953375 2.239256518034381 2.289278857402678 2.292450392647879 2.264920972989785 2.281705905792478 2.317166374105 2.275701423917781 2.269753288652282 2.301170648977859 2.319007717444038 2.317451802962751 2.293285062180075 2.304464419219585 2.375768122798036 2.462435816989455 2.48466940621438 2.579954440122947 2.811049754578562 3.094505551765906 3.34687668542756 3.716357265679108 4.200799892740179 4.747903128331018 5.380038924398832 6.096572581773216 6.831186245690333 7.727122958818654 8.64844638271461 9.739553158346098 10.85989142623657 12.10014440750456 13.2776675926616 14.63108829227349 15.98338985192095 17.47512423627995 18.99864981312021 20.5751483129643 22.05080553999869 23.41558218061618 24.8183158270258 26.32132518155049 27.81150418804646 29.19762765833002 30.65148879694607 32.00448237196906 33.38826961356972 34.71790385750501 36.01868904604635 37.38350816663296 38.63670128792 39.87218339918218 41.16665048830328 42.40224222062534 43.57469304485858 44.79001312311448 45.98057849870384 47.14338169834264 48.30633891719481 49.41912689422679 50.57069576123467 51.62434327499432 52.66190348742748 53.70287314679808 54.69127566560383 55.7325425062736 56.74478861141324 57.41542509462306 56.27634734228923 54.33003465834554 52.02137235140253 49.50164464514091 46.77833892676426 43.85475999116534 40.59863165452043 36.92077083262848 33.54794174270137 30.44623442403099 27.59557220214265 25.0697574357182 22.74980952677288 20.7209710032912 18.84318935899137 17.21255720642512 15.7509901266676 14.41390336157565 13.1620809939086 12.0555436874256 11.09488242330508 10.20858213393694 9.413273722864687 8.713108294663471 8.132100687886123 7.531311441074649 6.987011124692799 6.500148364189954 6.083727276261925 5.664089793463063 5.325145355156565 5.026512360360357 4.772654887587123 4.497602589766757 4.246091282893758 4.012533195294964 3.777671920823195 3.618383547880512 3.48303793703235 3.300371550762065 3.17588992090532 3.059256260170514 2.958918984812044 2.928225091904096 2.855712099400989 2.765566738300549 2.753263243030233 2.684743823025201 2.632853268871258 2.569292179658078 2.567445798882545 2.525697927101646 2.506432899896026 2.461292863910785 2.457311928941635 2.428569226760374 2.40754260787071 2.358139947518794 2.326957266639511 2.291667072029668 2.298162669532758 2.250719735569874 2.26947026214475 2.286594941157091 2.274085778717563 