# Created by Octave 3.8.2, Thu Jul 06 11:48:00 2017 BST <co1ssj@node117>
# name: result
# type: scalar struct
# ndims: 2
 1 1
# length: 3
# name: params
# type: scalar struct
# ndims: 2
 1 1
# length: 18
# name: cleanup
# type: scalar
0


# name: num_runs
# type: scalar
6


# name: dopamine
# type: scalar
0.7


# name: targetCross
# type: scalar
1


# name: targetLuminance
# type: scalar
0.3


# name: targetWidthX
# type: scalar
6


# name: targetWidthY
# type: scalar
2


# name: fixCross
# type: scalar
1


# name: fixLuminance
# type: scalar
0.2


# name: fixWidthX
# type: scalar
6


# name: fixWidthY
# type: scalar
2


# name: fixOn
# type: scalar
0


# name: targetOff
# type: scalar
1


# name: targetOn
# type: scalar
0.2


# name: fixOff
# type: scalar
0.2


# name: targetThetaX
# type: scalar
0


# name: targetThetaY
# type: scalar
-13


# name: exptnum
# type: scalar
0




# name: r_0_m13_G0_L0p3_D0p7_scsum
# type: matrix
# rows: 6
# columns: 600
 2.242821530031506 6.999110882283276 6.645108077915211 6.306366056705883 6.006114571566286 5.81437109685794 5.875855602636875 6.109544190314409 6.600118877948262 7.361139353284671 8.437465215920383 9.760064281927043 11.29470336987288 12.90877603932677 14.76557752044755 16.67318025113491 18.6913304424088 20.76677883306547 22.75768675715881 24.67625652656716 26.42131568413606 27.84868683734021 28.70211889000711 28.96770875433867 28.48392616795172 26.98628395730339 24.55230861623568 22.21465569622524 20.15642181976727 18.28115965028337 16.57533424070789 15.1418757443771 13.76921006403791 12.52886123959615 11.415536763212 10.47683501474603 9.65716858421365 8.834160842503479 8.07780506308336 7.445830526849022 6.863618457136909 6.303516119165579 5.849454152954422 5.484834884853626 5.12330831251893 4.732254204871424 4.444056098931469 4.190005055381334 3.948928776839239 3.800743150601193 3.605663606438611 3.467103825740196 3.366708205889154 3.269514739709848 3.153451911435695 3.08122709680174 2.999596390054649 2.920542350126198 2.759495885111392 2.838516065512522 2.748291550102294 2.59692827516119 2.566479105393228 2.521181821422942 2.500148386256114 2.49056981510148 2.432572359444748 2.424859001308505 2.392522382673633 2.371805414262781 2.365234354034328 2.422857072881015 2.369817389233503 2.338700763917586 2.325400071167678 2.307662051876832 2.323011486274481 2.355857959926652 2.378432632547629 2.350289079855429 2.355531147193688 2.348964002784214 2.340355714099132 2.2703718788689 2.276767749547616 2.260074610802803 2.198631071936688 2.199088377288717 2.213737068406772 2.222895633776716 2.233414230198832 2.213484626412537 2.212597340441789 2.20387770200432 2.254177521408565 2.247845798920025 2.238023265075753 2.251152371965873 2.24712547405943 2.27914446736213 2.293739931523305 2.324783553962334 2.320334715637728 2.302394874110178 2.314878177501669 2.285299209481309 2.290482566339051 2.291220293459901 2.290664144464245 2.242397378367968 2.197067833636538 2.202143819467892 2.141653149563354 2.194926833581121 2.225809432573442 2.240921500000695 2.211346214840887 2.23454344813581 2.194950482469721 2.245809935813668 2.206242898460914 2.242388240849323 2.247482198963553 2.256535959098983 2.297837027756032 2.206547907102504 2.251731973512506 2.248831930592132 2.274396765074925 2.275384399363247 2.275711859872899 2.209801332435745 2.171536993999325 2.169917968163645 2.24407899185826 2.244757641208707 2.258367826289032 2.213484107731347 2.181611111787788 2.202328179642791 2.221187959854433 2.255025546994148 2.257711562757322 2.232704919340904 2.226442803847021 2.242219263267543 2.205787300223164 2.214459239734424 2.25382165256633 2.295689873899391 2.264529862426571 2.250521610669239 2.269307685797685 2.28663063293061 2.309267458258546 2.357475204909861 2.326865134060426 2.340586004418583 2.280846161371301 2.314915313905658 2.316126103905845 2.303494790670811 2.291226868084777 2.299384206504328 2.308149070548097 2.359872348220961 2.31389304442564 2.290651753119164 2.258993028226541 2.268508454199036 2.246881588649558 2.279090716012433 2.260951566458971 2.227637290452549 2.254552917944238 2.30080551550418 2.251418813546479 2.22700698380504 2.234105555427959 2.172941419034032 2.228129869759869 2.264327889002743 2.197888354239694 2.154597719021695 2.17482053120375 2.190039311801229 2.188320445187856 2.186291972713661 2.182481909570924 2.198716474267712 2.246864755254137 2.230302891781321 2.322267629722774 2.343740114898537 2.312214776651672 2.253134325170777 2.260403586293251 2.304694020494935 2.32011270372459 2.333076166178216 2.406852073268965 2.398885931110271 2.380570877474383 2.360409190667269 2.37085770453632 2.320716624812121 2.344035003145109 2.361044474342634 2.299686166057654 2.265106153270608 2.287755756886327 2.254935673863656 2.273307758747251 2.307543516624719 2.322487389919843 2.295813326127245 2.271643566047715 2.305986104584008 2.281596959212038 2.314295323743863 2.264272043430537 2.2374246485615 2.230288704520717 2.202549423829623 2.194581375941198 2.231753680462134 2.335004237720568 2.30838848217536 2.270163042423519 2.291257053875597 2.273774473324011 2.29742692529544 2.318508709468006 2.285812645102851 2.278970679457416 2.244290249465848 2.265460613936739 2.264966185604862 2.231106107978121 2.274389151298237 2.299720200287993 2.355108432724592 2.339001433980229 2.367554510241462 2.314662499211408 2.316330236568319 2.284537965962954 2.285871015554221 2.304543179141547 2.301275472731504 2.332455875730375 2.326610401436483 2.325276795425452 2.347116471275513 2.403990721523769 2.411501382517599 2.42145806352346 2.38296412816635 2.373537716608553 2.364792103948275 2.347098042915604 2.387914686518343 2.320494822248293 2.303130281659833 2.291265493071478 2.258060774591286 2.312277288459882 2.254977118347597 2.27225157974317 2.272087732882937 2.293827899738972 2.254320918298617 2.268940981244668 2.268941518370411 2.212403258483391 2.248123683508311 2.234975230356213 2.306167063929024 2.330263184448995 2.285614379470644 2.264382402877345 2.303442287271537 2.328701797607209 2.390166385909652 2.36671571640909 2.411945913787349 2.450969816945872 2.57592173548619 2.701429560962424 2.910500250869518 3.15061766069266 3.554483218249516 3.975824204288074 4.527918872925511 5.146599414294542 5.826827775159472 6.608952459362627 7.39134643286161 8.351692503165395 9.334909319150029 10.36808168447806 11.5459212579799 12.71274504333996 14.01176983581536 15.22772589726264 16.57640855665522 17.93991172139795 19.16022422540846 20.37147658746835 21.61104989119121 22.79242540974155 24.05881064437926 25.33981810724072 26.46838065867087 27.66080141050043 28.88666540879422 30.05550773600044 31.17017048612752 32.27455647087118 33.39260147414825 34.51278120691131 35.58967010163178 36.67367589246714 37.68683549969501 38.73142001598171 39.75304377656903 40.63181951955266 41.52340895037196 42.41694222457227 43.35188002964787 44.2750746844813 45.25707297064582 46.20646371423572 45.6333906106629 43.74854379092358 41.69321225508065 39.40841088072557 37.07270926089404 34.53257476157887 31.85556319120951 28.93914275892166 26.26434685137792 23.88914236194978 21.74713184403117 19.85111629791209 18.0892742509991 16.47298444809712 15.01027907482239 13.76662229042995 12.58143919886061 11.50213277956027 10.60629305840121 9.71885028736142 8.989829273311443 8.247391218294069 7.68458381939854 7.123009904013088 6.717408428841736 6.306918232468888 5.894521433012414 5.569349050623714 5.285594439988927 4.963371484423988 4.77737109546797 4.508787936098088 4.265715285338956 4.033045202533685 3.868346843923064 3.669834268686827 3.521678295350284 3.352440587304955 3.232397814312208 3.130257462906229 3.022219743841561 2.907406282785814 2.883795067891697 2.776145052597712 2.723439050667366 2.653550422437547 2.596264157415135 2.598113448995718 2.595347110167495 2.570613720556139 2.548244799900203 2.499318527563446 2.467142561989021 2.486261707294034 2.427682299894514 2.360152306813688 2.38472984546388 2.313987956546043 2.256339156527247 2.200915482442724 