# Created by Octave 3.8.2, Thu Jul 06 11:48:00 2017 BST <co1ssj@node117>
# name: result
# type: scalar struct
# ndims: 2
 1 1
# length: 3
# name: params
# type: scalar struct
# ndims: 2
 1 1
# length: 18
# name: cleanup
# type: scalar
0


# name: num_runs
# type: scalar
6


# name: dopamine
# type: scalar
0.7


# name: targetCross
# type: scalar
1


# name: targetLuminance
# type: scalar
0.3


# name: targetWidthX
# type: scalar
6


# name: targetWidthY
# type: scalar
2


# name: fixCross
# type: scalar
1


# name: fixLuminance
# type: scalar
0.2


# name: fixWidthX
# type: scalar
6


# name: fixWidthY
# type: scalar
2


# name: fixOn
# type: scalar
0


# name: targetOff
# type: scalar
1


# name: targetOn
# type: scalar
0.2


# name: fixOff
# type: scalar
0.2


# name: targetThetaX
# type: scalar
0


# name: targetThetaY
# type: scalar
-16


# name: exptnum
# type: scalar
0




# name: r_0_m16_G0_L0p3_D0p7_scsum
# type: matrix
# rows: 6
# columns: 600
 2.329910584019672 7.033555444420927 6.655195797975466 6.365897723630042 6.134691865612695 6.047995881795941 6.071447090995207 6.342447017439554 6.75327001077676 7.503280780591012 8.566087934465031 9.860975759698704 11.34780418122682 12.95278171346581 14.74700744559232 16.7257709031619 18.84931385559321 20.93791513032193 23.07618842201919 24.96342833863309 26.67145084391814 28.05083572255535 28.90677213499293 29.23510309830817 28.73710685705373 27.25370706254398 24.66628250625945 22.3386591581384 20.24596600655059 18.3543262096282 16.7031085094568 15.22592342791177 13.90101028886784 12.69539899087067 11.61301621100574 10.62331450050988 9.700975339546858 8.900751361095899 8.220259508525487 7.55264540562348 6.925406793532602 6.38056198941922 5.945137177717243 5.534340794103628 5.179786485707154 4.862363337530041 4.547051953755727 4.277512934539118 4.043074231289211 3.749457702971995 3.5718331282078 3.429490904149134 3.362334011020721 3.250660394638544 3.114305585935654 2.989655995988869 2.90136979084491 2.832968009058277 2.719509537379054 2.690429638099886 2.617838418154861 2.499873941771511 2.4823817576289 2.477050011212668 2.426561013686296 2.372439968163235 2.341589082294377 2.306817265969585 2.34540415610536 2.308389164059918 2.261171677822858 2.28991578376008 2.284310439346882 2.258513696055161 2.231750800527152 2.216651070055377 2.158201695456228 2.189887448188529 2.172210024389642 2.201406387302995 2.225523788165447 2.291189708892489 2.301125405661878 2.296167608092219 2.296531910191334 2.264986803173088 2.310943708209379 2.287253288059219 2.291412855949602 2.378912951724487 2.301007432088227 2.244263928179862 2.243764546816237 2.263062593206996 2.213531336888991 2.148488233655371 2.1376915118326 2.12022632802109 2.169508777595183 2.183741268738231 2.198176360372599 2.188027399628481 2.216800345811862 2.239981252165308 2.233693441474315 2.257418906989187 2.186531065664894 2.125229375073104 2.162185488876275 2.162327992002247 2.181487518169888 2.25223482995716 2.338832200584875 2.340822444139121 2.302298111993878 2.299313723975501 2.333796310276739 2.365126980788773 2.349961596475623 2.306975930208864 2.287883833267188 2.270553739608658 2.257328127991059 2.251192360105051 2.258087833215541 2.212126372869534 2.162168093938817 2.186073877976014 2.202032544351823 2.236340084909898 2.179354159277864 2.190653974135785 2.199720686432556 2.225715506770939 2.188559018308297 2.187717998047447 2.201998913449643 2.250284338617348 2.267695546204777 2.216245402400091 2.248088854030357 2.272651487850453 2.253776036843192 2.256004498922266 2.227395212285046 2.255125453189976 2.269377050230105 2.27848220276428 2.25621751142171 2.276431999765919 2.302584646524338 2.280619821100117 2.240621858320083 2.17644409177592 2.163776465615229 2.185677464112814 2.210430923558306 2.20307593133839 2.135601802394376 2.116627540341142 2.140093972335308 2.163111714773549 2.174231029945986 2.193008210841072 2.169760256510926 2.221701189795567 2.260194417605817 2.198217968885729 2.187464070291753 2.17889492435279 2.176388148505794 2.223175329188962 2.242471493358607 2.27204473069105 2.26809344589492 2.233127486568264 2.22711437659018 2.208102545366273 2.224165847539552 2.21521681826016 2.317742381429525 2.320161870136872 2.303186638648185 2.331760328346718 2.310467363968201 2.308419994100404 2.300698743150861 2.325877552400925 2.324472609539953 2.319147654299741 2.335748467499798 2.297141933764578 2.332598465884075 2.364259539186605 2.355931021476863 2.342509819791303 2.340996422746684 2.357870403582638 2.267787703178328 2.241242485049952 2.243302856197261 2.281609271965863 2.282672246288712 2.238065134271892 2.264501444366033 2.249041919203592 2.281809881947993 2.283248691985136 2.277487070357893 2.297111500585743 2.275266545722843 2.281266524529201 2.261021846916265 2.304285066769808 2.344414951527142 2.321511126034238 2.324000657346915 2.333659099131182 2.307185846228094 2.329936865306081 2.349120006350859 2.348974752654613 2.380536274911719 2.297987089048547 2.289778479542292 2.2849523814657 2.273625395349882 2.275651144613221 2.271443242632813 2.309271755730151 2.293262804836559 2.245169679808896 2.264558128988938 2.266829278191835 2.320445599798404 2.257462894223863 2.268545782668298 2.221173759156954 2.180242644026293 2.15186201351753 2.205998606927096 2.221467230388953 2.21151806810667 2.184461215016199 2.181581204975373 2.193271253931016 2.243723200093882 2.251510521560704 2.233344314918213 2.219653237938473 2.203066891572234 2.275142480342765 2.27066072148591 2.302922387591025 2.364827188197523 2.379231941376929 2.314700132599683 2.316451819315262 2.338798600281734 2.38025307776843 2.329047063190956 2.355012659512795 2.349526776320999 2.320835704562342 2.261668837349134 2.281625443683879 2.320993503388308 2.27340521800943 2.304704538393707 2.252118966320268 2.309834899740963 2.360549224191345 2.349467958185414 2.377540729830798 2.331495221507794 2.309656499302946 2.316796105602407 2.358017002035922 2.300790346258054 2.314996594006516 2.325527896852691 2.329058943647397 2.284086157176716 2.303596580019075 2.286732862972713 2.277934542154981 2.294659368917564 2.241177503841755 2.195720311065088 2.155011921453479 2.224431455615559 2.340614246906625 2.547820558422245 2.815321868856699 3.109422262468797 3.496667400875594 3.920969190861797 4.36766006371181 4.922508718205791 5.530292071380245 6.247697684922969 7.135932101329672 8.044426509142795 9.053719930179795 10.13117284930922 11.20152480636898 12.32042111484043 13.56184314088023 14.89311079317122 16.2905276911697 17.66730277972601 19.07535077545253 20.27210653654038 21.52860598938059 22.80992535280893 24.12494727176818 25.30452202496781 26.55422092921071 27.79640576076963 28.9896940259132 30.12858878232328 31.31474057750893 32.51981625787812 33.57636206269035 34.71099226993465 35.89949049603638 37.14692430720606 38.34575968371792 39.43674295285382 40.51508625023416 41.60243630975947 42.60883951960204 43.60995026832097 44.66342648150021 44.74723566664761 43.07373516137886 41.11183664588316 38.79455879631132 36.43948877199546 33.90048937564279 31.21570291536409 28.46630151834688 25.80653096758761 23.48717922724245 21.42309600286171 19.45714407465493 17.71851288421021 16.22780748279183 14.78451778318504 13.5292897192121 12.42686586466516 11.40112500478426 10.51598461485264 9.706394459279181 8.984588983643334 8.251967406158656 7.633105929346129 7.143669208708161 6.654970660674735 6.224338753068878 5.809094463929796 5.462234882303164 5.167420647554536 4.880746333245042 4.571603291244173 4.316479776116466 4.112877466082864 3.920074155867042 3.702011766014039 3.512177519551187 3.362138468230114 3.283240724304051 3.16101819188043 3.126317826267041 2.999617568901158 2.954443633069786 2.83579337172705 2.821968963995459 2.822341737046372 2.72617050955887 2.62435122642637 2.556442720211635 2.536873228495097 2.514656915267551 2.506924655361217 2.436431130368874 2.395287968720368 2.342832186913256 2.272051701445889 2.302803089733061 2.302215152976714 2.314140619604586 2.303645108055207 