# Created by Octave 3.8.2, Thu Jul 06 11:48:04 2017 BST <co1ssj@node117>
# name: result
# type: scalar struct
# ndims: 2
 1 1
# length: 3
# name: params
# type: scalar struct
# ndims: 2
 1 1
# length: 18
# name: cleanup
# type: scalar
0


# name: num_runs
# type: scalar
6


# name: dopamine
# type: scalar
0.7


# name: targetCross
# type: scalar
1


# name: targetLuminance
# type: scalar
0.3


# name: targetWidthX
# type: scalar
6


# name: targetWidthY
# type: scalar
2


# name: fixCross
# type: scalar
1


# name: fixLuminance
# type: scalar
0.2


# name: fixWidthX
# type: scalar
6


# name: fixWidthY
# type: scalar
2


# name: fixOn
# type: scalar
0


# name: targetOff
# type: scalar
1


# name: targetOn
# type: scalar
0.2


# name: fixOff
# type: scalar
0.2


# name: targetThetaX
# type: scalar
0


# name: targetThetaY
# type: scalar
-8


# name: exptnum
# type: scalar
0




# name: r_0_m8_G0_L0p3_D0p7_scsum
# type: matrix
# rows: 6
# columns: 600
 2.337461837412775 7.102017480312497 6.760195700451732 6.482471808027185 6.191275608864089 6.032631208760904 6.060318733696477 6.246897563594757 6.7695298362014 7.481026443616429 8.491490365660866 9.802820159849944 11.23817919703652 12.92953130372916 14.76162973123428 16.62518677092885 18.7060746515981 20.72049015402081 22.81715635894216 24.75701159072014 26.44714250218021 27.78385893148879 28.62847730531212 28.8972482545505 28.47450232379197 27.0040981097045 24.44579916781004 22.12687036516581 20.07672394344627 18.24968056065336 16.59860395418582 15.09447994830771 13.77904560898969 12.56821517416392 11.45719192970864 10.42995183316089 9.534235017163155 8.691268675152969 7.969327675815293 7.395127862159825 6.864092141280707 6.341090636018635 5.870837559086794 5.450146467432205 5.02473121019284 4.720513293737895 4.391358479777409 4.173267049824517 3.953181582775869 3.703015866631176 3.548925284061625 3.368038255815918 3.217541258098208 3.05223008205212 3.006799757382396 2.951953941919783 2.897342610966007 2.833262531188666 2.799402087859562 2.762418360904121 2.745370593991538 2.69840784502594 2.641891138902793 2.654314813742531 2.596374574321089 2.568731860497792 2.560625263537077 2.484285257356532 2.483409186297649 2.434094528904097 2.403689064205537 2.40325574891358 2.327576999829034 2.286637505694671 2.295628975723957 2.273725012297291 2.25862732076348 2.272012987370545 2.291891718778061 2.266875984001672 2.296969810668088 2.295600870820635 2.335014778622281 2.333291307644686 2.304248156298854 2.305632944524405 2.337586510311667 2.296850591308612 2.339163180269679 2.313136089407635 2.268531005991463 2.255671563420037 2.29150787881008 2.289506231740233 2.291933920530937 2.253283539910626 2.290385239219177 2.350014843053941 2.372470826561766 2.328154080385502 2.299420084033045 2.315271312785626 2.350244580069557 2.369659089723427 2.413691846693837 2.381815070541052 2.403188288677484 2.363553990435321 2.365901554745506 2.366103253312758 2.365972966003028 2.417047534723679 2.44074384824944 2.401066506787174 2.442929623983218 2.454523309010256 2.458914774691948 2.403796941538531 2.384459183456784 2.385256301349727 2.378664332492917 2.351150211427012 2.365695075975964 2.429947353835814 2.43715558574695 2.46598864358748 2.47708697678172 2.455746150659252 2.384391234805662 2.374462927424247 2.405431945418968 2.381652852966909 2.387061079742125 2.372917879700253 2.379780696155649 2.383383226959268 2.386798439423728 2.358828404641827 2.38078108378977 2.378955272217354 2.370620871053688 2.369003250779087 2.356988705823824 2.317880758864703 2.296374383011425 2.312378956494285 2.323112924394081 2.332136079116026 2.35130760366701 2.390857198006415 2.41837258331725 2.403830630188168 2.369973728342302 2.399101534618239 2.389353107617353 2.388713081887545 2.316661367567576 2.361099633537378 2.327668666992395 2.323627388684145 2.313719001096615 2.277879956720426 2.270512446037174 2.264340820336656 2.316807219249313 2.318304074491607 2.306209784215753 2.266265725033008 2.31281937413587 2.261335512339429 2.344837469634513 2.310551686408871 2.302354824132635 2.252647112358318 2.279561497969553 2.259024472441524 2.222944968103548 2.316187827230351 2.315030900948841 2.362341354371893 2.357614040382032 2.351197254938597 2.363146779949602 2.347017190673796 2.360712447984042 2.321186022740221 2.319079652501387 2.396284202193783 2.3773875097977 2.340340883194585 2.351808824696491 2.372928188309743 2.356381030647754 2.353436310982943 2.319095131031645 2.335261696545786 2.313747338985195 2.317410780407954 2.317097332565027 2.28026848067384 2.322557784944365 2.293198915032917 2.293784774905362 2.383876585488906 2.363668238171158 2.344458991814463 2.362419321649213 2.330270968610421 2.303507319880737 2.280553618675185 2.227258879076544 2.305222242674972 2.313353027246194 2.361887547296647 2.381086389843404 2.407081705143355 2.362787739570194 2.412767493968204 2.480033409774478 2.467829693530803 2.411432292532481 2.412521568105149 2.439020821198937 2.4504683181367 2.440588062141615 2.424930140838114 2.46789017071751 2.445251557262054 2.427734943426913 2.42037560819881 2.375006634261808 2.361067201374681 2.348705177253578 2.340180746097758 2.335704157478176 2.375901413150132 2.342997367479256 2.362958965546568 2.316887821049022 2.334940875494794 2.353514397669642 2.366077393882733 2.396931246854365 2.432910525549232 2.401705592041253 2.405062672041822 2.341561987730529 2.339498959117918 2.313696409190015 2.269798423963948 2.236635870765895 2.207024015588104 2.221038658281032 2.220185016401956 2.191637134885241 2.229904113031807 2.251699499995084 2.234884860448801 2.236695925590539 2.246409251878504 2.223837066972919 2.246949266616866 2.285370538673305 2.276814655542694 2.255811015869995 2.207086330643506 2.225739861212787 2.18929712357567 2.178390468732687 2.19709787728425 2.180277525330894 2.162779337573738 2.212784757804911 2.235297730647289 2.254669184050726 2.302856029749819 2.455434400799277 2.651686129167501 2.920493894391257 3.254241354930855 3.58573901823911 4.074055479195522 4.606954125640186 5.335373144054756 6.013677832925168 6.79031261408818 7.659093645699613 8.583467270233086 9.615079173785489 10.72909802179493 11.94653339573779 13.19567875415669 14.55375539481611 16.01061039686465 17.5329460343637 19.12788536223525 20.59984978681314 22.13837237237749 23.66102940991186 25.12122927959717 26.61922711625084 28.05941076241652 29.57807597048668 31.11261032004404 32.56982941262686 33.9833676140297 35.33023999440411 36.55900980674414 37.85309678655904 39.03728719060746 40.2965484462693 41.49804517399571 42.75027657447572 44.0967508626054 45.32282865985326 46.51268623303258 47.63779118311868 48.74833921997197 49.79602967697429 50.76422449096935 51.80584187113709 52.75612225168879 53.75524406972545 54.7531386499486 55.76793998349967 56.70165059344436 57.57471752621859 58.49220755776332 59.44429022571239 60.30471560297519 61.21292722269936 61.98010342336875 61.39026729817851 59.3057988215005 57.05543374335684 54.77004021691391 52.00543770515287 48.9929516492266 45.76322257574429 41.9016167776681 37.9668443549017 34.39322836118663 31.18844800163788 28.32018029644678 25.71226035340078 23.39084839324096 21.2626646746694 19.34057214487621 17.59828351989199 16.02679604580771 14.68630861534621 13.41131901745757 12.25132510052208 11.23639260098571 10.29041936817157 9.472092546933709 8.792729377604701 8.118019739704323 7.525364120137965 6.967487067136972 6.508762347446464 6.135819327850186 5.746826071914256 5.356111342800432 5.011171723039297 4.750755113076593 4.495264585366385 4.276686436593081 4.031442685078218 3.836873994070629 3.69277488087755 3.542991080263164 3.430785701293644 3.327874370390418 3.229371338234159 3.121757165630697 3.010558031026449 2.909706921047473 2.842121384790516 2.750522685259057 2.680869750452985 2.644428889929259 2.557567695937905 2.565896676576813 2.481806368125035 2.461975782311129 2.416533026913385 2.421520026309736 2.384312650767242 2.399209749881265 2.405729448433704 2.401644926292647 2.371741988477879 