# Created by Octave 3.8.2, Thu Jul 06 11:48:00 2017 BST <co1ssj@node117>
# name: result
# type: scalar struct
# ndims: 2
 1 1
# length: 3
# name: params
# type: scalar struct
# ndims: 2
 1 1
# length: 18
# name: cleanup
# type: scalar
0


# name: num_runs
# type: scalar
6


# name: dopamine
# type: scalar
0.7


# name: targetCross
# type: scalar
1


# name: targetLuminance
# type: scalar
0.3


# name: targetWidthX
# type: scalar
6


# name: targetWidthY
# type: scalar
2


# name: fixCross
# type: scalar
1


# name: fixLuminance
# type: scalar
0.2


# name: fixWidthX
# type: scalar
6


# name: fixWidthY
# type: scalar
2


# name: fixOn
# type: scalar
0


# name: targetOff
# type: scalar
1


# name: targetOn
# type: scalar
0.2


# name: fixOff
# type: scalar
0.2


# name: targetThetaX
# type: scalar
0


# name: targetThetaY
# type: scalar
-12


# name: exptnum
# type: scalar
0




# name: r_0_m12_G0_L0p3_D0p7_scsum
# type: matrix
# rows: 6
# columns: 600
 2.329511198273394 7.076856233910803 6.755038298651925 6.463516336734756 6.169760410226445 6.017016269644955 5.870008983409207 6.128751625932637 6.66543822021049 7.399888825726521 8.421645017224364 9.728022955867345 11.14983303690678 12.83179754675075 14.67320062712679 16.63942005625722 18.76346716216358 20.80437870552851 22.86301603837273 24.81508043348731 26.49344984006893 27.87814044543848 28.78364189430431 29.07830908034521 28.59450830056448 27.05263129645755 24.53699147896987 22.18247136594073 20.16626302507211 18.25378867096879 16.56026875408497 15.0503633195076 13.59787018982752 12.39423574373359 11.3479412728957 10.39780060832345 9.550491632093326 8.693563988665119 7.976588333202017 7.341973941831384 6.820800822355523 6.297335876988654 5.836266005444486 5.408243967118324 5.047132669817074 4.752656064070834 4.376800634592655 4.070697378638215 3.885136714103282 3.75996620648948 3.630942334501015 3.483447353755764 3.337877562520589 3.184626445603499 3.019057802190218 3.005672926206898 2.931072618304825 2.879036647245812 2.833458425455319 2.838502920411884 2.765815602213479 2.723134792982819 2.655841953261188 2.555813728962676 2.506523512738568 2.501721154629195 2.449865403921649 2.426665662358573 2.490768250034307 2.48067829730644 2.442937728668767 2.394303983834106 2.394665238512971 2.403997374141909 2.41556254612442 2.423244439727569 2.431073252300848 2.387085368864064 2.298343024987844 2.326649732387523 2.335373078232806 2.371040266873024 2.436564537569211 2.39121247719595 2.319794505638129 2.359282352994342 2.321102498848632 2.284635874158994 2.267201268408826 2.289080195889255 2.310174324084073 2.267559681227794 2.309535515621974 2.312731361518672 2.300515332368377 2.282187353537665 2.275065557290873 2.249326751669287 2.285663422084326 2.265720001774753 2.23412910564366 2.20596549316906 2.205251676772605 2.238689396865084 2.223249604241573 2.226277440726335 2.214001023494347 2.226490676886897 2.242309258268506 2.284153338019678 2.297735842268594 2.289299740383285 2.278268243368075 2.221077784906811 2.269318703052704 2.224530163301097 2.230521565543313 2.183804692951526 2.175366585475786 2.212193628303794 2.250872635508131 2.202501148778538 2.259018689361255 2.26682571155834 2.215622639661888 2.196523164464452 2.201933631728025 2.235767416663293 2.210789806311368 2.196525487197505 2.221799636501601 2.281708540231193 2.319399335752678 2.294362433087372 2.230407017665129 2.25869207552023 2.275691508453747 2.264447719742748 2.282676593455108 2.277519487408426 2.26710696102964 2.265100788965356 2.265503054914006 2.276514460041199 2.229916868207511 2.255999439934385 2.283637304128206 2.247237548541307 2.252972211477754 2.238743101210275 2.229419529816369 2.285108274194499 2.281947838084307 2.327469998286688 2.29123993444955 2.253315541769553 2.284502237431298 2.300680726842984 2.287967559273966 2.259211338103341 2.229168650690553 2.254207120906358 2.297851847182756 2.295336395429331 2.336263626446453 2.307290226053738 2.283598871683353 2.264081463217735 2.23733889318828 2.202559320761793 2.201636486381176 2.217652173560055 2.229313472198555 2.222754578382592 2.217710801469366 2.267051395545423 2.283132346979983 2.270703442951344 2.363971144772222 2.336072940266604 2.329393906125915 2.311769697786076 2.309011764875322 2.314939425955799 2.342217112491198 2.316407000034815 2.270238386979145 2.250035212455259 2.232101684774534 2.298959322808514 2.327701449597953 2.290089607156915 2.300209504552186 2.297179740712636 2.274383065992879 2.272872710545926 2.31238666779609 2.318386464365176 2.35759703401709 2.401413372068419 2.449159049821901 2.44447430413129 2.39011209230739 2.369030318369369 2.343616407702939 2.343610694724703 2.370411895903089 2.351623459930124 2.353092692606879 2.339259809914438 2.326986832376861 2.271527044151298 2.234441289539973 2.215735685342224 2.191009134003252 2.169119514674094 2.216413305271999 2.222087248628668 2.249839634658201 2.299160756774654 2.311071810250724 2.386314698531351 2.399467238767102 2.393642883951543 2.411898439422657 2.402882931643035 2.386377630555216 2.45159818042157 2.445522256370168 2.414679009318206 2.453295700113813 2.398285515613679 2.446024560664227 2.390618335994077 2.359512659042593 2.348802376880485 2.325219195678073 2.314787908169819 2.352110548083147 2.335501620109426 2.311257542090971 2.288322994638293 2.27561417871766 2.335419680159248 2.336993516932125 2.300428626640496 2.303240849805661 2.31680813919229 2.299416720732552 2.290126217914803 2.33334704230947 2.372708012853764 2.323424961530691 2.300861876698036 2.313401969804545 2.309757097056718 2.266201568432734 2.274236172117526 2.306948070994622 2.287145668313315 2.288576152765927 2.249447077287186 2.241605797127704 2.262762295435095 2.273063883976647 2.206853135729034 2.253838792701572 2.262844760298321 2.242544592183549 2.246632878152013 2.231308091687424 2.212483424573293 2.222689034818814 2.256521132898342 2.218956826567592 2.174603009305429 2.161411320965271 2.154049823795503 2.168786532780359 2.111865224571375 2.212865399444127 2.315602266404312 2.511580581020098 2.761409210152578 3.054378359753173 3.40773172491572 3.797825134592131 4.259322451835033 4.832664828662018 5.451753081371862 6.189929546264466 6.970444352809864 7.826714869574062 8.752812556616846 9.715451118561759 10.74244510901372 11.96768930889448 13.18899034010792 14.42649691606493 15.70347143444906 16.98444298601589 18.2982694272323 19.57719785977679 20.85438624878952 22.08373758474045 23.33966674759358 24.59695085451676 25.84611033487454 27.0486144698225 28.20619899333087 29.40561569443707 30.65342960206181 31.87411054222684 33.00704461586065 34.14142592481221 35.28004764633442 36.35064553700249 37.43137091859899 38.51077375983732 39.6734569728942 40.71207969779789 41.78048026516626 42.878923279226 44.04821203801475 45.10881057501683 46.19555628040507 47.24891878967537 48.35200113404426 49.47585609784437 48.99830228251449 47.10032820604101 44.99650827712685 42.77726919309134 40.32124849712636 37.76524384707955 34.98678728054074 32.00504996650852 29.04433731874451 26.35692899642891 23.91644097314543 21.76907151531486 19.77753836461852 18.04852713588116 16.42195787208766 14.99571461108917 13.73109062965159 12.59271793932567 11.51545286833789 10.5819623700645 9.766253419024906 9.040301371023816 8.384505154455837 7.764519518255838 7.190062847468653 6.733722467302869 6.328905904647399 5.95843823254836 5.607310256429628 5.231639250079752 4.931705715560383 4.690312097442074 4.463417344752088 4.258266872533568 4.043977292341879 3.811293849714275 3.672357216950331 3.556315074582017 3.364750954242481 3.249083008774505 3.134751831199537 3.026785336987814 2.891495390038472 2.834736898468691 2.807282528934593 2.777723297738703 2.728408384833529 2.644905989123799 2.597240389812214 2.589258869957121 2.579719675835804 2.551645454244863 2.500507564569489 2.482367396049085 2.47970252965024 2.415274396404129 2.377460134446665 2.325575365983241 2.39413176063681 2.405947797931731 2.366061832715786 2.292034334914206 2.284942751306517 