# Created by Octave 3.8.2, Thu Jul 06 11:48:03 2017 BST <co1ssj@node117>
# name: result
# type: scalar struct
# ndims: 2
 1 1
# length: 3
# name: params
# type: scalar struct
# ndims: 2
 1 1
# length: 18
# name: cleanup
# type: scalar
0


# name: num_runs
# type: scalar
6


# name: dopamine
# type: scalar
0.7


# name: targetCross
# type: scalar
1


# name: targetLuminance
# type: scalar
0.3


# name: targetWidthX
# type: scalar
6


# name: targetWidthY
# type: scalar
2


# name: fixCross
# type: scalar
1


# name: fixLuminance
# type: scalar
0.2


# name: fixWidthX
# type: scalar
6


# name: fixWidthY
# type: scalar
2


# name: fixOn
# type: scalar
0


# name: targetOff
# type: scalar
1


# name: targetOn
# type: scalar
0.2


# name: fixOff
# type: scalar
0.2


# name: targetThetaX
# type: scalar
0


# name: targetThetaY
# type: scalar
-9


# name: exptnum
# type: scalar
0




# name: r_0_m9_G0_L0p3_D0p7_scsum
# type: matrix
# rows: 6
# columns: 600
 2.258568750170525 7.072026072331937 6.718824137584306 6.333641009390703 6.082231248827156 5.975866707332898 5.940901878806471 6.210111926033278 6.629539275607385 7.349939781011926 8.435918971321371 9.647954562184168 11.15735176597809 12.79915112478193 14.53259026162232 16.53329353298614 18.53534863217283 20.64484448924486 22.6835080818455 24.53562413410691 26.20682914376812 27.64111800095998 28.53322182245756 28.85028016720753 28.43330320145287 27.06285340745671 24.59076385205481 22.29834524897342 20.19406284442812 18.28843876499741 16.68176622101964 15.1372880357394 13.77753768316688 12.54089107314212 11.38233169150772 10.41489302426635 9.606868229100655 8.822317689254305 8.121583960681164 7.495020138067048 6.95715192820353 6.389378721018147 5.949600662817829 5.509176063013001 5.140222998525132 4.807853150574374 4.503939553229429 4.193508402426232 3.971043102443218 3.798323228664231 3.587397143616727 3.442750888894807 3.300323027346167 3.1181870622313 2.999901100505667 2.913706975370587 2.800482563219703 2.731418186907831 2.702529154601507 2.612671173425042 2.606852671611705 2.57759836130208 2.529524413555919 2.506938898530279 2.462913513219974 2.461406863197226 2.416948159192543 2.40503111783255 2.372900646216294 2.341607627015037 2.286932988707122 2.230211900923678 2.222330110496841 2.196611484912864 2.240135182339145 2.27890561478489 2.306380636498943 2.325675623746065 2.314846060897253 2.304752074993303 2.254566987930957 2.223450493089331 2.187662811844348 2.251628632129723 2.221325926548161 2.193615676620539 2.226086233382375 2.24776626968378 2.248178203270072 2.33143081797607 2.311446348227037 2.305013823759509 2.298198333061009 2.233674601407984 2.269865247464622 2.263379366304434 2.205448585890736 2.217825459192682 2.24487902263354 2.256060820964194 2.241573568069725 2.277819096208987 2.244697724441721 2.232976981743832 2.282427232577902 2.387022595081362 2.383714371568203 2.412282601166226 2.392584318557056 2.405393784134503 2.376558612902954 2.374014918706962 2.446013037995726 2.428980508873792 2.428804515970114 2.481541242599633 2.42892901227242 2.441812606111853 2.447548830161395 2.438567487428372 2.465922626666725 2.477433864638442 2.3737188828527 2.351810018182732 2.330895382350718 2.295065736252582 2.269427976389125 2.317483145281585 2.319383575064421 2.36464656077078 2.33118874920001 2.34610127992346 2.278971299325349 2.234672379647236 2.27091322133856 2.263566690646257 2.259914175880112 2.219543104147306 2.196075720210501 2.238936947323964 2.296038041171414 2.286092001635552 2.272933817474041 2.222718145410909 2.26758386983056 2.299852109077619 2.353229871089752 2.354588684513146 2.348609354699875 2.346898865591356 2.347909204661846 2.328987885350216 2.321835709852166 2.363159661959799 2.363150562949158 2.310826263652416 2.277024448279917 2.286824074522883 2.279159538273234 2.294928534829523 2.274692342201888 2.227391017004265 2.247445931117909 2.247264087709482 2.198494755804859 2.206065781887446 2.220396516022447 2.262854409967986 2.258064976098467 2.341144154022913 2.347955622492009 2.305372899341819 2.237226661101886 2.23711243623984 2.207826061348896 2.216574877980747 2.292430043657077 2.305476894776803 2.319161279639957 2.385125167358638 2.360563576039567 2.28027903677139 2.284976344455572 2.268812942395016 2.367904109160008 2.381949152957532 2.319047132004926 2.371072480555085 2.407271119933284 2.405280425853562 2.402820091969261 2.375652580485621 2.377532342710765 2.382167416893935 2.340342609799336 2.301748129179032 2.313031413705176 2.340028061820703 2.376004999343422 2.385837607558642 2.392802539565309 2.335426814119273 2.346820951708651 2.346044182784681 2.403733349048707 2.336649173103069 2.348048988133087 2.363452674264408 2.348332325584124 2.308955136875738 2.248417139886442 2.290373835472565 2.246475984262361 2.22615983293872 2.190915780243813 2.171216738330259 2.187689777194464 2.219127360658604 2.250809994149677 2.264241279237467 2.285942457463534 2.261187075731868 2.241199503347161 2.267371519959852 2.308007569641632 2.263402973017946 2.281797399817151 2.27805569760676 2.24549877571917 2.273041457294312 2.297226844661054 2.283818774227257 2.327223157844855 2.362906227888743 2.36689193725033 2.353963506528089 2.365749661115842 2.344992934835318 2.345547730077669 2.326232446699578 2.330815510904358 2.344899519557657 2.29929769114824 2.278131760507677 2.251719761392451 2.317490647528757 2.283860444977563 2.197834882012103 2.174599131380091 2.215065660166147 2.283618398541876 2.248485207273916 2.234394521925424 2.256770550580768 2.228308489357005 2.219431593854097 2.261222726364394 2.283886619174154 2.260699074859076 2.246807969186193 2.221200792828313 2.289916313548019 2.215699407374814 2.210928251777659 2.264446132961893 2.287005426092946 2.29762069514527 2.258488906154525 2.28657272811688 2.29978387015035 2.294864932788187 2.283968040275795 2.266251795846983 2.253749922874704 2.313632223231252 2.420638071700523 2.575019741952929 2.673190576155321 2.947069975559316 3.225603270850115 3.673239520423522 4.153211041408213 4.678456070268112 5.292062829591487 5.943035567062907 6.741514129025745 7.584134456446918 8.559398381577921 9.662249731820339 10.84943959912925 11.99280977839953 13.33333000050334 14.74429068901372 16.29057297954569 17.87496512306097 19.52114294409694 21.17455184513437 22.81662057116773 24.40853222508667 25.96766162501444 27.51970718133816 29.04381901505985 30.61470368130904 32.11889101361339 33.65564561893552 35.1635560606519 36.61997030882412 38.18382893285889 39.57245485948079 40.97473924967926 42.33239041095658 43.60073344504053 44.8998797217464 46.1300630681144 47.48082949601667 48.79398356141246 50.15517479376285 51.44754325636313 52.53784592694319 53.60182268348944 54.69344046407423 55.72558156020386 56.7381784025747 57.73140458185981 58.67190670838318 59.60040978296638 60.49452086841484 61.39112718933029 62.40450092015089 62.06398021220048 60.2472234009947 58.10790828292738 55.73385236614558 53.04573320650525 50.32344458723674 47.34241463173748 43.86141724856498 39.81422015547651 36.10563048940821 32.68772918144987 29.66055585704817 26.90293492643104 24.49126549947323 22.25735398550387 20.18974305428492 18.39817447018504 16.86435837915633 15.37354457055699 14.06151455680447 12.80368520466436 11.74912670853155 10.80254015853643 9.957295158252236 9.137985117195058 8.469015779934125 7.858952025388135 7.309531232154768 6.834171922932001 6.359820601090178 5.96808567503831 5.567120757048542 5.218645222024861 4.935792512827902 4.675211377832056 4.454773710747759 4.284555390142486 4.085137570025836 3.915662961604539 3.780397973314393 3.638772415746644 3.496248886174726 3.39635104413901 3.227213885915262 3.108631285977026 3.008222356687838 2.862218340735126 2.806816624823114 2.758059705956839 2.764097037545071 2.727890577934886 2.654258334903716 2.586479574198165 2.549054463834182 2.4807878893007 2.485437731527782 2.451315604706906 2.422335736500827 2.462690369884513 2.484707815023285 2.388277301448397 2.380538619683648 2.398713960858004 