# Created by Octave 3.8.2, Thu Jul 06 11:48:04 2017 BST <co1ssj@node117>
# name: result
# type: scalar struct
# ndims: 2
 1 1
# length: 3
# name: params
# type: scalar struct
# ndims: 2
 1 1
# length: 18
# name: cleanup
# type: scalar
0


# name: num_runs
# type: scalar
6


# name: dopamine
# type: scalar
0.7


# name: targetCross
# type: scalar
1


# name: targetLuminance
# type: scalar
0.3


# name: targetWidthX
# type: scalar
6


# name: targetWidthY
# type: scalar
2


# name: fixCross
# type: scalar
1


# name: fixLuminance
# type: scalar
0.2


# name: fixWidthX
# type: scalar
6


# name: fixWidthY
# type: scalar
2


# name: fixOn
# type: scalar
0


# name: targetOff
# type: scalar
1


# name: targetOn
# type: scalar
0.2


# name: fixOff
# type: scalar
0.2


# name: targetThetaX
# type: scalar
0


# name: targetThetaY
# type: scalar
-7


# name: exptnum
# type: scalar
0




# name: r_0_m7_G0_L0p3_D0p7_scsum
# type: matrix
# rows: 6
# columns: 600
 2.288751269024942 7.120241775744944 6.772830927257019 6.37608396026917 6.079654829154606 5.898956639246535 5.942916791052085 6.260068338808196 6.646789172660647 7.487644838292908 8.512695336758043 9.679114098718856 11.26115765658324 12.84238312542584 14.7076657277903 16.6992811736709 18.76335845910944 20.7844776014681 22.85999170027208 24.75205872007064 26.4356383302038 27.86595837633649 28.74374489051388 29.02020409260513 28.56964433389112 27.05410861424753 24.59916783131484 22.24595667495305 20.17338783342711 18.3338778450925 16.64415063300112 15.12990142548369 13.77682770884712 12.56956168547185 11.47299796301377 10.52502114935123 9.637549214756291 8.908596716316424 8.21641988456031 7.511267899586528 6.870815514889728 6.378634206943389 5.993241152162227 5.591990351436834 5.246022546118184 4.982196274104354 4.695889757818804 4.418011678421863 4.178054728539792 3.966021310538054 3.700724647096649 3.519205928329029 3.364980151811324 3.193357216347067 3.107830795182963 2.948614741007987 2.860263840953849 2.724598066983162 2.683581061735822 2.656371291188407 2.620500392829854 2.541456769897195 2.518583801347631 2.456899817370868 2.366702478837396 2.35039275624149 2.364833882977109 2.35205415958626 2.373683041303593 2.301016536694078 2.309598558589641 2.373407018501894 2.370032707185601 2.328037180488536 2.316788482316042 2.250980950746452 2.268057636811136 2.353673251487635 2.370344244940497 2.339078738263197 2.37851887090801 2.336608043347951 2.352612323731591 2.308014803333208 2.283527756335388 2.283257608763961 2.336368952230259 2.320310562651684 2.352647447227355 2.388666623464815 2.407724081538618 2.404686250425584 2.337680973647366 2.325699136752519 2.320764354359198 2.328820721693774 2.304309211798682 2.264455861666647 2.294970863393246 2.310992484729468 2.316217971951119 2.340643283986537 2.327397738106811 2.291446934643318 2.32966201797899 2.332136047947643 2.347142429596715 2.339054419690001 2.35230245013372 2.344587264349684 2.350516614089429 2.411390086766914 2.404798359113556 2.350426659300865 2.353775803185272 2.357622559149604 2.345144375303789 2.341382671431347 2.322504749547079 2.276525854944339 2.326994298950012 2.362017559997184 2.374984251004207 2.417175943290204 2.366132332972484 2.359333189982863 2.382146579886466 2.335791044617508 2.379095916096048 2.372316856010002 2.371737860367375 2.363817375138751 2.318245529557316 2.307681907539518 2.298740899308541 2.291026351253095 2.293827660178067 2.330688071368058 2.319203747494612 2.294806372570747 2.318610285641626 2.339375192277657 2.35386168167679 2.336765555417514 2.337265349193331 2.323498262948306 2.378468711005553 2.362284603430453 2.382452556478711 2.387558770555188 2.309021346474765 2.284201026752271 2.280844742832414 2.294653538963757 2.259208416460751 2.316933170375705 2.303799495148269 2.28231888031587 2.350060086384474 2.338429534873285 2.36189782585825 2.328625531052239 2.284929105042465 2.290532258681196 2.302910999300366 2.297194340215356 2.270774795904799 2.3138507786025 2.336650039411325 2.33192224960294 2.282260966196191 2.276363299657532 2.2539634900495 2.224175502851722 2.213708185514406 2.223767745243094 2.15890609860071 2.14008388520233 2.166331948086736 2.208217077692098 2.244804525211293 2.245646992976617 2.246903685281723 2.228598746478383 2.211189220301094 2.233629609145282 2.19413985506344 2.199318451697764 2.235699894932623 2.226863410717669 2.228569346851145 2.133802903146716 2.206698514945856 2.193503492952004 2.20682994377421 2.237146520965325 2.229746400766089 2.199531275800837 2.250773832554842 2.245673163100946 2.171262212588772 2.19939492757112 2.229375274713675 2.264380014588824 2.262201322853798 2.222903448528086 2.230753928048216 2.208817359550494 2.140593649150105 2.159725719355265 2.165010242892095 2.172035311514264 2.184608335281155 2.16507708010613 2.199475006426155 2.218754590208846 2.214348048330976 2.228754054518504 2.254667945147958 2.164812773567974 2.160749125789152 2.26201736665098 2.176785645546261 2.193034566220376 2.170247463815031 2.188416217817576 2.135364653942815 2.244618003602227 2.218213540727447 2.215835406117549 2.218793004714826 2.234075107131503 2.207951648171729 2.251411554254446 2.232700046057289 2.266533152942429 2.240162819882244 2.269774314489041 2.242826022020381 2.282661858698702 2.31853506833977 2.30793368491868 2.256616892185775 2.231787684273513 2.263645500737766 2.333554077260487 2.268853226061765 2.269629554954008 2.287408168347611 2.303141637639783 2.315754857561842 2.311405210548401 2.285526829229639 2.386573460811633 2.389837076170807 2.397170920230565 2.388359446551476 2.407785078177767 2.418415669697424 2.375809963403299 2.385872425675188 2.319046757405886 2.289474638466345 2.309644137902069 2.360010639684333 2.388188364731832 2.321364791526321 2.35805228578829 2.385846925179067 2.342344495104044 2.270675153886259 2.303180017080194 2.282411537478765 2.279136157059838 2.283607784434935 2.320926785181655 2.34119865771936 2.490936908103322 2.627571071705461 2.779806164522597 3.080928171664709 3.381435826060624 3.698870260021067 4.12410878999799 4.656302378614782 5.221362089185277 5.844730829248874 6.546303216207889 7.318838723229419 8.140941276531521 9.085061236237379 10.15384943118988 11.20889144801549 12.40057542504655 13.62934526018216 14.90942059054942 16.1289800307095 17.49067494560222 18.86168332565649 20.08655795693085 21.35010763669925 22.66347417514044 23.98885124717708 25.17703888988035 26.3791288865832 27.53519973510629 28.69699107227279 29.78420538967475 30.84697119430257 31.93772768033159 33.05272142982722 34.17144515785185 35.25039674576328 36.30041770716889 37.33541259021877 38.38871633935196 39.41765164292883 40.39602248801384 41.3519196703528 42.30625711347238 43.29221242909261 44.16583705636731 45.1228031585706 45.96546220880191 46.89226477986813 47.76500926570588 48.59130184231253 49.42918312366965 50.31037053843829 51.14307605703652 51.94217362766722 52.70882547818837 53.45680290801465 54.20088466374727 54.93880174877268 55.6352095133152 56.31844935087429 56.3664326640901 55.34713097930216 53.10671716195247 50.90441796641971 48.58899292434944 46.28732398227658 43.68225698125752 40.53336924555697 36.94420841219107 33.43049152214007 30.23598525898888 27.48733554728824 24.95031032861152 22.68277060780201 20.68329208446085 18.80970825182339 17.1251362698622 15.65019126743755 14.28037304247846 13.1225456533648 12.04557688052591 11.06070267671748 10.14408170995375 9.369339561140805 8.614772574343078 7.980838644067262 7.450549094253802 6.892003652581479 6.385800418858707 5.953679805199499 5.573110341021675 5.216876694612438 4.965142162938719 4.671028645025217 4.480825654958608 4.307434067406575 4.092508897996595 3.903185074341309 3.697447173992259 3.524753820740443 3.37453039337197 3.33277913434722 3.269684099361257 3.099147645098128 2.982126544677158 2.961059395260236 2.898619269122719 2.849357986415271 2.739189836385776 2.724738359662297 2.698351441678824 2.584485660023347 2.539299286690948 2.531436168555956 2.507827774530597 2.531993879289075 