# Created by Octave 3.8.2, Thu Jul 06 15:16:43 2017 BST <co1ssj@node117>
# name: result
# type: scalar struct
# ndims: 2
 1 1
# length: 3
# name: params
# type: scalar struct
# ndims: 2
 1 1
# length: 18
# name: cleanup
# type: scalar
0


# name: num_runs
# type: scalar
6


# name: dopamine
# type: scalar
0.7


# name: targetCross
# type: scalar
1


# name: targetLuminance
# type: scalar
0.3


# name: targetWidthX
# type: scalar
6


# name: targetWidthY
# type: scalar
2


# name: fixCross
# type: scalar
1


# name: fixLuminance
# type: scalar
0.2


# name: fixWidthX
# type: scalar
6


# name: fixWidthY
# type: scalar
2


# name: fixOn
# type: scalar
0


# name: targetOff
# type: scalar
1


# name: targetOn
# type: scalar
0.2


# name: fixOff
# type: scalar
0.2


# name: targetThetaX
# type: scalar
0


# name: targetThetaY
# type: scalar
-11


# name: exptnum
# type: scalar
0




# name: r_0_m11_G0_L0p3_D0p7_scsum
# type: matrix
# rows: 6
# columns: 600
 2.24362865927651 7.310714513980201 7.014750746384379 6.637212528599775 6.370496272229502 6.028124664706411 5.964749130958808 5.917268248820619 6.061355801655736 6.403732173152093 6.886530268922797 7.53660104334449 8.243618813197827 9.198949216945039 10.19195912794385 11.29897549234011 12.43695474700507 13.66402048905366 14.9730204314983 16.23278428983758 17.51213583918434 18.56325262515384 19.34141375440959 19.66875862138841 19.51750000225729 18.64510618610802 17.03495194877178 15.47982544758997 14.11553232540973 12.90655188763048 11.89531032976447 10.85971026366497 9.890082187337612 9.111946223071755 8.361710721379495 7.674204556531549 6.96082152667077 6.414339024577203 5.99204946113241 5.554198569188884 5.166890133217748 4.815642323534121 4.499099449400092 4.20154850135259 3.956841768085724 3.718082067673095 3.50554143649606 3.378844434337225 3.245915261642949 3.053900432460068 2.993225515660015 2.939581304621242 2.808145101662376 2.754444335387234 2.732789122357644 2.636442722046922 2.637388444331009 2.590218078301405 2.564060827269714 2.521191710198764 2.515342508544563 2.472984031508531 2.48303737561946 2.4450524238855 2.411901912568283 2.353652220423101 2.340609136117564 2.38924619685713 2.374576428584987 2.346215822313752 2.415435278697259 2.381779320767237 2.309571600457275 2.315742963495723 2.285694664140465 2.350745819228905 2.343345483383018 2.31946116331892 2.344577009142085 2.331576954653428 2.237478358377302 2.238707694865298 2.242121718394628 2.189945415560942 2.23442687685565 2.257136970329157 2.218422776044463 2.289943834721271 2.315800521500933 2.295642409640095 2.293138149951119 2.275033176028955 2.332873449253384 2.306102984468453 2.342333355481969 2.33230664448638 2.381792457267693 2.367745951591132 2.366535998862673 2.391060747664596 2.362227232537407 2.35787789018832 2.390961224729836 2.356961479610618 2.37015156855341 2.356294197510579 2.292888441334071 2.323363808813156 2.287058853806229 2.33868077887746 2.291952366842452 2.330575222920743 2.398312603538216 2.389763782040973 2.36932437417272 2.300068018055754 2.327766039063135 2.286227946096915 2.347118031324499 2.413816739292088 2.32944672891972 2.355886357030613 2.310213149707124 2.346492513461271 2.33150654036217 2.310031521032215 2.349146998829383 2.305047183239367 2.310329202096909 2.334905253774195 2.358924296844634 2.364531911931408 2.33120236947434 2.308631248650272 2.289839138462412 2.263522118473702 2.298420326345877 2.339846101276635 2.311897987887278 2.298368476573614 2.322566494014609 2.30723093044071 2.310414079067414 2.310080914860009 2.332660566165941 2.324302165920017 2.286863513101707 2.318109004325379 2.29118033539271 2.306233917603095 2.337544019861525 2.347540430291701 2.326622081905953 2.334714975033421 2.316477127114922 2.288543116632354 2.241511615264244 2.214919895133789 2.233793826140754 2.245827159655164 2.300713520307909 2.27719810967028 2.265974358495441 2.254496407198531 2.254820476275199 2.250543600915989 2.245742572260497 2.236102853545162 2.246277982627362 2.240697732129775 2.275406904068404 2.25286049364513 2.302038801310118 2.328650644398294 2.390913339934741 2.355875241370086 2.368228802115482 2.362845500972981 2.374474794480193 2.344018492869509 2.392002582171699 2.371520380980655 2.365326488263236 2.35010306526965 2.392738039681717 2.39196190124494 2.414824780327763 2.41090745661495 2.373889446528665 2.368905672134133 2.353318033929099 2.393139474974305 2.470594083300966 2.463512214031653 2.465994822625362 2.429439277031634 2.441032219519002 2.400542102121108 2.364873453683686 2.402723143810363 2.400648098220699 2.373719454288221 2.302147606751532 2.298484369825019 2.297398396625795 2.294355262209137 2.277259246575341 2.34394976002659 2.294697653191179 2.320919124413194 2.325942500271594 2.265275011916401 2.279335850518692 2.311486930026149 2.336098197996762 2.283473173636594 2.245242287857764 2.212137454545882 2.20239973414391 2.184936783673038 2.205011015706987 2.137113674754801 2.199597543131858 2.138049348661298 2.168569222663791 2.183082886785996 2.153741065740178 2.133117031204165 2.171753120703215 2.146975058045427 2.157154396772967 2.199147072722553 2.213677611391176 2.182888990080755 2.194204130781145 2.202886880830192 2.238753862766316 2.305183039999974 2.269277385334135 2.270512031027465 2.324028994589753 2.37288253843144 2.353871015544428 2.363551131704298 2.338058664485288 2.305656478853052 2.260950462118672 2.278444222863527 2.302791501453612 2.26227207375814 2.282280256942613 2.318033398740226 2.32717485847752 2.283298634618404 2.239937101214309 2.279960402262077 2.32213295812835 2.258519369097485 2.271454482959598 2.290757669634331 2.27459732038551 2.288868749727044 2.310222862004593 2.290397931767075 2.247344518793398 2.243960332541974 2.274002197350001 2.247499064527801 2.243077396225999 2.285541590899811 2.351554131775629 2.338027895133564 2.320161236293643 2.371572168001876 2.433219735801686 2.418640453262924 2.441968132174225 2.45385637232539 2.515131916581595 2.661537711064739 2.742293584384242 2.968671947181065 3.222332106590329 3.594914646138932 3.991741930371063 4.490975603701372 5.039018659219437 5.674094006855739 6.377575833124865 7.214314011889655 8.129475160327274 9.110098483826732 10.17343265873888 11.30567807501211 12.51219103408948 13.80091486977108 15.08535319424846 16.45914981458918 17.84189194725332 19.25047175775399 20.67199315930702 22.16486476317368 23.63914157670115 25.05084844048906 26.41805839029257 27.71537087505567 29.00119053244271 30.23122455336852 31.53748444759185 32.89901577040291 34.26725193641505 35.59935956873687 36.89586368322489 38.10057711144145 39.25154668377218 40.41311019776549 41.57830135925542 42.72211654942657 43.87275082119413 44.99125972825277 46.113856674403 47.29490237197024 48.41870434488555 49.61931091096631 50.79471450773781 51.97822860631641 53.10710908618057 54.30931400957707 54.27020435196755 52.35873499406443 50.11396524242264 47.94404555595247 45.67473557061021 42.97797397166869 40.20788215828543 37.07597637939762 33.64836338655732 30.53782803114154 27.68349917811429 25.11654809676565 22.79003070642193 20.71447131520108 18.91244093624846 17.22749401027977 15.73566787538402 14.39007780887141 13.13582400941232 12.08344490869058 11.04456702807511 10.16628542452236 9.420250802959345 8.705995495613024 8.040530123878852 7.498887978232233 6.934546677039179 6.419275007951001 5.998813623888054 5.561506616868428 5.217535445925023 4.926891253991926 4.626492574680015 4.388029181705861 4.157086059196445 3.978994961620629 3.802189271505995 3.621943435016874 3.494721483601097 3.371410881118209 3.276684484475481 3.100613304824947 3.015632267193723 2.969257377619215 2.915720958089878 2.782057896423794 2.734149372146931 2.71186584825773 2.741436186945066 2.686315189825109 2.613290054650861 2.581334507187421 2.521432488952996 2.477921134701319 2.411617274268792 2.338874931720056 2.351402509935724 2.373771254155145 2.391418119626906 2.381631864391238 2.395175489305984 2.414724190075503 2.376668569850153 2.388772838130535 