# Created by Octave 3.8.2, Thu Jul 06 15:16:36 2017 BST <co1ssj@node117>
# name: result
# type: scalar struct
# ndims: 2
 1 1
# length: 3
# name: params
# type: scalar struct
# ndims: 2
 1 1
# length: 18
# name: cleanup
# type: scalar
0


# name: num_runs
# type: scalar
6


# name: dopamine
# type: scalar
0.7


# name: targetCross
# type: scalar
1


# name: targetLuminance
# type: scalar
0.3


# name: targetWidthX
# type: scalar
6


# name: targetWidthY
# type: scalar
2


# name: fixCross
# type: scalar
1


# name: fixLuminance
# type: scalar
0.2


# name: fixWidthX
# type: scalar
6


# name: fixWidthY
# type: scalar
2


# name: fixOn
# type: scalar
0


# name: targetOff
# type: scalar
1


# name: targetOn
# type: scalar
0.2


# name: fixOff
# type: scalar
0.2


# name: targetThetaX
# type: scalar
0


# name: targetThetaY
# type: scalar
-17


# name: exptnum
# type: scalar
0




# name: r_0_m17_G0_L0p3_D0p7_scsum
# type: matrix
# rows: 6
# columns: 600
 2.257231172374304 7.500822471498395 7.09490013391769 6.725712748295336 6.362672740073322 6.182551657351723 6.000267730709311 5.988610938515194 6.187913090299844 6.499227336174954 6.9371989567735 7.616486820312275 8.443076795781963 9.254993502589059 10.22916098935457 11.32231260863045 12.60952843377163 13.88820726989798 15.16040063260516 16.37330430848488 17.51582532162865 18.50495258071896 19.22644179659255 19.57859117021144 19.38551587939583 18.56341326971597 17.04960160201881 15.49006801450014 14.04611185808608 12.77349358821812 11.6910091816062 10.7165891896293 9.879013959027361 9.043844879794051 8.33944506583066 7.694201412276016 7.095166132843588 6.616821696268744 6.121812747922377 5.776073231972987 5.401982834711816 5.085750518712302 4.793197855567996 4.486440690270683 4.244531664524402 4.007141707661503 3.795062274410157 3.605048650751996 3.45684416572476 3.291987528784375 3.136012153390766 3.000108146468847 2.928014408294985 2.891583819986408 2.834553704264181 2.761451454694907 2.695660373719875 2.647988178647211 2.652105606150144 2.578646718748132 2.581013240831453 2.542534122967481 2.519452672357147 2.507456844192347 2.46303965804691 2.440068693287685 2.445320666033695 2.473274803720415 2.448301694406837 2.454132448423479 2.444706415142718 2.452644750803302 2.469559631754237 2.476980171384639 2.491524035154725 2.532925263876677 2.567217082072602 2.55806768389084 2.542291274621675 2.499867592294322 2.467575765560468 2.534514993232733 2.46200159642467 2.43970480452117 2.407737177287345 2.421910921841118 2.44208134983819 2.495571979903616 2.47786993300906 2.443916270880436 2.369424919474113 2.41793278617115 2.439189543778411 2.441512342635178 2.424623169780716 2.361747837705479 2.353458185198178 2.305775126316803 2.333812643722922 2.324760424457054 2.344324416073505 2.302735596706043 2.33260542485732 2.302220895620849 2.364334160229191 2.329578845674405 2.326090214241958 2.336669280994101 2.336513545142225 2.281513395188085 2.25518060480681 2.206129086644069 2.196651096994174 2.211274540110026 2.255083192008897 2.239017544898161 2.193592265313782 2.186166641073214 2.200568835287413 2.20482751525924 2.2406606230943 2.206290922389599 2.231579211795179 2.257412076641117 2.262196493017655 2.30240103865799 2.285639870675368 2.322963735292433 2.354364012317092 2.342214606775087 2.305530386616738 2.307298299587274 2.289079912508896 2.283317790981528 2.273456884795451 2.343001282974001 2.334403636548814 2.293518758728169 2.27331022665021 2.300901677717775 2.341769056183693 2.345949898051913 2.268096966578014 2.27243450156675 2.239733416274248 2.308764539055119 2.294837156208814 2.326525341486558 2.318717531983566 2.36915522308027 2.357223089722538 2.339873671808164 2.292102433562832 2.288281884015305 2.268913946012617 2.25854817925574 2.24672705536068 2.28550486612221 2.239284749623039 2.21552886290965 2.165265852532684 2.207123736843641 2.199462946722633 2.214719044197409 2.266837038368976 2.315963921189905 2.339600419374619 2.380710161240131 2.412953548364385 2.335410740073712 2.327356743833661 2.381879066888359 2.348041471173929 2.346632996308472 2.377684162958758 2.339283175755554 2.304851039531059 2.294535768785863 2.299182668190042 2.293412113151135 2.282030910268077 2.350840830167726 2.29696957656779 2.276870003632212 2.289755541496561 2.234216312699573 2.208226326230943 2.202809790343963 2.240785594058252 2.248525485512801 2.268847649007512 2.229432084965083 2.320245389848424 2.355910080703325 2.344972601138579 2.334509030340996 2.25037524063373 2.225028180335357 2.202714396447846 2.175973097004317 2.195096553732583 2.27836106702307 2.307973278708232 2.305201527688041 2.265533356046944 2.285110491413434 2.289812602573875 2.236260937814222 2.294007417476678 2.320431559703138 2.317696810954658 2.305107312244218 2.314300646423362 2.378115250983683 2.408452311950896 2.37328898000851 2.361884361233024 2.357933749354288 2.410494914729497 2.429424113144705 2.433493366497714 2.413646806369798 2.446935646352358 2.387274536960376 2.377501695271349 2.404936262864794 2.421610521012553 2.469224005821161 2.415831068668922 2.433438904503419 2.401760060060042 2.379573279449687 2.382739963721178 2.364113846277178 2.335358392127091 2.293479168303747 2.332147616081784 2.325658901740098 2.290412526603177 2.27222349785734 2.299678881125146 2.298921793148111 2.260160061072384 2.271342676825952 2.224482922378229 2.198785040113762 2.186294167695451 2.202512874519016 2.287311592168408 2.267827657255566 2.194957474188413 2.174902348144315 2.188584444655135 2.234517111966852 2.241857279012038 2.233274319303746 2.226092873548623 2.258145080937538 2.272774357355956 2.302155916928314 2.30652488987289 2.303567464492517 2.264940582426789 2.237730011060194 2.290313114142918 2.287657965360268 2.274466281480272 2.259625195058106 2.280895162752131 2.31978631171296 2.343139220352896 2.273889775380667 2.258538262976799 2.244034647408625 2.20594219889972 2.221482609696977 2.252132453679224 2.220078185840975 2.228557734444621 2.207243147218833 2.237489097155049 2.191208942760568 2.263804180800435 2.270932283829097 2.273987784999917 2.250434461679106 2.254409454776578 2.242509851041177 2.296785975100647 2.431452614009686 2.593558133637998 2.8612497693357 3.226226834372937 3.556287865831109 3.960384783491463 4.416731415920367 4.946322524263451 5.478437676771136 6.157722604621085 6.905913458534997 7.709215228664107 8.636677977923682 9.634606002015062 10.66565923074086 11.72667873312821 12.91916826706802 14.14163449308353 15.37405240834778 16.62577132204751 17.84884555782264 18.99182900707092 20.27119497803506 21.51184164846381 22.79113738819524 23.98390082873993 25.22224931030541 26.32023466042483 27.46121739670343 28.64782919944992 29.78809600734166 30.97599447288849 32.17375246103984 33.36164849345732 34.46611520230363 35.6196145115282 36.7586397960913 37.8455423873238 38.99441495243809 40.15333926249514 41.21642454899848 42.27749389158271 43.30850183566599 42.59941947909829 40.84551470657607 38.95755849221678 36.79747405584203 34.62438427210145 32.23215042248921 29.59840777728095 26.84736634628644 24.41386224474991 22.27689882474806 20.28015373967355 18.40506302133508 16.76932783923803 15.31816809057091 14.0017019472798 12.81180247931843 11.79353993961558 10.80943855022633 9.957901542889431 9.150154021161143 8.425573409622302 7.828752123590675 7.291000054952747 6.819087630239665 6.373958869604394 5.956937961898802 5.633842433451719 5.3556805226508 5.046887691059965 4.791598075491493 4.541545276490069 4.278166500862426 4.081860473117558 3.92264597430767 3.789524405194243 3.661309180963144 3.526907185299933 3.374587948648696 3.253590822536353 3.149479073417751 3.069246322755134 2.957765482839022 2.870277269004873 2.773560742190966 2.757566753563879 2.738244051051879 2.624790339337778 2.625948917844653 2.601189317443641 2.530283520271041 2.486146112227289 2.467656836634887 2.481810256263543 2.479291176670813 2.389556519177859 2.398415620416927 2.385835384419806 2.377907119924203 2.439080622592883 2.48607213602736 2.501014346886222 