# Created by Octave 3.8.2, Thu Jul 06 15:16:32 2017 BST <co1ssj@node117>
# name: result
# type: scalar struct
# ndims: 2
 1 1
# length: 3
# name: params
# type: scalar struct
# ndims: 2
 1 1
# length: 18
# name: cleanup
# type: scalar
0


# name: num_runs
# type: scalar
6


# name: dopamine
# type: scalar
0.7


# name: targetCross
# type: scalar
1


# name: targetLuminance
# type: scalar
0.3


# name: targetWidthX
# type: scalar
6


# name: targetWidthY
# type: scalar
2


# name: fixCross
# type: scalar
1


# name: fixLuminance
# type: scalar
0.2


# name: fixWidthX
# type: scalar
6


# name: fixWidthY
# type: scalar
2


# name: fixOn
# type: scalar
0


# name: targetOff
# type: scalar
1


# name: targetOn
# type: scalar
0.2


# name: fixOff
# type: scalar
0.2


# name: targetThetaX
# type: scalar
0


# name: targetThetaY
# type: scalar
-15


# name: exptnum
# type: scalar
0




# name: r_0_m15_G0_L0p3_D0p7_scsum
# type: matrix
# rows: 6
# columns: 600
 2.269198561734811 7.452841575181083 7.126814747975004 6.758828955982608 6.388097914743412 6.095623806031654 6.049326885349728 6.061447958469216 6.233759139970061 6.518667017982807 7.017227700314834 7.729645920568146 8.433199780032737 9.402376786561945 10.4037507913381 11.51660883260047 12.70665908684896 13.91832914054976 15.16221088984003 16.44646240658767 17.52405987097154 18.52038547450502 19.28433761139604 19.65339598233913 19.47279548906954 18.63515870064293 17.03523074231634 15.50684278865083 14.07947476184927 12.79421891824313 11.65226346478448 10.65426750708139 9.74663601598877 8.961160801707592 8.333884823785411 7.690922374429647 7.089001568514504 6.578601393550343 6.070911096765485 5.644181241827027 5.227414288463478 4.888032437913353 4.605569898023532 4.338218012970174 4.085936140345439 3.909631079928658 3.643113212984645 3.425342800237559 3.271989627841322 3.180920807317307 3.07676389603148 3.018897185580499 2.963483368061134 2.884665703131759 2.829950008232117 2.76334145310102 2.683693534730992 2.587211608388316 2.530889919547917 2.504442145775101 2.4334985589594 2.46090626946534 2.422169445067993 2.436442110089047 2.450505506727495 2.408819068539742 2.364297106603772 2.435768305855163 2.461742049706118 2.400003285170897 2.349789228839654 2.329228805814637 2.312729974983085 2.350285210639413 2.316897887092637 2.247539654577849 2.288036711936002 2.279951269076264 2.287720897213148 2.332099694398494 2.350503790441508 2.39217361948613 2.390342100441558 2.38960179631249 2.335505752704194 2.329022426565643 2.343941642106074 2.380047210004705 2.368466328372961 2.441320792077022 2.415405207651929 2.394694929720572 2.349521602974619 2.294496425460238 2.261816232799902 2.256275323645241 2.252156027981982 2.259201334651152 2.22591586773342 2.276412403560244 2.282049252886281 2.241816013625794 2.299020730170014 2.318096907478321 2.205241482943165 2.229045175959982 2.263681171709322 2.268692571247811 2.292376078457892 2.286998127915012 2.289654684293055 2.261865284039231 2.233439161624119 2.258283078066597 2.279561856630608 2.295354995825619 2.29448666733515 2.281210799701512 2.294347286184347 2.26958356553223 2.261380352974811 2.328678671576199 2.356740588504181 2.359589683937884 2.388579833437689 2.399609903201053 2.454491944496112 2.403296068077907 2.380646047229675 2.404106527370459 2.327022163997754 2.332911897952727 2.332007122013238 2.314279802223609 2.33328728620836 2.341843471407628 2.321531377294377 2.297174973457004 2.288983736652881 2.231922417457099 2.266573086599237 2.308465638274356 2.332266792287555 2.28176881071704 2.305687592150207 2.306669645789952 2.262259036197065 2.271986301217112 2.222119878395461 2.225034695751674 2.186041532671879 2.239441176998298 2.326230067334109 2.294612241021241 2.263867018878955 2.250748735241359 2.327007529729599 2.270671075682912 2.299667974359181 2.268181331412052 2.254340272753325 2.309116751843248 2.30555382852981 2.319738761230838 2.316579174424987 2.317117905593477 2.25936959352839 2.263637259951793 2.254764183260704 2.231128070789055 2.199869499061606 2.250912181703825 2.188882942697091 2.18925703097193 2.188355897749716 2.193688789280714 2.150180179691233 2.162392854828795 2.216298374150938 2.180012792272464 2.210361605622893 2.240699617086648 2.255843231254403 2.267805238865549 2.297734055522596 2.343766971258447 2.376616049474251 2.269289735162602 2.302809779270319 2.297663718694821 2.317610164587677 2.331147320808668 2.344116664335161 2.311006822196759 2.34446034123539 2.263566012119554 2.280591484734032 2.298437108306643 2.303110908564122 2.271476892465216 2.301597259873233 2.23763660520126 2.27330791035638 2.299294358574116 2.280289881702629 2.264582021172828 2.253568756412278 2.296895554654839 2.300811971377698 2.351972414631746 2.316218908415976 2.317010437418503 2.339089385324769 2.307770872852416 2.293402062162386 2.270092342555472 2.251396939846927 2.264017977264302 2.280901541489584 2.314704086216807 2.307472698150377 2.322231606187415 2.362411732556211 2.317833364613762 2.2516595730267 2.304602580574283 2.332309583573078 2.363647696030966 2.397314066976833 2.356851794618706 2.326534394203918 2.338972967827431 2.334174326013454 2.349091932315787 2.284467081604816 2.289602954487236 2.29838013909648 2.236051865140325 2.272307915758574 2.243889302360913 2.309305078872057 2.254210611143208 2.264492990871076 2.293575580484685 2.290300093460246 2.294298697008344 2.317461351867678 2.28568390628061 2.28380542540981 2.282489606324816 2.327692395665508 2.284371662266494 2.331111220781168 2.310441565699875 2.260409937112854 2.252490510953066 2.195024661516072 2.207340553468384 2.244646178820403 2.230275201909535 2.237969692982006 2.226111963725998 2.154266965524585 2.19568550736949 2.204777320403082 2.211077899723023 2.252007305211009 2.284165248620411 2.314678095568524 2.271794834283355 2.34707152104238 2.258935245448811 2.259435449414013 2.265825126796699 2.259364297267894 2.272104926210886 2.298627182510245 2.309156279603485 2.298199251607002 2.297842778178165 2.250825209761388 2.199696563413454 2.17685699469439 2.157270459092615 2.128736971906619 2.147296375542282 2.161679877615825 2.190213550369663 2.196432953913245 2.239069671832112 2.325414502749481 2.514879749091051 2.663780595677963 2.834967179482192 3.149937035792391 3.52580639594089 3.96484899524512 4.506960038503166 5.131289462256973 5.848807310503616 6.638770263383776 7.469379178495728 8.317129028271665 9.289282528188778 10.33457936692866 11.44177655818567 12.68154131890878 14.00823869342275 15.40080009314624 16.74284381960024 18.05700414743478 19.50277439998536 20.70528210354314 21.88001550699119 23.14395034631707 24.50499242369187 25.73286697711592 27.03658298077062 28.2561541855066 29.55260649082265 30.79306281876052 31.95803464132041 33.04833505468559 34.14697058398815 35.22322921268642 36.21794729429894 37.20246569573646 38.24787379551344 39.31990101550036 40.46901736583459 41.53766301629366 42.5825974397776 43.67064260152983 44.71898621578657 45.30420587097615 43.75725955246071 41.88390790658013 39.83573344382967 37.58575825161824 35.11306416516163 32.56960592990072 29.64357880665557 26.9545680544652 24.49201006544899 22.29570515705927 20.20396724174861 18.38574758026516 16.7799700608266 15.299528455369 13.99446158398769 12.82827927265316 11.7673582033276 10.82394837491302 10.0444348553865 9.294122774099378 8.603103228684631 7.999588285558275 7.383178026902897 6.83065065851406 6.340100287336099 5.922892931128445 5.611273560101836 5.222152183559956 4.955678598780651 4.729118135430326 4.463636506043258 4.239707100745363 4.035560419299145 3.828970450058478 3.675296311841521 3.537193823205598 3.410238189324446 3.280397100104892 3.196777687386202 3.101669978463178 3.015140032919589 2.907544752004469 2.846882357327559 2.767198368725076 2.729171904975374 2.686172342756436 2.640217285454128 2.573792018039967 2.502184878730986 2.474357348859485 2.480195836596977 2.450984592996974 2.420450253739546 2.396690929283068 2.350744160572503 2.344522567189415 2.355955563818497 