# Created by Octave 3.8.2, Thu Jul 06 15:16:48 2017 BST <co1ssj@node117>
# name: result
# type: scalar struct
# ndims: 2
 1 1
# length: 3
# name: params
# type: scalar struct
# ndims: 2
 1 1
# length: 18
# name: cleanup
# type: scalar
0


# name: num_runs
# type: scalar
6


# name: dopamine
# type: scalar
0.7


# name: targetCross
# type: scalar
1


# name: targetLuminance
# type: scalar
0.3


# name: targetWidthX
# type: scalar
6


# name: targetWidthY
# type: scalar
2


# name: fixCross
# type: scalar
1


# name: fixLuminance
# type: scalar
0.2


# name: fixWidthX
# type: scalar
6


# name: fixWidthY
# type: scalar
2


# name: fixOn
# type: scalar
0


# name: targetOff
# type: scalar
1


# name: targetOn
# type: scalar
0.2


# name: fixOff
# type: scalar
0.2


# name: targetThetaX
# type: scalar
0


# name: targetThetaY
# type: scalar
-9


# name: exptnum
# type: scalar
0




# name: r_0_m9_G0_L0p3_D0p7_scsum
# type: matrix
# rows: 6
# columns: 600
 2.244876171207579 7.397889856511028 6.944932995467752 6.572870598742156 6.306400101544568 6.066475337160227 5.925288091217226 5.920024239669146 6.080613355079549 6.481511340218276 6.948125596976752 7.554583135977737 8.32941442119045 9.226490132488834 10.21060783926805 11.2265294971221 12.3825107927114 13.60381443130609 14.92445774078078 16.17757123443153 17.41059520778799 18.38114985058928 19.17035099838904 19.48234808511916 19.30155358540833 18.39278560539606 16.79861700844049 15.259092090575 13.81263349064102 12.58457246154285 11.45472397773119 10.4344574025672 9.573460397863528 8.726574765332771 8.045070851552737 7.411544664006215 6.835792368656257 6.30989161053003 5.878210803330148 5.519690854351211 5.183697083113657 4.84432570478566 4.568081548874034 4.288024128734833 4.027506296602951 3.835087225266761 3.652673561395204 3.510446994576341 3.43272940292627 3.323772518398982 3.238111278422366 3.159134217596147 2.968394776882633 2.831903309524932 2.709546959911677 2.673692113086872 2.632383227944956 2.631417250267987 2.57200871187888 2.493081123251613 2.461906213327893 2.429682071240677 2.419297170927166 2.34791029412736 2.347776698439702 2.349066747909092 2.402563442006795 2.390355303345132 2.347128274082934 2.339880012685171 2.308968639124942 2.30274915254995 2.282397873774244 2.321722412034433 2.244358029780415 2.241002551774727 2.204653288943518 2.204556936037989 2.210610752641514 2.201251225495071 2.167995970079573 2.200428831063618 2.270253198203136 2.266980313434033 2.314827400834474 2.330637324270356 2.35259040978417 2.326824717205454 2.344821043890988 2.325419814202178 2.334178376277123 2.309112617374922 2.369084808586194 2.37119026225264 2.374807495249115 2.327582752812305 2.362738201150933 2.36983452898312 2.386754866434785 2.355895727559982 2.331297724669639 2.286968232438085 2.270157251743512 2.278723119779897 2.266443379568955 2.315736069951527 2.315688529783074 2.267370103556459 2.268884314802563 2.248599834692868 2.248743331561855 2.268036992645648 2.250387323194445 2.264978294468165 2.233918742902461 2.245281201518083 2.240803450291423 2.26938500686083 2.297267687372369 2.269119423435768 2.345496439298586 2.273050087551383 2.28469925554964 2.28849154600357 2.296551077419281 2.349679714163358 2.360965990024852 2.362603828267311 2.422663099088822 2.490246046061657 2.45986504022585 2.457266251461988 2.471532020223094 2.455689993272244 2.435033430967451 2.409046278469759 2.440611469621217 2.343753865643521 2.340015339519596 2.34267747722879 2.331372617965826 2.260864507672522 2.280694827837578 2.284736266392429 2.262721717939712 2.245802133669713 2.289429595799447 2.290125874411387 2.2743416670437 2.231130616535665 2.25086168468988 2.241709265115787 2.255816652817884 2.276005179719505 2.249240050718072 2.272204826946108 2.286421748678549 2.248950902401702 2.253182505410223 2.215557260766218 2.23570584225854 2.261991647668765 2.27591222274441 2.244575070865722 2.232772658993781 2.290899379309849 2.231373245776922 2.199550913574058 2.176903894040151 2.217179903484066 2.212600920480327 2.208787412928359 2.213523832055216 2.197646127820917 2.172148187728453 2.205195022404951 2.210089767275349 2.249656203073755 2.204936083169741 2.200725018657977 2.253569955866624 2.32367002445244 2.355869011564209 2.340530677694915 2.344201780266303 2.343526284174004 2.353650470853609 2.346391834391397 2.3170836420868 2.291269381814345 2.272495812139823 2.293949756633083 2.273534676915006 2.280540304429451 2.230384202724963 2.21116633670681 2.176883924152207 2.135199818971159 2.169240524257475 2.173285565222614 2.214642679682584 2.252941870712675 2.184744001537183 2.228120267434861 2.232958995420631 2.216487230136408 2.221415554995474 2.251932361221407 2.23729162033851 2.222405226981209 2.238409952493384 2.249017108137195 2.306139109710784 2.340785440581385 2.340265404935053 2.370214012029464 2.331954429799225 2.329895981412847 2.355057700288853 2.324721355031215 2.326146076826262 2.343027637238265 2.36891037382793 2.392484437354142 2.40426925875272 2.391974827878585 2.338040515809553 2.267591528107005 2.294416517011996 2.287467292626388 2.293593025086011 2.346519392889604 2.344933279189718 2.298434482814628 2.299051289046474 2.298719996366344 2.289365645072394 2.251581566139066 2.252184784323617 2.276199595084108 2.282551403706748 2.29317816234834 2.276735171704786 2.275823346375546 2.276046277162095 2.237531471244438 2.297146366989182 2.253925722823624 2.330542458719719 2.334020903857891 2.318798011339823 2.383823789430608 2.372039636335103 2.356245710514486 2.323729503081267 2.373799096560106 2.393470243583579 2.344868071180827 2.304942804159509 2.278041470177413 2.308194845750222 2.339146297046682 2.34924991904154 2.316290401151491 2.274955297281849 2.344914859524579 2.300097321491194 2.318257825532783 2.366372996035352 2.261585501491936 2.317676845574169 2.306945373342387 2.268906463090389 2.248967579115742 2.32717059298011 2.378299357871583 2.524648554746818 2.73475624870116 2.957507054310554 3.343431105251511 3.691757247233909 4.225605709478259 4.754462711738597 5.448880772655684 6.163125212828163 6.972505396552151 7.866795238034683 8.831414523898275 9.883963371441496 11.12486863764207 12.41361123308161 13.72472328849108 15.17948584229453 16.61579757006257 18.0823190084011 19.60887535523943 21.13009045964282 22.64267160673262 24.09682561692171 25.56213298177317 27.14246039388308 28.60783099231776 29.94009350230772 31.28390288124137 32.58549922421662 33.9161598662904 35.27747790299691 36.63724255999841 37.96297923387101 39.26737489771767 40.51272970519858 41.75737520755638 42.97688622612259 44.1877877841689 45.4373457298334 46.62708417270187 47.86265592276322 49.05202341808035 50.24366479389937 51.51289562372403 52.73657642428952 53.78361688982477 54.86530490313089 55.92944670630459 57.05049784995208 58.06823656406777 59.10399685536686 60.14688424829728 60.59732828792039 59.58515246454772 57.50511946838378 55.19072833962127 52.63093631079391 50.13373125324142 47.21518656173612 43.9814737121269 40.20290288651086 36.44666027247877 33.00606473859079 29.84990768796706 27.07760983139087 24.50549168361613 22.2649310673587 20.28075083309523 18.54055227629942 16.9416910809523 15.48223637208866 14.21529184569954 12.99217999220491 11.88490589614958 10.95304676733576 10.06997154546843 9.283867685357109 8.500245011338848 7.848581730177102 7.283093997579272 6.738180198455666 6.330446704443602 5.910084284783807 5.526071211505041 5.156265220874047 4.876667136679316 4.634637989600378 4.343890138778079 4.084832196855132 3.937113961890645 3.808909178143949 3.642527840023831 3.494863861884369 3.391853538429132 3.272238989733523 3.150261609158406 3.038885488269443 2.929139764846695 2.823551312176278 2.775392874424142 2.704310684257507 2.601714109907334 2.483597044207272 2.436214990004373 2.422841494440945 2.372535358241294 2.341498163748838 2.333686875004787 2.359398102082196 2.349936307644384 2.348757142834074 2.387247987306182 2.375881865853444 2.373056739030289 2.441845513963926 2.507329701740673 2.484585452162719 