# Created by Octave 3.8.2, Thu Jul 06 15:16:34 2017 BST <co1ssj@node117>
# name: result
# type: scalar struct
# ndims: 2
 1 1
# length: 3
# name: params
# type: scalar struct
# ndims: 2
 1 1
# length: 18
# name: cleanup
# type: scalar
0


# name: num_runs
# type: scalar
6


# name: dopamine
# type: scalar
0.7


# name: targetCross
# type: scalar
1


# name: targetLuminance
# type: scalar
0.3


# name: targetWidthX
# type: scalar
6


# name: targetWidthY
# type: scalar
2


# name: fixCross
# type: scalar
1


# name: fixLuminance
# type: scalar
0.2


# name: fixWidthX
# type: scalar
6


# name: fixWidthY
# type: scalar
2


# name: fixOn
# type: scalar
0


# name: targetOff
# type: scalar
1


# name: targetOn
# type: scalar
0.2


# name: fixOff
# type: scalar
0.2


# name: targetThetaX
# type: scalar
0


# name: targetThetaY
# type: scalar
-12


# name: exptnum
# type: scalar
0




# name: r_0_m12_G0_L0p3_D0p7_scsum
# type: matrix
# rows: 6
# columns: 600
 2.280950203443354 7.449890738338581 7.086536188027821 6.714925299667811 6.373850355772447 6.147263142331212 5.96861532647381 5.956537434729398 6.1072880465872 6.460278954662499 7.012179789577203 7.661851378361462 8.355293982414878 9.312711673257581 10.26903925059378 11.31799860086176 12.46455876018445 13.76609052709682 15.05064240666616 16.2770500378756 17.42809762461184 18.46028597343684 19.21100675249909 19.61843720914476 19.48447918257079 18.66280253365403 17.07209868068821 15.50527363498259 14.09549419422547 12.84428002785717 11.74354194535408 10.69342834796407 9.792904271778752 8.918207300728682 8.252261697576614 7.627166513244447 7.042315260556279 6.474370886226097 6.009426423697732 5.578381206119957 5.204770839722187 4.831604837803752 4.570078549309983 4.282091963243147 4.019881736734533 3.828927911372375 3.584285098600958 3.402727693992347 3.323984828917673 3.171879316825652 3.09705379967636 2.934143464322915 2.850262970288895 2.819575164774506 2.804894252614758 2.784153781147324 2.782690868891223 2.709576877372456 2.677033998559637 2.688906506504281 2.639309266287455 2.57227719212824 2.546418229239862 2.53731606151814 2.503430302233028 2.464536269973905 2.454919858377252 2.437477039427904 2.403076547125238 2.383860331789037 2.391041228540416 2.38770901983662 2.346157909616522 2.397756419661164 2.414870049971796 2.415879089094233 2.457093520981289 2.501836459538026 2.507713528735621 2.439361943572294 2.441363075638947 2.382824432123016 2.362426135910937 2.329225782588765 2.345793919543212 2.289580109849339 2.276904514070338 2.26879381264007 2.248678282325272 2.29526903579972 2.277447642663901 2.242757338648516 2.272964568372117 2.303797058782948 2.276687621708334 2.297692266069134 2.339393301495875 2.353185084682991 2.362977795513871 2.379430079468875 2.371997499249119 2.346068331389688 2.361044202461926 2.357692642930488 2.429415544062067 2.387482281097618 2.462493386905408 2.434025476708484 2.348172041707585 2.312595111716291 2.297532252643578 2.320460582377564 2.29998985360362 2.310780513464124 2.340999601197836 2.349204552427182 2.368583344399667 2.335520704702503 2.352863932923356 2.37119376409828 2.371631039757631 2.402303914178447 2.432840532525006 2.442146378365578 2.411805113981245 2.353490103851072 2.340123326837784 2.290303119047167 2.258715898075025 2.284604753225722 2.320099896911415 2.266633547085803 2.263795074912196 2.284967281215359 2.220039196512516 2.240752090365277 2.224803240205802 2.271599124047498 2.330634381965865 2.310130336139991 2.283341105627187 2.334697700485776 2.369662321929354 2.378931411731173 2.341854689897445 2.308351002895506 2.337275028710792 2.2888150424169 2.294032787844117 2.308258709676011 2.265980545977072 2.250748507885874 2.255839086916239 2.232324216492998 2.224734115468891 2.258966437431809 2.308572735200869 2.365291742651607 2.375359466121154 2.364989966299618 2.33041043578487 2.326195196586923 2.302569316525478 2.335014417149068 2.30449315480837 2.323644574345963 2.324478037291556 2.268955105319037 2.27654748767236 2.233444994039019 2.242202920897398 2.230649859593541 2.206868760076759 2.190842388632518 2.218215036888068 2.271095494917972 2.239354533561709 2.255159423897567 2.27445832993908 2.222511160933209 2.277568751755098 2.295107168676623 2.337647981345071 2.408135206012957 2.35638597032812 2.360850328019296 2.381553878592968 2.332343319991196 2.414163781228126 2.405015701453522 2.408312208368443 2.323578754258051 2.322766640161717 2.305708449765916 2.32147301668374 2.294933015167771 2.266329944090103 2.307537358025002 2.239115857189972 2.234031550895452 2.297295444328483 2.237950944603654 2.245902152077178 2.247973310160887 2.250216393520532 2.233560541906627 2.301628089890073 2.251617166235519 2.218895945395161 2.241185145632699 2.272457163177023 2.323175183861167 2.322909239281671 2.329016756306373 2.349899193715828 2.390502455392379 2.39858080947306 2.425462742743548 2.388055976516625 2.371895244232292 2.42964404761733 2.469937870426293 2.434805916178448 2.416111336737231 2.406910504840198 2.431981101370184 2.439121061881451 2.364323126548697 2.32946533032009 2.306187025515101 2.235647395395063 2.274426623121144 2.244127583368027 2.195845082831511 2.220205868688936 2.206490286816916 2.235213034142362 2.223087642745668 2.217837669648361 2.26806140275221 2.199479494727711 2.207819032322732 2.172798367231735 2.123184801599564 2.157972557419271 2.202564793631609 2.233153483030037 2.289641372306505 2.323466175479552 2.317275873072504 2.321150013749502 2.293639775769407 2.353594719967077 2.346346141806862 2.334810536856821 2.301563113613156 2.349991794093512 2.310792148746259 2.284111758021936 2.306353416373895 2.299031926562748 2.294888890022776 2.279325026600418 2.333729706311715 2.275648411712609 2.195625536329317 2.217309140472935 2.178813881739188 2.227668570973037 2.224840844864957 2.257150929264753 2.240870584114873 2.273995927214855 2.277404821950768 2.212566520138353 2.264294471660833 2.241178937701989 2.231702955985384 2.243691914187366 2.255288520231261 2.218909125278515 2.261429564947321 2.366685388558835 2.553882989286649 2.740709443569358 2.987194276211994 3.339628913672641 3.791501803923893 4.37481322586973 4.908371390740285 5.597191376640694 6.392641131435084 7.213646772412176 8.188751942054296 9.261643628016827 10.33939952926448 11.56605316638888 12.81564525964495 14.16014452318996 15.62803841580171 17.04854764894662 18.48890653815033 19.89162336277514 21.23180484298064 22.57789674025844 23.95651540747713 25.2733525734011 26.59713031224237 27.83788149838074 29.12431695792839 30.35326590752084 31.5507080245734 32.80726377582323 34.05932540056529 35.31886258337181 36.539862043006 37.72594563537859 38.9308563236882 40.12479804072791 41.21954820686369 42.32460442278352 43.47491457020078 44.54855854466587 45.56500252464321 46.57561437097138 47.60884577961406 48.68823226154564 49.727485144409 50.81052221076243 50.53358918533195 48.72240195790073 46.59536329124967 44.30452668658654 41.8571983662805 39.28941522068635 36.44686716777505 33.38920812217702 30.23953378593069 27.47878480083273 24.93590721040528 22.60362494672154 20.53943764462747 18.61531494224255 17.02496345749023 15.54433348345992 14.1756614015394 12.98736254252617 11.93323230960959 10.97912924961747 10.07716629960487 9.269271571669378 8.538162299879332 7.882775102232699 7.317584660288048 6.851304985561001 6.452351246505714 5.981516503095918 5.635414502256026 5.32794445984473 5.035460246341245 4.76890384361468 4.49216539977715 4.250971427190962 4.005635340658046 3.751462913012801 3.585011521841807 3.475335095805349 3.349395051107422 3.238918186132651 3.159265128444531 3.04756485973121 2.998840144064161 2.894655695978145 2.829159052031173 2.698269617992992 2.655313093200675 2.616804114746628 2.615936392554431 2.535389158329053 2.505034528723627 2.501817839867726 2.421699048027222 2.408430339182814 2.349074090847353 2.425929565926708 2.396577808678558 2.330897423657007 2.330655453199142 2.313100416198722 2.263898487159167 2.264217398584151 2.306037923932308 