# Created by Octave 3.8.2, Thu Jul 06 15:16:37 2017 BST <co1ssj@node117>
# name: result
# type: scalar struct
# ndims: 2
 1 1
# length: 3
# name: params
# type: scalar struct
# ndims: 2
 1 1
# length: 18
# name: cleanup
# type: scalar
0


# name: num_runs
# type: scalar
6


# name: dopamine
# type: scalar
0.7


# name: targetCross
# type: scalar
1


# name: targetLuminance
# type: scalar
0.3


# name: targetWidthX
# type: scalar
6


# name: targetWidthY
# type: scalar
2


# name: fixCross
# type: scalar
1


# name: fixLuminance
# type: scalar
0.2


# name: fixWidthX
# type: scalar
6


# name: fixWidthY
# type: scalar
2


# name: fixOn
# type: scalar
0


# name: targetOff
# type: scalar
1


# name: targetOn
# type: scalar
0.2


# name: fixOff
# type: scalar
0.2


# name: targetThetaX
# type: scalar
0


# name: targetThetaY
# type: scalar
-14


# name: exptnum
# type: scalar
0




# name: r_0_m14_G0_L0p3_D0p7_scsum
# type: matrix
# rows: 6
# columns: 600
 2.331899146054639 7.487022951769177 7.117761720066483 6.70910331736377 6.452633833516302 6.228707570659026 6.173168187524425 6.156168857130979 6.255775803998404 6.636350752036378 7.060775160520279 7.709373872325159 8.336193653976807 9.174086285762314 10.18247885470191 11.34294106251036 12.49938814928464 13.82217473763376 15.10868782687612 16.41424488300436 17.55063464597333 18.59496493920415 19.34479670612927 19.63173838261719 19.49163272114674 18.67630834133161 17.05446626523189 15.45977982626937 14.01255126618344 12.73994356046023 11.59510496637085 10.62139090596247 9.760946607810183 8.968166329868836 8.23779300032038 7.602609986213793 7.003968949673435 6.467052931920989 6.020391046136865 5.57354019376362 5.246497364205425 4.862694485615066 4.528208151637955 4.257066219564877 4.000046821325668 3.834864964446751 3.634349427098641 3.466350201590103 3.325057661386381 3.229488763656263 3.101849767452222 2.952129289638833 2.922104055098316 2.866903131740401 2.793108263851536 2.784910393093014 2.812332863300981 2.711422879012389 2.692043027796899 2.690336973766534 2.61746992116241 2.643502161572542 2.548345922081353 2.510728337576438 2.446454381573858 2.393406150036753 2.354792500875192 2.397263004670094 2.402035809142944 2.402381464889913 2.413857863022713 2.443380205739231 2.41010074478254 2.382576966971101 2.365197125691338 2.338315110020631 2.343118485537161 2.363065108929732 2.324715777067468 2.380255497115286 2.326762539873016 2.303836566808968 2.313774660338822 2.363955251177686 2.387122457112127 2.338027262027026 2.270312738757639 2.239165765065991 2.247459446611174 2.304502896440681 2.290796991683237 2.280743146729947 2.290304287416802 2.255808212685224 2.222460429715284 2.202684958356258 2.196119751009974 2.181760881820082 2.216826483141631 2.236607184389868 2.237310994187283 2.253798077359534 2.267241554407519 2.215237847485696 2.278071214889678 2.337484443502035 2.311898982763523 2.263195544259361 2.269335812601639 2.231448438342341 2.277890311066585 2.260201158986092 2.236964907184301 2.252958683056931 2.319432501335541 2.347108700530953 2.327163487712824 2.326143394500832 2.284808158525266 2.33840797780158 2.295880782534368 2.306827419008187 2.331981161823933 2.373816882587562 2.328136460055248 2.296624319380498 2.26524014575989 2.248905933920469 2.26548990993615 2.231501309091982 2.207821038593465 2.211075611106935 2.204834615542495 2.228224744394538 2.183013891029987 2.165949191068648 2.154106217094522 2.260731251360994 2.284986071628737 2.298186047417403 2.222298886961653 2.256376228446243 2.267865853049443 2.240719642035401 2.292134719702517 2.365782099339413 2.357804804691114 2.318035637312278 2.324347340756503 2.273872791723988 2.272804161271779 2.242083307259236 2.282139849965461 2.262696938953013 2.321122569665022 2.286184284384944 2.225015475261898 2.232031913197716 2.25844109206264 2.250142877070175 2.169291781210632 2.178237354433804 2.168096575514937 2.173776634763271 2.157497115793376 2.156706177538581 2.175477743054216 2.161192981673594 2.134748704134836 2.146549020442762 2.190705300043192 2.18656113610632 2.242028166323507 2.218650107730355 2.219321674689127 2.303720670497569 2.268263439858856 2.272750597407139 2.273425896913977 2.222249932681734 2.259777251027117 2.228933921647695 2.253682630669573 2.311910653406812 2.329391445571673 2.377124040373019 2.367449493383901 2.385079691835926 2.406326184449426 2.416450438497122 2.356581786647439 2.329266161428677 2.321657332782706 2.345933927354054 2.383893975951651 2.386189466871656 2.346559736785821 2.339179991140554 2.330526150100923 2.330720449659566 2.407401822267275 2.329106293604127 2.295069401610817 2.289568715539644 2.266717323393095 2.298918871772912 2.353660359385685 2.329865504852933 2.328713820010307 2.37470175209819 2.379080937269464 2.391578640923399 2.37980953602414 2.385390454203389 2.346882432277198 2.323412004676356 2.314700179162173 2.295727244105365 2.332889945994793 2.298437195811857 2.321224001516384 2.343676608461465 2.304548016014451 2.206038899810665 2.232376622723677 2.286474232048931 2.235901567186374 2.232785926760698 2.167926582706059 2.125823070216939 2.130262872882668 2.16798101855602 2.193388566181966 2.162489005244424 2.187005571339796 2.201036176252273 2.196473397139926 2.210743412950251 2.174229388285312 2.140785317413247 2.120489153901872 2.081463852744491 2.156365544324217 2.178744588149129 2.158474913070677 2.164809177063944 2.188840865750535 2.268714386616921 2.175487418659031 2.159620718317456 2.16519966161286 2.170754585957184 2.193685436508531 2.227082278688613 2.216372728013084 2.230290135768882 2.264067488213186 2.230984042082127 2.226067537489143 2.19985563231603 2.224945487840159 2.210630340821808 2.287534690029133 2.344265443633049 2.325364562179857 2.367732672541024 2.288376572963898 2.248341509373859 2.30517838599917 2.339349491114262 2.384912923997035 2.410312198018801 2.40604424438061 2.36546657904546 2.322272421934031 2.34032487166769 2.34853680424203 2.305554016493261 2.264373321602761 2.278404157092154 2.246681857388467 2.213313278738497 2.222241060265333 2.285606239405752 2.36040713134571 2.547754921670276 2.674125765734061 2.927930122932594 3.271330348199626 3.614691202161339 4.035120790267683 4.537666822820029 5.077300671560806 5.803021074054413 6.536277652001445 7.332005069665684 8.241605279614305 9.267947655280295 10.24873429575746 11.3248896549012 12.58494907707063 13.72475066574771 14.93517563687783 16.2402065102724 17.44405213852406 18.69700146572723 19.93221741067828 21.14312110968058 22.36873140755415 23.57250200599083 24.73800036842295 25.9117085464859 27.0585029709473 28.2653887850538 29.51027842258918 30.59947736153481 31.68383582321621 32.7828886169591 33.8805152262139 34.88191080174875 35.91464575412829 36.94701347151386 38.01391277132643 39.13708726857294 40.19537491859592 41.17158279119758 42.13724571125749 43.2004098320831 44.22755289979978 45.30086401839799 44.36971128009463 42.47654836469155 40.37872732093092 38.20749486862042 35.63999383642658 33.03760955778125 30.10124021359479 27.29658130640564 24.81423713235199 22.5477355210096 20.46711155418961 18.59819015503672 16.9011613233306 15.45581933466747 14.11420984446522 12.90467529318448 11.84120836718284 10.89455406168418 10.07761129139908 9.26530189186451 8.573040824689087 7.931254739305587 7.394145476915583 6.907390407466664 6.388132649946783 5.965094517159741 5.596101552931941 5.26676362168655 4.971165706821921 4.740134901652709 4.538128039558615 4.308111158314205 4.152117580188133 3.943456655048067 3.795390729261271 3.643864696371566 3.530837370413792 3.347580194493275 3.210478867849815 3.125433363420598 3.037962421839893 2.94690436332894 2.908628809891525 2.842439357897092 2.756291377248999 2.660535468698072 2.626675334911852 2.608449748702697 2.538195958488359 2.540870959583117 2.555757291382179 2.513582703868451 2.461127862603462 2.435772308221203 2.389976083166403 2.411006771260872 2.352279292575986 2.415656450051756 2.369533575598325 2.31853278505514 2.29648528495818 2.324247138454666 