# Created by Octave 3.8.2, Thu Jul 06 15:16:35 2017 BST <co1ssj@node117>
# name: result
# type: scalar struct
# ndims: 2
 1 1
# length: 3
# name: params
# type: scalar struct
# ndims: 2
 1 1
# length: 18
# name: cleanup
# type: scalar
0


# name: num_runs
# type: scalar
6


# name: dopamine
# type: scalar
0.7


# name: targetCross
# type: scalar
1


# name: targetLuminance
# type: scalar
0.3


# name: targetWidthX
# type: scalar
6


# name: targetWidthY
# type: scalar
2


# name: fixCross
# type: scalar
1


# name: fixLuminance
# type: scalar
0.2


# name: fixWidthX
# type: scalar
6


# name: fixWidthY
# type: scalar
2


# name: fixOn
# type: scalar
0


# name: targetOff
# type: scalar
1


# name: targetOn
# type: scalar
0.2


# name: fixOff
# type: scalar
0.2


# name: targetThetaX
# type: scalar
0


# name: targetThetaY
# type: scalar
-7


# name: exptnum
# type: scalar
0




# name: r_0_m7_G0_L0p3_D0p7_scsum
# type: matrix
# rows: 6
# columns: 600
 2.280240713229432 7.430658550529188 7.112685786192742 6.765947367406625 6.399094245221931 6.156517037115918 6.021016132555815 6.104906828139065 6.173609683421091 6.461040476013295 6.89401012504095 7.553931628994178 8.389280683957622 9.241603585149278 10.26722589950623 11.34438484007478 12.4706077123501 13.6793420163558 14.98684393027725 16.21580093237571 17.40188520268202 18.42352885356377 19.12264156598394 19.4524849660047 19.34299827364157 18.53391079256562 16.9143120939043 15.31071986648749 13.95790657210091 12.69162927591969 11.55254397829776 10.58842251206806 9.599186494058813 8.870228268631763 8.146825374140462 7.472624642992741 6.872625404212158 6.371939670256324 6.003045217963518 5.577910195770528 5.215868798070005 4.851506466889987 4.602468944140128 4.347624054473272 4.112872934376355 3.887845433688199 3.673932266894553 3.537971148958604 3.350500343538442 3.243675509254899 3.120453445939347 3.092996056060656 2.93600532788696 2.826558434579056 2.734842358109745 2.651390717470349 2.648019082582323 2.610693041984632 2.556378372582913 2.539940584370925 2.469155004258937 2.494248590799543 2.474181974048406 2.445342373059248 2.414658049176069 2.406743438601552 2.388748949750152 2.399189119252696 2.329507516689773 2.358921040395217 2.383234841692683 2.325568154592474 2.273201027201139 2.254002167208455 2.312833466704433 2.27611920385516 2.288608616985584 2.288176112295332 2.302864216653688 2.301686865099327 2.300484893841713 2.326383381609048 2.305769860515284 2.321635120937572 2.315017313994758 2.29608144554004 2.28995427783957 2.361668445046234 2.313292023172835 2.285416759537384 2.244566770583333 2.249487400054932 2.230667159579752 2.266531843244593 2.214168343783967 2.193412631291721 2.211909961915808 2.234166927744809 2.259631170913053 2.273925120349304 2.283086327137426 2.267181128641823 2.298047647223029 2.253002993171322 2.28783431289412 2.265661557776184 2.275585081173631 2.285486174194375 2.203291694815562 2.174160931099323 2.189916004092083 2.172824101391598 2.193076336297963 2.186357684367977 2.202701876009087 2.150719972547449 2.160777200348093 2.160546333827369 2.234052903968404 2.263584994150733 2.316139789498266 2.309465217520483 2.304978186946755 2.290202370661063 2.242034765869903 2.28998062829487 2.282701210719097 2.314352255569247 2.355318125850317 2.370387824466889 2.411623602332838 2.385603022034047 2.406271429652406 2.382784469409671 2.319839908996073 2.350501324763172 2.356161810878802 2.334713298409042 2.318929097196815 2.341553136255243 2.349692746414803 2.320318129957741 2.370136112749606 2.418823121326568 2.409837345046981 2.417014891896542 2.390965177146427 2.397216535166081 2.400340950960526 2.396788954563817 2.385073439996631 2.317989566316101 2.305717657618516 2.325254813042193 2.330256554647349 2.336584429056529 2.354609142460504 2.35102629780522 2.334720555849344 2.272178139453899 2.291295281072962 2.224039511314913 2.2918246155823 2.282215202030784 2.312436048818199 2.251875163470686 2.257426514595863 2.265024379266833 2.26476978717983 2.224637924118724 2.211477128374099 2.202581575860677 2.185663008331176 2.16788639814331 2.171774787886534 2.135631879405992 2.129476092501136 2.151951592455589 2.196955456352953 2.259270992130041 2.223722145507054 2.211447689978741 2.201776397325375 2.208651669952815 2.197485540293201 2.198562191217206 2.223947334809054 2.295718511501036 2.259384330416651 2.288160826716194 2.289874915531982 2.239188626299438 2.254520480397332 2.246547593069408 2.284419231640641 2.267079392886444 2.259080024639843 2.250543389061932 2.265226230589178 2.243619936118193 2.260451033416757 2.289691036545264 2.291714183164004 2.312664298236086 2.318602302791987 2.307362408057088 2.313378951352206 2.369787954703497 2.382089166603691 2.374662174650439 2.341654076924897 2.339970604876726 2.334288656322315 2.348953337303101 2.340385874107596 2.364881549976417 2.319638707529521 2.296099804076221 2.269222722221457 2.283852177912195 2.305919167924003 2.306179438091931 2.318275934465419 2.302206044532795 2.323714705416933 2.310567392363737 2.264188991197443 2.234369733627318 2.272304361657916 2.331894213712076 2.317378985182586 2.272752751316148 2.276373081222118 2.253442017808993 2.241050069700577 2.230054502197163 2.225247369842691 2.282429765538836 2.284663500153329 2.336845403762709 2.369714715085138 2.325281040737536 2.339682255671505 2.296603322512965 2.277668024609738 2.238769146812047 2.203555613374192 2.216667484888603 2.178346573513409 2.122481001635606 2.084646077142679 2.124876040327763 2.122507574367773 2.119605000094452 2.145721222577777 2.226329252665892 2.251102980706492 2.306657568090486 2.27479741764364 2.282975334019284 2.301840258180164 2.309762391883851 2.294862127464512 2.344299027197849 2.353059539389506 2.336970273536281 2.307476067744574 2.272682235765387 2.297860534396023 2.305828191994806 2.220367638001335 2.268444144100613 2.283904847325175 2.301457949513861 2.358552451642026 2.344643015308975 2.373232068639481 2.482100629218621 2.62668943715471 2.794321152367047 3.078988524121087 3.342621279378363 3.724377590231597 4.168423593067928 4.734732814373274 5.371600599202793 6.013257185855764 6.782870326431294 7.655428677502641 8.603520005741302 9.628419591812417 10.77398412689263 11.91491278949252 13.14615041573234 14.43020212851116 15.71982541616217 17.11562849572874 18.46968421171186 19.85166023923375 21.15722760996141 22.47321442079738 23.84233881087857 25.0024704532334 26.21962233458908 27.46079092082982 28.65323492307652 29.74835015039571 30.87336900822265 32.02459031081526 33.20772625313111 34.41014846576945 35.61429066021083 36.6819344292162 37.79366534305882 38.89019729249958 39.92394127909211 40.95286285362818 41.8746945813873 42.86151718098699 43.82458774175939 44.76371259071311 45.74586171974079 46.62918007042026 47.507894678507 48.28338683383117 49.10846142305309 49.89309959571256 50.67352531556753 51.43950856713127 52.12161696924159 52.77999307675054 53.43109244944935 54.0413097633209 54.6493600850481 55.20927368588309 55.82694087944128 56.41742614746727 56.23963079363784 54.89905566194648 52.59743861812603 50.31306900461277 48.02811536770605 45.65475247216818 43.1037407619333 39.76535171885189 36.17595775833979 32.76693800874273 29.72858929862559 27.04199499191964 24.48785251638037 22.23272806007299 20.24915182818222 18.47388431219406 16.81798930284276 15.39891105993956 14.07695077699464 12.85889408559524 11.8252055348712 10.94518231856091 10.09038213660097 9.349603932350874 8.590237711869122 7.950432768933752 7.410738844355365 6.906578795838868 6.376450084346288 5.961772182847199 5.616011773388891 5.289449927688111 4.946695187496516 4.666651414714579 4.440494148759171 4.174878372672538 3.94294162069491 3.762392034754157 3.637841970059526 3.452112295977713 3.358746016776422 3.228252901950327 3.098957271955442 2.999046283868665 2.89631652947719 2.813906971870892 2.75925538424417 2.631358670481859 2.556893412109275 2.554455692603824 2.514606119166274 2.504632271818991 2.463591692670889 2.406112055359699 2.420154709485359 