# Created by Octave 3.8.2, Thu Jul 06 15:16:43 2017 BST <co1ssj@node117>
# name: result
# type: scalar struct
# ndims: 2
 1 1
# length: 3
# name: params
# type: scalar struct
# ndims: 2
 1 1
# length: 18
# name: cleanup
# type: scalar
0


# name: num_runs
# type: scalar
6


# name: dopamine
# type: scalar
0.7


# name: targetCross
# type: scalar
1


# name: targetLuminance
# type: scalar
0.3


# name: targetWidthX
# type: scalar
6


# name: targetWidthY
# type: scalar
2


# name: fixCross
# type: scalar
1


# name: fixLuminance
# type: scalar
0.2


# name: fixWidthX
# type: scalar
6


# name: fixWidthY
# type: scalar
2


# name: fixOn
# type: scalar
0


# name: targetOff
# type: scalar
1


# name: targetOn
# type: scalar
0.2


# name: fixOff
# type: scalar
0.2


# name: targetThetaX
# type: scalar
0


# name: targetThetaY
# type: scalar
-16


# name: exptnum
# type: scalar
0




# name: r_0_m16_G0_L0p3_D0p7_scsum
# type: matrix
# rows: 6
# columns: 600
 2.300532482477138 7.432684815001267 7.108211562008364 6.660104507784126 6.365770338154107 6.196529381425535 6.07621034397016 6.168998845398164 6.313162414102408 6.655487882457237 7.10566794006445 7.70792699811318 8.517868908493256 9.414786342043953 10.3692010075647 11.50787687224511 12.63848674816109 13.94726714144417 15.20923874260188 16.44369427653328 17.61943799963774 18.61772949899751 19.32022946936922 19.64701867818803 19.46448341526047 18.66277767048632 17.03847844774282 15.49199293079801 14.0582594144289 12.85228821925193 11.71650863673131 10.72437449379868 9.783998427643382 8.942377730512817 8.201910672032682 7.495759495148377 6.897084136995545 6.414423705424269 5.929736731686717 5.478287104589981 5.132501526451279 4.805024482640874 4.484804732330304 4.199266895622713 3.963424663954356 3.771880784333916 3.612016161084284 3.491517344416934 3.358011756781252 3.23566532410041 3.212621823397058 3.079391633567866 3.014147020425298 2.945064888877823 2.884593159400538 2.802985400348916 2.684055328918475 2.679853155779711 2.611987950040202 2.574552658406901 2.516219227967667 2.491850267859263 2.489264821939287 2.414570158798597 2.442019743140918 2.411548250405758 2.467927014440647 2.423090159478306 2.481283480476122 2.445108516025357 2.408641952557446 2.421515767960045 2.400467876024777 2.440697313692908 2.424397147895434 2.430645189719144 2.40919876170301 2.399914576184528 2.372003890995984 2.356811670342722 2.352503030120715 2.367085668818618 2.358155716476176 2.312593582240879 2.299914076578716 2.243259219787433 2.203697146276681 2.182085837514023 2.205848828951275 2.205320254779508 2.22074820916896 2.248499476829238 2.256161383986182 2.291458323194092 2.305147165250673 2.293679145313945 2.300661506664255 2.252216796834546 2.242589535133447 2.259223589229805 2.282144037719263 2.267457033447499 2.263689156892724 2.274841295824444 2.293794149387395 2.269936157077609 2.265871558764047 2.278529053779494 2.2579442725837 2.188662680964626 2.224694948123215 2.303791642683791 2.316401715521351 2.313455985335167 2.343040132869646 2.359820333520474 2.387688517280367 2.377251744233945 2.361328929251613 2.338244299033249 2.314885287301877 2.257293743845366 2.257947369475005 2.2622833651767 2.286603430136893 2.261812688804639 2.315867270430317 2.345441500856396 2.320191804046772 2.389272201653512 2.419117824094428 2.404740652978944 2.314396870766359 2.300609624675417 2.294323589603664 2.287831022611499 2.295738525917841 2.283180707170686 2.25975162708346 2.225756252719293 2.281172397879345 2.287689487111493 2.290766818212433 2.204684665783134 2.171281400289445 2.193986695787316 2.192162517851102 2.175761045975378 2.190080213287729 2.218439620413847 2.207749276112736 2.271534927276662 2.260098900325829 2.25748315864621 2.25334016789202 2.27400944011606 2.302600980954594 2.278664534460404 2.308827699214817 2.339360271273108 2.323325587514773 2.309880839784455 2.345554032443033 2.363749465355795 2.406275767731131 2.401027181971585 2.387249239451194 2.354249426309252 2.346079576687771 2.352258149687259 2.338318402064033 2.28759186345269 2.311046011281178 2.329355943922565 2.274395899179581 2.270971573554561 2.279186696301622 2.261857358298585 2.290867650963264 2.275078520047828 2.313178949327266 2.36078883553273 2.388925788687629 2.312760114778939 2.286643842227932 2.285675079379871 2.271506099070393 2.253867240415275 2.371090954340616 2.418675356406311 2.41392678615739 2.453085626410029 2.495305022428511 2.428949032968376 2.393774388521706 2.383450846136839 2.393612165382365 2.336709861578129 2.340269288244599 2.381224527125596 2.331801219850604 2.319089207594516 2.358301969055901 2.361793407704681 2.316231944118044 2.311376821593512 2.302400498272618 2.322372445079964 2.355855647641874 2.358629345064401 2.344775763052894 2.319410773798154 2.216898947042864 2.258784284356807 2.243067578834598 2.157115493237143 2.170449963620285 2.120110289748482 2.100138842346496 2.163892544673217 2.131636957645242 2.186365876041236 2.242395600314921 2.241024067101534 2.260909807013377 2.259478849882726 2.289345949953713 2.279429233696646 2.203197165557867 2.241339349136979 2.224648160423385 2.312382553665884 2.298085713489854 2.297165480842523 2.27435392553889 2.247451421520964 2.278901809600939 2.280265502187831 2.271891140517255 2.329279438483354 2.300842099168221 2.283250984426559 2.252951611426397 2.253642339030193 2.268131176911993 2.276863193608733 2.364478954172228 2.306892797452747 2.32712608428119 2.309710677953262 2.326027434231946 2.316485181283497 2.273993369139589 2.273724469106128 2.283432302552683 2.23161119087672 2.256444021271818 2.268088791806804 2.227006131954113 2.22930001810164 2.224608998581971 2.248212883365341 2.279221779226646 2.318758038796659 2.30622029478036 2.320230835808616 2.362534635803968 2.374816428935446 2.366925004156656 2.349345628583251 2.380196998536121 2.4053707179919 2.370837024795037 2.369706612502341 2.418075168930955 2.353675659951477 2.31699547057633 2.320007450907724 2.368449709342713 2.380078216752736 2.333382599412289 2.298903182476352 2.239663827303957 2.208980180321305 2.254783424752532 2.27410285537826 2.408052983697416 2.448827580363286 2.576688657529303 2.756585148890736 2.970316146231198 3.280637933981779 3.64671898616507 4.084926357809309 4.678683392432504 5.2761743588635 5.941245054509636 6.695231138917734 7.540459096926497 8.320747768384535 9.255696766857 10.27849653913654 11.33490424721094 12.45009116744768 13.60318348518194 14.82233567659023 16.06521813020163 17.36234929594502 18.62142529341077 19.83542893096092 20.91952633083747 22.10779506166364 23.28359172001547 24.45478361098321 25.61935380479554 26.7119430190578 27.84132600646262 28.93413945621433 30.00293875653733 31.03106115523769 32.12913904306333 33.14523249353806 34.22903085749022 35.32128970611302 36.3279424760367 37.31326702681326 38.32501168713679 39.31459897769855 40.33131960001083 41.30829427142453 42.27039865130973 41.85967599525247 40.13213997312414 38.27373731024272 36.22457052266327 33.98852041367536 31.58833119834162 29.02845126082684 26.36678209069214 23.95996986514365 21.78597126592649 19.8268883332421 18.08174030931332 16.48956263766195 15.09467185245012 13.80166572131247 12.62399819132042 11.56296919479064 10.71653444307594 9.885235409696179 9.143587349608424 8.426320572201803 7.774420328179986 7.213412070312188 6.696576029540665 6.245424024893509 5.82915852820588 5.496454960368283 5.156162255789241 4.885828748923814 4.577588889372237 4.348584676779865 4.092618594288069 3.939676312969823 3.713253005764273 3.598482673471153 3.442697539765504 3.375660375360894 3.276522067932092 3.16981353029405 3.092768037411588 3.014063843209442 2.921104877896141 2.859629141479672 2.755535180876905 2.685525038574269 2.618383994744363 2.594382234434306 2.560734218895959 2.521544293602346 2.525300193608928 2.414938809510204 2.410934385795372 2.413302158543956 2.352330629997596 2.277714812931663 2.222893899155679 2.225772185232927 2.263986719402965 2.251716168175335 2.282286597441271 2.283782579452236 