# Created by Octave 3.8.2, Thu Jul 06 15:16:43 2017 BST <co1ssj@node117>
# name: result
# type: scalar struct
# ndims: 2
 1 1
# length: 3
# name: params
# type: scalar struct
# ndims: 2
 1 1
# length: 18
# name: cleanup
# type: scalar
0


# name: num_runs
# type: scalar
6


# name: dopamine
# type: scalar
0.7


# name: targetCross
# type: scalar
1


# name: targetLuminance
# type: scalar
0.3


# name: targetWidthX
# type: scalar
6


# name: targetWidthY
# type: scalar
2


# name: fixCross
# type: scalar
1


# name: fixLuminance
# type: scalar
0.2


# name: fixWidthX
# type: scalar
6


# name: fixWidthY
# type: scalar
2


# name: fixOn
# type: scalar
0


# name: targetOff
# type: scalar
1


# name: targetOn
# type: scalar
0.2


# name: fixOff
# type: scalar
0.2


# name: targetThetaX
# type: scalar
0


# name: targetThetaY
# type: scalar
-10


# name: exptnum
# type: scalar
0




# name: r_0_m10_G0_L0p3_D0p7_scsum
# type: matrix
# rows: 6
# columns: 600
 2.321171702020365 7.4377326243266 7.053323661180912 6.725791515578749 6.438992998126196 6.196347917582898 6.014056210715353 5.982281299706301 6.133938627506723 6.502056624289253 6.962577518810576 7.545585900603328 8.290862462263249 9.158008132606483 10.17166053424444 11.30282646352134 12.49838271493354 13.69652585146832 14.88977372302907 16.18601992655749 17.39187553508964 18.40368227957515 19.12774439196801 19.5020770518604 19.35337875170808 18.61249033536296 16.95916044963087 15.40977227042822 13.99913407299755 12.76415971564711 11.59227443023337 10.56074659257683 9.642865718757093 8.797741021226102 8.069802043934033 7.416642003279776 6.801469724916387 6.299510898468725 5.775053275916434 5.362381691655173 5.005922939275479 4.676888698706534 4.381438555385103 4.169691516479361 3.963691985005426 3.831870358795641 3.669610394063056 3.535764724284491 3.367830810471787 3.158861046871607 3.055237245547687 2.916552308743121 2.801079568373098 2.745279795981332 2.687899238855607 2.704542111765477 2.637935767168528 2.611231381328253 2.568658026135381 2.5128117047866 2.501021931411742 2.518822074620402 2.511549804810784 2.384471833794123 2.345162545723724 2.311409311001626 2.337707110840711 2.34794639278698 2.315916499195737 2.230325890626773 2.30242306827131 2.304251445253612 2.314895437211817 2.285117980023642 2.359233597468119 2.352726933040685 2.331035230767156 2.333091600063199 2.307408819027842 2.27651855123986 2.311180409058579 2.256922843269422 2.2791981844166 2.253943781401176 2.305198538815603 2.281317320503149 2.273662418210733 2.259742097812705 2.257918101533505 2.281753542574734 2.24980318651069 2.220716511714272 2.254120331956074 2.227424914552103 2.240563853665662 2.236788906207948 2.221622672823287 2.263370311033214 2.251341587019851 2.309402089411378 2.235553717007861 2.25906027360179 2.319450141498237 2.335018099081935 2.317651197379746 2.328300728117028 2.330476237162657 2.262271143052203 2.264381379245606 2.275158445881971 2.201192464111955 2.263988256825542 2.290620624189614 2.315754416659729 2.359096544038039 2.361743838468101 2.346414147199539 2.35940041169124 2.343784037617297 2.320910493806878 2.322023665719826 2.330249941376678 2.326916591970075 2.366591022335342 2.337932658419959 2.310786705595092 2.276317036605178 2.288894275734492 2.280099208423053 2.339789919635223 2.447988173677004 2.451879876574822 2.425789264423656 2.358444299850817 2.336296169894922 2.328835339299985 2.31379768786428 2.327825267893786 2.341178816186584 2.430147133894934 2.421638201638416 2.411142546614428 2.423865891685637 2.466353718977189 2.426369636086747 2.409907725697849 2.394477488927805 2.369367913524911 2.414078653058823 2.348792526741818 2.299828256735054 2.294969031092478 2.263381486467551 2.256647056645306 2.220733115111216 2.208650271644728 2.219083972006047 2.271730703396315 2.272892902059539 2.271362759996919 2.214744292108662 2.241355899252085 2.250169302977156 2.272333063117912 2.282564864057349 2.253999613039923 2.223496966966195 2.206641123681038 2.19945910291608 2.184293904152582 2.194583799893735 2.20942189120251 2.202415528630809 2.239139378840719 2.254788126290805 2.248522356486319 2.269729501032998 2.298795712991705 2.280783191185037 2.260801724245539 2.250979746284429 2.276758895775856 2.315733761386582 2.371441614857758 2.367046034047235 2.365459641237976 2.363561261012364 2.359627566205745 2.401079216211656 2.36416175422346 2.363972525633471 2.352404722725623 2.366796634767525 2.378388373392227 2.341182879463304 2.366229283430584 2.370322879713058 2.390202056994895 2.391440101313492 2.320892381627345 2.282588827431027 2.255221299317782 2.270057092751813 2.268529019209382 2.274979520174384 2.285432727210718 2.269590696134401 2.264529413565469 2.320828182979312 2.406407071443937 2.377176446083467 2.325787078047142 2.284164309632615 2.390665886268835 2.401316139745177 2.334750297828577 2.313608461006879 2.348069059618865 2.302416673177504 2.265274160930858 2.313468789867329 2.368476594845561 2.365097539208364 2.387096782971639 2.342343086947949 2.35764904905227 2.411072275892366 2.364698522505932 2.39369223027461 2.391151517364051 2.401237422331178 2.416353621854796 2.466719880365417 2.449234286919818 2.47054422884321 2.422644579113694 2.407397187747847 2.375181663352123 2.442858802620322 2.36751651218583 2.356354125873622 2.392009016686643 2.462216395986616 2.375225826304813 2.340137201914331 2.291152466892527 2.31548337760978 2.353506297913555 2.273273353062905 2.204781686508795 2.22702795593068 2.199375957425218 2.239326570073899 2.218512550593005 2.240244978947885 2.279034853872872 2.237025575472217 2.205686736389907 2.240446464191336 2.255955169897788 2.285393374296746 2.305288762094278 2.382224907858472 2.358729462599513 2.379669049161748 2.397446952207247 2.433052125466929 2.457013471328537 2.437652791530127 2.440006624869056 2.444355173181975 2.418923954548518 2.455517683922153 2.426335728006961 2.381403673556633 2.352904344759736 2.4005169021857 2.546372804086786 2.623356719263029 2.831631618697429 3.003560154862498 3.339798072316626 3.775317147603346 4.258295337269374 4.752026253914664 5.328037860170298 6.036964763343349 6.888350570130569 7.827227872461663 8.718543429160491 9.753112626676739 10.91401965359182 12.10702676590154 13.44401375581219 14.78176678203454 16.25064005111926 17.74080399897139 19.21909836087161 20.79860555005507 22.31493655298254 23.86398859889596 25.33195349085872 26.80159533028927 28.30608524910349 29.81802673920174 31.33080031081772 32.81338078075714 34.17504343054316 35.51882709560596 36.7575810877679 38.01009707326011 39.26840835384064 40.49949115394702 41.74395398442357 43.00553654141822 44.26311885862924 45.5587304472665 46.76477215178602 47.9235610585456 49.06145613323315 50.0015026588444 51.04091361304381 52.04030464449716 53.07260820424926 53.97934194267145 55.01715662825154 56.01866695417266 56.99347291548474 57.47239907361654 56.17678155112662 54.10834893864012 51.82980690591648 49.16588890408457 46.49627810502807 43.40985577770334 39.90947924619832 36.19533046571723 32.77453987661647 29.69781795438757 26.93588387914861 24.46699060207175 22.25514798863151 20.2656056501437 18.43780618839082 16.8463114854676 15.39772486477341 14.11589458507297 12.92316416229005 11.86370236730727 10.91958958906616 10.06508462721115 9.295644605652342 8.640463600044313 7.979607947789191 7.457668353212284 6.935955396951613 6.498622530081775 6.043269361303828 5.646373443971243 5.232129222475123 4.959014065905649 4.719483272787329 4.454941323681851 4.223052659132009 4.042589119446347 3.812204695484979 3.621053554415994 3.516109364867589 3.420684440319746 3.331077617061965 3.226086510869209 3.189300943482522 3.029886567805079 2.936950897543284 2.862364126209286 2.810875828799908 2.651405682719997 2.602064630760651 2.609603281916861 2.517340270685963 2.529224479207187 2.54775714607058 2.563887538824929 2.584225658818468 2.535441545547656 2.541192512795533 2.499019590075477 2.515839912270167 2.447635177786651 2.379623265958799 2.355176158319409 2.325223684548291 