# Created by Octave 3.8.2, Thu Jul 06 15:16:43 2017 BST <co1ssj@node117>
# name: result
# type: scalar struct
# ndims: 2
 1 1
# length: 3
# name: params
# type: scalar struct
# ndims: 2
 1 1
# length: 18
# name: cleanup
# type: scalar
0


# name: num_runs
# type: scalar
6


# name: dopamine
# type: scalar
0.7


# name: targetCross
# type: scalar
1


# name: targetLuminance
# type: scalar
0.3


# name: targetWidthX
# type: scalar
6


# name: targetWidthY
# type: scalar
2


# name: fixCross
# type: scalar
1


# name: fixLuminance
# type: scalar
0.2


# name: fixWidthX
# type: scalar
6


# name: fixWidthY
# type: scalar
2


# name: fixOn
# type: scalar
0


# name: targetOff
# type: scalar
1


# name: targetOn
# type: scalar
0.2


# name: fixOff
# type: scalar
0.2


# name: targetThetaX
# type: scalar
0


# name: targetThetaY
# type: scalar
-8


# name: exptnum
# type: scalar
0




# name: r_0_m8_G0_L0p3_D0p7_scsum
# type: matrix
# rows: 6
# columns: 600
 2.243966169255145 7.403410464154149 7.062445909519738 6.745573826548934 6.453664301930985 6.209146788663929 6.069030516991916 6.092425638587883 6.217877754614165 6.462059123950894 7.011052663865485 7.594279170807567 8.332609038301598 9.223532813943166 10.2236799070597 11.31329357543291 12.46156477234035 13.77003725187387 15.05478290288011 16.27196978466236 17.44164248367451 18.52452466268005 19.22150164641062 19.62635549956758 19.46580720383645 18.61256711323222 17.03680574856116 15.46266793791074 14.07372852956905 12.79581715323002 11.73976207279702 10.72845206989587 9.804341305825801 8.97525253322965 8.263011139584705 7.539376179644023 6.862820209873462 6.375740017992939 5.970587109597545 5.546955155543401 5.247529520842363 4.909805733361281 4.619371188302466 4.369201152367168 4.082173507507832 3.915323824126972 3.779202634555986 3.540964176747366 3.39916675823406 3.267749221826307 3.154790716704156 3.046445843381662 3.030867727968143 2.999704190766352 2.909779143456944 2.792629444506019 2.714561116899858 2.674747920742448 2.676477465163771 2.590557474170055 2.56643353018444 2.499082295715198 2.475312426577148 2.470907265229471 2.449845055930382 2.402186897033971 2.367489490696244 2.353191204008908 2.325177736056503 2.267758211768523 2.190812899452794 2.185211143278138 2.204262307794124 2.160019182978431 2.18890058074976 2.257692352519371 2.246266936032043 2.18692671612007 2.221786498786969 2.28090036282083 2.224106189831218 2.239125136547955 2.23652611545549 2.248221600139004 2.309063429667731 2.260722315702878 2.245357719195454 2.235775845609169 2.253174545956426 2.270679685079813 2.280605945801653 2.270355438151455 2.28697659246609 2.221972024119168 2.207780138245653 2.150325930771942 2.177745928238437 2.221969378959329 2.161366203661601 2.228253927602054 2.259136408185441 2.236350309118279 2.279384243659479 2.247529575455701 2.277783628567704 2.241170947268984 2.231968919477367 2.232940079338732 2.2147078116177 2.237375123775564 2.232010107260066 2.245016210816175 2.218698492790281 2.235157486873504 2.259118382857196 2.280507907151332 2.358769181162643 2.323076462867903 2.293552079545407 2.264287236619566 2.267347848208374 2.226130937757262 2.256712207698001 2.334814900590573 2.33168139476038 2.271357952624385 2.312276037959236 2.257753652261272 2.295268179770574 2.332032215963409 2.301360432556976 2.339009084062127 2.332895309875312 2.368108666772969 2.360631894280232 2.311067780836311 2.283360034820362 2.270284773199819 2.275388643145561 2.215654798274045 2.198616809055238 2.227606207201461 2.286570643662344 2.299131706618937 2.283969595766393 2.281671887765697 2.287523312024859 2.266277446604363 2.280727280523934 2.293136837541169 2.27261375078524 2.283708535425831 2.283238811698538 2.329987959652499 2.286212163231539 2.288573752255616 2.307253657152614 2.314813139833859 2.294528599479236 2.304672227612173 2.284317134144658 2.322751535863063 2.34075790478164 2.244086389388031 2.236821140064421 2.257135839725152 2.344798988131515 2.331989742029691 2.367486720795569 2.395025609301229 2.378128360360279 2.314941524993628 2.293830655031343 2.280193079519449 2.262224744074047 2.301273753371788 2.246326019698245 2.224360403273749 2.261595342741202 2.248197702978359 2.290488629085303 2.231236113089835 2.25799082784215 2.269933518553444 2.243509907670159 2.266414530233305 2.263497267023922 2.263221087770944 2.267845084090368 2.236809244321194 2.253911290434189 2.297636118477385 2.263953337678686 2.291338027614984 2.238530514634476 2.187416239950835 2.21367634087801 2.216596140068759 2.15584986322574 2.192420681967633 2.193081206642091 2.187287392833241 2.234118277330708 2.250659196302877 2.204657733520435 2.213823861060519 2.234183946435223 2.199761927131476 2.230638660368641 2.203635841418873 2.139052584667297 2.14521744175363 2.264845216857793 2.240657758320594 2.295254728336658 2.316757464017428 2.337594568416534 2.280252690361522 2.249398355983431 2.272181935790286 2.251460405259422 2.20720599123888 2.194491845584707 2.210378671734361 2.196932317303435 2.231753078193833 2.284225111414344 2.218746584301698 2.224505736298852 2.229176582870423 2.234812959915871 2.269246319532613 2.249598565947963 2.243581698490743 2.22316959674572 2.189139910937229 2.157752602532128 2.191598419922229 2.173003655912908 2.1578694882337 2.166075407483731 2.182253543658589 2.199988724983996 2.17546961732296 2.182530254143785 2.17164889669948 2.160926995220507 2.164024551855618 2.186430929530616 2.213152275824541 2.227083776178915 2.186221642885357 2.211177695797232 2.186686622491834 2.116828798796632 2.140326226923207 2.183575082963216 2.180659160323557 2.132804422722984 2.128760599589441 2.219075765373418 2.165462831866535 2.200571181059786 2.170175618291978 2.170231279074869 2.149436815772788 2.115468178115407 2.157090169559524 2.141522977537534 2.15341198895112 2.133468001331494 2.150017780877533 2.15770772835458 2.122195188389014 2.191528196904983 2.25932040889893 2.426717806229135 2.597056041267933 2.762126266454288 3.007067244929203 3.263126055035173 3.713681544493738 4.264510364435409 4.904424011656374 5.556516411503253 6.325063950615004 7.209290237915411 8.130462454930239 9.120251480500883 10.23055087707689 11.41427439276913 12.71092317001239 14.07531422369357 15.50857392431499 16.90472333478101 18.38362649663031 19.97085597042314 21.48273755203627 22.95476251187574 24.38254204628174 25.79635907588818 27.2418344703292 28.71060441013833 30.18619395857604 31.66257428565586 33.1022226232817 34.46428822502639 35.72185659289789 37.10038839034132 38.41665750442189 39.6684571220394 40.86030717653193 42.10686096223617 43.29829265447188 44.44705493580477 45.53086102156522 46.64948603287849 47.81471978933405 48.91128672520063 49.92626691380337 50.88397161007015 51.83918278740748 52.86256662379674 53.93020412164333 54.88767707033549 55.71954041783465 56.57888362456288 57.45418720615271 58.27052604121127 59.1392555922057 60.05238864284911 60.93041211635591 60.45015292673997 58.60766378477274 56.32549392567307 53.85023906593051 50.79267136998169 47.77998775589913 44.17294887637036 40.04213324406192 36.21651215467864 32.77814257887076 29.64102122027543 26.87463559950993 24.40697154172085 22.17087538457963 20.22153282290128 18.4226034335079 16.77259940347722 15.29986054004985 13.97868194977491 12.79949904925707 11.6955920470391 10.73394293414094 9.874756321631139 9.11969568692075 8.412685447307013 7.863043865483633 7.29592592838344 6.673930705806924 6.315926303996093 5.924885637861735 5.551225115275884 5.244471399240865 4.939434480860655 4.621721248313406 4.385237874208542 4.159287648988538 3.968023673784046 3.817636775314895 3.66552393153961 3.491354250316363 3.373472373037657 3.256817006315032 3.173840048635611 3.054149244904693 2.910845030179189 2.813693506206619 2.786512140512059 2.69053903720669 2.673514860205614 2.686543184712718 2.597292912796547 2.568349524284713 2.548937197365376 2.499967783031025 2.411069455381949 2.388620833691675 2.392785655178159 2.389115543979642 2.305598476985324 2.273065479334036 