# Created by Octave 3.8.2, Tue Oct 13 21:07:53 2015 BST <pc1ssj@testnode01>
# name: da
# type: matrix
# rows: 1
# columns: 10
 0.01 0.1 0.2 0.3 0.4 0.5 0.6 0.7 0.8 0.9


# name: lat_mean
# type: matrix
# rows: 1
# columns: 10
 224.375 221.625 220 212.25 196.75 189.875 152.5 134.75 129.125 125.75


# name: lat_sd
# type: matrix
# rows: 1
# columns: 10
 0.5175491695067657 0.9161253813129043 0.5345224838248488 4.06201920231798 8.241879119992687 4.703721930556695 5.830951894845301 1.98206241793023 0.6408699444616557 0.4629100498862757


# name: params
# type: scalar struct
# ndims: 2
 1 1
# length: 18
# name: targetThetaY
# type: scalar
-12


# name: targetThetaX
# type: scalar
0


# name: num_par_runs
# type: scalar
8


# name: dopamine
# type: scalar
0.9


# name: targetCross
# type: scalar
0


# name: targetLuminance
# type: scalar
1.8


# name: targetWidthX
# type: scalar
4


# name: targetWidthY
# type: scalar
4


# name: fixCross
# type: scalar
0


# name: fixLuminance
# type: scalar
0.2


# name: fixWidthX
# type: scalar
2


# name: fixWidthY
# type: scalar
2


# name: fixOn
# type: scalar
0


# name: fixOff
# type: scalar
0.53


# name: targetOn
# type: scalar
0.4


# name: targetOff
# type: scalar
1


# name: use_insigneo
# type: scalar
1


# name: cleanup
# type: scalar
1




