# Created by Octave 3.8.2, Mon Oct 12 22:04:14 2015 BST <pc1ssj@node117>
# name: da
# type: matrix
# rows: 1
# columns: 12
 0.01 0.05 0.1 0.15 0.2 0.3 0.4 0.5 0.6 0.7 0.8 0.9


# name: lat_mean
# type: matrix
# rows: 1
# columns: 12
 96.125 93.375 92.375 90.125 87.375 84 80.75 78.375 75.25 75.25 71.375 71


# name: lat_sd
# type: matrix
# rows: 1
# columns: 12
 1.457737973711325 1.407885953173359 2.065879266282796 1.457737973711325 1.597989808656935 1.195228609334394 1.66904592079256 1.187734939165421 2.187627547301936 0.8864052604279183 1.187734939165421 1.309307341415954


# name: params
# type: scalar struct
# ndims: 2
 1 1
# length: 18
# name: targetThetaY
# type: scalar
-12


# name: targetThetaX
# type: scalar
0


# name: num_par_runs
# type: scalar
8


# name: dopamine
# type: scalar
0.9


# name: targetCross
# type: scalar
0


# name: targetLuminance
# type: scalar
1.8


# name: targetWidthX
# type: scalar
4


# name: targetWidthY
# type: scalar
4


# name: fixCross
# type: scalar
0


# name: fixLuminance
# type: scalar
0.2


# name: fixWidthX
# type: scalar
2


# name: fixWidthY
# type: scalar
2


# name: fixOn
# type: scalar
0


# name: fixOff
# type: scalar
0.4


# name: targetOn
# type: scalar
0.5


# name: targetOff
# type: scalar
1


# name: use_insigneo
# type: scalar
1


# name: cleanup
# type: scalar
1




