# Created by Octave 3.8.2, Mon Oct 12 23:20:23 2015 BST <pc1ssj@node117>
# name: da
# type: matrix
# rows: 1
# columns: 12
 0.01 0.05 0.1 0.15 0.2 0.3 0.4 0.5 0.6 0.7 0.8 0.9


# name: lat_mean
# type: matrix
# rows: 1
# columns: 12
 195.625 194.875 194 192.875 192.125 190.5 188.25 184.375 153.5 135.125 128.75 125.375


# name: lat_sd
# type: matrix
# rows: 1
# columns: 12
 0.5175491695067657 0.6408699444616557 0.5345224838248488 0.6408699444616557 0.3535533905932738 0.7559289460184544 0.7071067811865476 2.199837656347785 4.535573676110727 0.9910312089651149 0.4629100498862757 0.5175491695067657


# name: params
# type: scalar struct
# ndims: 2
 1 1
# length: 18
# name: targetThetaY
# type: scalar
-12


# name: targetThetaX
# type: scalar
0


# name: num_par_runs
# type: scalar
8


# name: dopamine
# type: scalar
0.9


# name: targetCross
# type: scalar
0


# name: targetLuminance
# type: scalar
1.8


# name: targetWidthX
# type: scalar
4


# name: targetWidthY
# type: scalar
4


# name: fixCross
# type: scalar
0


# name: fixLuminance
# type: scalar
0.2


# name: fixWidthX
# type: scalar
2


# name: fixWidthY
# type: scalar
2


# name: fixOn
# type: scalar
0


# name: fixOff
# type: scalar
0.5


# name: targetOn
# type: scalar
0.4


# name: targetOff
# type: scalar
1


# name: use_insigneo
# type: scalar
1


# name: cleanup
# type: scalar
1




