# Created by Octave 3.8.2, Mon Jun 27 14:12:38 2016 BST <pc1ssj@node117>
# name: da
# type: matrix
# rows: 1
# columns: 11
 0.05 0.1 0.15 0.2 0.3 0.4 0.5 0.6 0.7 0.8 0.9


# name: lat_mean
# type: matrix
# rows: 1
# columns: 11
 226.625 195.875 179.625 167.5 152.5 144.375 137.5 124.875 118.75 115 112.25


# name: lat_sd
# type: matrix
# rows: 1
# columns: 11
 2.445841952609133 0.9910312089651149 0.5175491695067657 1.195228609334394 0.7559289460184544 0.7440238091428449 0.7559289460184544 0.6408699444616557 0.7071067811865476 0.7559289460184544 0.4629100498862757


# name: params
# type: scalar struct
# ndims: 2
 1 1
# length: 18
# name: targetThetaY
# type: scalar
-8


# name: targetThetaX
# type: scalar
0


# name: num_par_runs
# type: scalar
8


# name: dopamine
# type: scalar
0.9


# name: targetCross
# type: scalar
0


# name: targetLuminance
# type: scalar
1.8


# name: targetWidthX
# type: scalar
4


# name: targetWidthY
# type: scalar
4


# name: fixCross
# type: scalar
0


# name: fixLuminance
# type: scalar
0.2


# name: fixWidthX
# type: scalar
2


# name: fixWidthY
# type: scalar
2


# name: fixOn
# type: scalar
0


# name: fixOff
# type: scalar
0.45


# name: targetOn
# type: scalar
0.4


# name: targetOff
# type: scalar
1


# name: use_insigneo
# type: scalar
1


# name: cleanup
# type: scalar
1




# name: fa_mean
# type: matrix
# rows: 11
# columns: 3
 -0.683443125 -9.23005 0.0549467875
 -0.218801125 -9.538055 0.022915975
 -0.1038967875 -9.6671525 0.01116893625
 -0.1077392375 -9.645581249999999 0.01242468875
 -0.080491725 -9.689892499999999 0.009092281250000001
 -0.077953625 -9.685162499999999 0.009113607499999999
 -0.09634535000000001 -9.665148750000002 0.01095874625
 -0.158116525 -9.6017025 0.017057305
 -0.08490521250000001 -9.690631249999999 0.009040903750000001
 -0.06304015 -9.705876250000001 0.007552203749999999
 -0.057500725 -9.71937125 0.006628090000000001


# name: fa_sd
# type: matrix
# rows: 11
# columns: 3
 0.09925794589054682 0.07598161262531125 0.008115712225665804
 0.05028137668429392 0.06475292447890962 0.005644174555807835
 0.02467372364911058 0.01328091192006673 0.001563857631517446
 0.03279393250029809 0.02799912469932912 0.002701161061297465
 0.01601613438556347 0.02153233034299836 0.001742519099427505
 0.03432081310299501 0.03324704917088786 0.003368703696942321
 0.0260253944332399 0.02430570681812334 0.002185585190462646
 0.07716792018543069 0.09623751655595202 0.008727574759121639
 0.03679367738249283 0.03304895824487387 0.003185148275566001
 0.02238849337462694 0.02075391387356689 0.001816912196478548
 0.01083116893833322 0.01120039340826943 0.001012673613672526


