# Created by Octave 3.8.2, Wed Jul 05 14:23:24 2017 BST <co1ssj@node117>
# name: result
# type: scalar struct
# ndims: 2
 1 1
# length: 3
# name: params
# type: scalar struct
# ndims: 2
 1 1
# length: 18
# name: cleanup
# type: scalar
0


# name: num_runs
# type: scalar
6


# name: dopamine
# type: scalar
0.7


# name: targetCross
# type: scalar
1


# name: targetLuminance
# type: scalar
0.3


# name: targetWidthX
# type: scalar
6


# name: targetWidthY
# type: scalar
2


# name: fixCross
# type: scalar
1


# name: fixLuminance
# type: scalar
0.2


# name: fixWidthX
# type: scalar
6


# name: fixWidthY
# type: scalar
2


# name: fixOn
# type: scalar
0


# name: targetOff
# type: scalar
1


# name: targetOn
# type: scalar
0.2


# name: fixOff
# type: scalar
0.2


# name: targetThetaX
# type: scalar
0


# name: targetThetaY
# type: scalar
-10


# name: exptnum
# type: scalar
0




# name: r_0_m10_G0_L0p3_D0p7_scsum
# type: matrix
# rows: 6
# columns: 600
 2.258189559892344 5.470314145582961 5.216818662338483 5.04570144500758 4.87574331763517 4.779999040871189 4.699699594868434 4.650422606493521 4.783235863058508 5.089807264841511 5.549957377661485 6.046910529952584 6.686418074879839 7.378924959495635 8.094743984482193 8.881112330749602 9.732310901792516 10.60198786130786 11.54111835850199 12.51091949940746 13.423278462491 14.40580074644095 15.32831432458624 16.10425807465799 16.74483477277681 17.21951773349429 17.58354015990699 17.7805503109048 17.69894983513223 17.38933456092491 16.77056000899756 15.90283645846648 14.67647178591142 13.39805450208223 12.19204768780037 11.09539199769642 10.08922445190547 9.166342934757267 8.438582853639673 7.72445699844684 7.050535786151158 6.48274008831504 5.968763738826965 5.538416170114942 5.169915941067302 4.856530839984771 4.570562631888606 4.30009648691339 4.071961482797633 3.865267666587897 3.616388953931164 3.492783371068072 3.285562784842114 3.146321443469787 3.073078364248431 3.049677460810926 2.932309040141263 2.885048701009509 2.802844669131446 2.775047462993825 2.725385154004471 2.667459448039153 2.635255174997837 2.540058548256638 2.482083333150513 2.418524050131964 2.415615728878038 2.432964652532974 2.374252361441904 2.334026798722334 2.314829333896341 2.358295764111972 2.343495999386505 2.344451249686244 2.360128727465053 2.317147716872569 2.324988163818489 2.237089444970479 2.271552935369982 2.261409284965339 2.255799116030175 2.206577961227595 2.242956607973611 2.280745307682082 2.333988956894245 2.352376589777123 2.328174634325478 2.381736689656464 2.369425948440039 2.361091689999739 2.372166667970305 2.377632911247929 2.319210617300996 2.289472547928199 2.233346332119254 2.212503060836752 2.21077088016682 2.17844645682635 2.187070410436718 2.133855373882398 2.181052448264381 2.177948442127672 2.185694860381773 2.14029068313539 2.159816618277546 2.170171404522989 2.161161921841995 2.186325123278948 2.260135247423023 2.234824579434644 2.141099575477028 2.206143548653927 2.196489291138278 2.222434074799821 2.251145283553342 2.189918220901745 2.182167466609826 2.169377255882864 2.232682257563283 2.19229335658747 2.26564255359699 2.258868220953445 2.23649410660073 2.2222096524265 2.231949817563873 2.264689475268824 2.294289005552855 2.315727670265915 2.322312345870159 2.304195793396502 2.363007312305854 2.323341412558875 2.336742068426247 2.271462608678121 2.325596985843731 2.343178276620165 2.358882422933675 2.374206592621704 2.331597834217973 2.277228209517489 2.326538501161849 2.328115604745108 2.335858218295471 2.266226772124355 2.305821420624852 2.296617654985312 2.249741215313406 2.270821361724757 2.242166266092681 2.258808246235276 2.270111186880968 2.290116286378179 2.281097341423447 2.281673491910624 2.313701597518957 2.386734214225726 2.348198190549738 2.274273345552501 2.274179280051612 2.235229767742567 2.22769399990284 2.289721481665765 2.302458932135778 2.401551070081041 2.328062065600534 2.278794174071663 2.314211252549285 2.273312897126743 2.254577437699481 2.225787118550215 2.262831762200221 2.24224700783634 2.217585336657066 2.147315719434118 2.164877659710328 2.190738454853999 2.199875536367472 2.231602345949796 2.244787523814011 2.265190599631751 2.269985569850178 2.239840593709232 2.331850159334863 2.266847986938956 2.27257601086967 2.249407850273201 2.297145282997008 2.290946976892883 2.269210743641452 2.244916085990553 2.274351998161364 2.225554897519032 2.200540015421211 2.197227528311487 2.230375528808509 2.281570203707815 2.244495583923708 2.238985170213709 2.26662555911571 2.302939103057724 2.321669689121336 2.341574860256515 2.31340311450731 2.3040714816525 2.327403023424267 2.243757182684931 2.282124529967405 2.269374064821022 2.219919851318991 2.25791013072012 2.315094862606202 2.348340379234287 2.34437350688313 2.319644172530388 2.288721972210624 2.260892205162236 2.306638493151695 2.308647221885622 2.307142577832565 2.295185465409304 2.337210011268326 2.348914599882846 2.35858250104684 2.36232828217544 2.312007356311369 2.282892286210881 2.285132452339894 2.326645963712508 2.326380502147003 2.294736914796886 2.233819056851644 2.243489189459069 2.222536753102759 2.221934624423739 2.242345817456226 2.220950832605013 2.164436316468709 2.197714890811767 2.195909771111474 2.209813059980661 2.190687900190824 2.240033822619807 2.212435976529378 2.224127611560107 2.163736739938031 2.145195465987854 2.181341291554418 2.163753341730626 2.222872859303607 2.181999092164915 2.195566833437624 2.263464378804201 2.269159363488143 2.1901094127752 2.168136686897924 2.181283962305315 2.157227363182756 2.128178181941621 2.153970882762223 2.105449730021064 2.105152964666559 2.155202423447918 2.136485678973258 2.207829973835032 2.223282700193522 2.20614075004778 2.25414235311473 2.226015897267644 2.215465899182163 2.228567678532272 2.234096223106462 2.238082575542649 2.218100018444602 2.254919173381495 2.252870236134186 2.289382709610436 2.295117392704014 2.270723255554003 2.239749332118663 2.28832780675657 2.278903295467899 2.272696614527376 2.316293467047217 2.336746656263131 2.298028082826931 2.322135732872994 2.28986704988165 2.309107521010446 2.308631553940359 2.341257171654433 2.336499791686947 2.356246646755608 2.329412521972699 2.412084051502461 2.408588183083339 2.333499924276111 2.350772622681689 2.386012259172276 2.541601633514802 2.620436630069889 2.793955559904134 2.997282138567243 3.334702826708963 3.695829338676049 4.145049788494362 4.643858120507502 5.222581186972093 5.950372743234766 6.804846556427947 7.652566826408474 8.6021632640186 9.666720042425368 10.78687668228667 12.0060743181748 13.30365313233051 14.61173666066679 15.96201644860048 17.29744441834555 18.52186491951397 19.79372570054693 21.04695916791025 22.25328325718147 23.48472456760828 24.88366241483891 26.18423554294895 27.49726137425023 28.76843683554762 29.92499410661549 31.0774630277956 32.14561185421189 33.21612616426864 34.19468332534962 35.30781395592203 36.32313356874511 37.5222445747313 38.6492218456915 39.74786694308204 40.95025428361987 42.1355693256628 43.3024286702821 44.4603294719418 45.52862047544477 46.57455342903268 47.61496567093127 48.55838752914497 49.48327471523044 50.50660313756453 51.46437636378323 52.43996851271004 53.40865614884387 53.38322166810758 52.15971078860093 50.54218116678385 48.81580680366824 46.85107515385607 44.62938217087867 42.44080534584646 39.56840961296984 36.23005072348315 32.80734128660333 29.7903042638427 26.99904754229829 24.50926490762504 22.28223046380299 20.27881215872912 18.43224510004256 16.80575055814916 15.31364816507994 14.05397897653529 12.84114220519223 11.77636845560119 10.85348662710021 9.980143228400266 9.174799139866082 8.492236065143516 7.902667317546729 7.366811039482855 6.836896888962656 6.415050777495708 6.027063887289842 5.64270362681782 5.300151385348727 4.993595798759998 4.680425047976314 4.393620225135237 4.192015953427472 3.99649318075717 3.825101893249666 3.71273129828478 3.556239595360239 3.464088025762976 3.314880204306974 3.239801134091977 