# Created by Octave 3.8.2, Wed Jul 05 14:23:20 2017 BST <co1ssj@node117>
# name: result
# type: scalar struct
# ndims: 2
 1 1
# length: 3
# name: params
# type: scalar struct
# ndims: 2
 1 1
# length: 18
# name: cleanup
# type: scalar
0


# name: num_runs
# type: scalar
6


# name: dopamine
# type: scalar
0.7


# name: targetCross
# type: scalar
1


# name: targetLuminance
# type: scalar
0.3


# name: targetWidthX
# type: scalar
6


# name: targetWidthY
# type: scalar
2


# name: fixCross
# type: scalar
1


# name: fixLuminance
# type: scalar
0.2


# name: fixWidthX
# type: scalar
6


# name: fixWidthY
# type: scalar
2


# name: fixOn
# type: scalar
0


# name: targetOff
# type: scalar
1


# name: targetOn
# type: scalar
0.2


# name: fixOff
# type: scalar
0.2


# name: targetThetaX
# type: scalar
0


# name: targetThetaY
# type: scalar
-12


# name: exptnum
# type: scalar
0




# name: r_0_m12_G0_L0p3_D0p7_scsum
# type: matrix
# rows: 6
# columns: 600
 2.300182189363113 5.503415407780267 5.275790462445002 5.096652521218857 4.951901665677724 4.832770696000807 4.723295326806692 4.679278176841763 4.802286887854279 5.004965021458702 5.378345817436639 5.914273898668398 6.500229046308959 7.257518592978158 8.062840497535944 8.862324880416054 9.700963858997966 10.60562679448412 11.53267200634582 12.45940194642753 13.32425182686711 14.22706135931003 15.05504009134893 15.85591813059 16.56075493391108 17.10597858469919 17.45001605452126 17.62147789132723 17.56689382050899 17.27917544320371 16.74498269476317 15.86996758237365 14.67151618671414 13.32734358288872 12.2114358900908 11.20142756529094 10.2246803261296 9.33158820601966 8.575824060144441 7.90276274574353 7.271784763717733 6.724897080392111 6.212832788081869 5.820429308034363 5.408349432524119 5.038032368258428 4.747705457943084 4.467267694904876 4.214736364770943 3.961114196863491 3.727880792106589 3.560155805655086 3.355773816596411 3.256939905393665 3.13991528189581 3.06787733296369 2.901893101436144 2.859469323593657 2.885450791185576 2.795075101979819 2.719930162398668 2.64535834355047 2.582429902700824 2.53797019591002 2.513668901752681 2.492459018467343 2.431576840697744 2.438937267812435 2.386239464001846 2.379665380667575 2.288056831595895 2.317025099415332 2.309015037531935 2.344296964645764 2.287397274627438 2.295675324246986 2.306178415172326 2.217228355737461 2.267173455566081 2.24845942351385 2.244300457652571 2.24518140597138 2.318884713658917 2.335030743823154 2.326902767861611 2.311231771571329 2.287629332848155 2.261306154588965 2.307008315516214 2.321695006583468 2.285602592062787 2.293828679205035 2.233143539131561 2.222197356208198 2.218590088268684 2.193787211359449 2.222056436909043 2.172603069111574 2.118043830862007 2.094423014586937 2.133426115519796 2.100875912205083 2.152840892369568 2.173284320968378 2.117352533847225 2.162262206777086 2.20487233332824 2.250385100778658 2.245604585637921 2.193224616414227 2.195659392651578 2.168900494132686 2.248233323865861 2.259422480135981 2.268494143347198 2.268115259088518 2.277561041453737 2.231808069800536 2.240054002562829 2.221942300340743 2.228708790666133 2.222575348838291 2.218350692008244 2.138386548955168 2.151124832620553 2.188971487135859 2.268572165532532 2.25605278106741 2.277610420547717 2.294894750953972 2.290150607459509 2.317729405451246 2.393128446579794 2.38113901050383 2.46895476489226 2.469663592175493 2.482853886227531 2.492306303145597 2.459315700565639 2.452141709625721 2.426929523011495 2.430717200833897 2.362074110395042 2.341038676182507 2.288980298930255 2.280295562653919 2.282920716977969 2.299851781332109 2.333495850682084 2.346655721135903 2.311452642832592 2.372092427343887 2.360675664011069 2.386490250192765 2.377846712803148 2.406892637474812 2.308262222366466 2.266401272097937 2.223651284550215 2.255784981218312 2.219178996409028 2.241354099580349 2.278810558825626 2.246381275650492 2.253367388024344 2.299929611970583 2.247532578519895 2.264532802235408 2.251451797088521 2.246895044314442 2.249179879552685 2.221987042568799 2.299177054117536 2.34215626934747 2.342792489092972 2.342933500018262 2.405266406240116 2.432970357775048 2.413866856124514 2.407537670198508 2.3367249568837 2.329118091307464 2.320259696156427 2.378197047259164 2.33014615738648 2.345174935562682 2.369143681811693 2.40850027565466 2.342957111485703 2.32099669676245 2.363953410906106 2.46114442643011 2.409961505647516 2.400951475978218 2.390948519947415 2.429367579003156 2.455838976653467 2.412370802865553 2.315653649140586 2.318435049979598 2.302894072992785 2.277629079195322 2.293589360391707 2.321409681157093 2.330241366777045 2.282495076404302 2.314128025453101 2.359351888604579 2.323085598436592 2.366865380354284 2.334378451448174 2.296071886841673 2.321772520303057 2.323915246332035 2.247269008708827 2.30148802313488 2.293823684816743 2.271679496032448 2.29789424048613 2.304147951033883 2.275109504822467 2.276873254810198 2.230151765157643 2.227814107485756 2.200799226506206 2.186185352504253 2.223132088409329 2.230507769701035 2.180413624131688 2.207300322144874 2.136839643608255 2.189315303434341 2.15144317474369 2.21242938710202 2.19155784988925 2.193579429917008 2.181389606863377 2.180772841751605 2.171328124079992 2.122312044670252 2.12470905234477 2.103792501089629 2.161567504714185 2.239968737223535 2.226614782623074 2.247085993360088 2.264020273578353 2.303872011267231 2.26443825089882 2.216687378608185 2.236943544383394 2.225721883020015 2.250993107882096 2.250532241865585 2.219345283141593 2.289529718413178 2.340399276610697 2.384680796134489 2.353649123753712 2.370517366507556 2.351625452804001 2.37377720225777 2.365067295213521 2.343533325736644 2.344022017125099 2.409434962275554 2.362083048144996 2.367272713665443 2.400328021962196 2.365665981058555 2.336803712756591 2.340797884531639 2.340122294022876 2.296379676721699 2.366552795530879 2.333812051605491 2.336302036297639 2.320332368237359 2.341144876394537 2.3604072280541 2.319237041912857 2.296501032928063 2.317810174121405 2.345147777799866 2.311102771956939 2.27376922597432 2.242985784712801 2.284019328410068 2.342989378863422 2.362451552977291 2.38994720860137 2.414566782487782 2.410932648388552 2.399277700882521 2.364152453206771 2.32850966029946 2.332645841474005 2.359726938098902 2.407885257998714 2.376327226560534 2.457346141543894 2.571821622223069 2.764156326666125 3.030786980416451 3.217100734723317 3.511658211426038 3.85195255801591 4.316196526684507 4.863607562489051 5.475080076794256 6.182789358505943 6.921052399280597 7.729124108678661 8.632101830233296 9.636506103415741 10.73388912218434 11.91629414432828 13.10421292886895 14.38543569029207 15.63988643594712 16.84918427859157 17.89535636831351 18.96684458624077 20.06635700738116 21.19705198660085 22.28745533836263 23.43298280256568 24.56944068359007 25.75632259227859 26.9898641262771 28.124073769799 29.19340023936093 30.24939273857672 31.27175299753071 32.29117826633228 33.27115437964676 34.15938379354338 35.1658838710282 36.17878589711472 37.17024457572552 38.19661645608994 39.24058940460236 40.21517977750773 41.18950446762028 42.18786068331246 43.18981119851742 44.22335310874587 45.28337337837002 46.19744994376015 46.20112528155732 44.88679792977564 43.08060218998253 41.4225651550878 39.6198957953311 37.77695216623033 35.4480855937727 32.77592960714537 29.82385810512733 27.07268982374444 24.58082067980649 22.33983699982127 20.31139714721212 18.47801188028097 16.83124918864996 15.3472265398741 14.10052137569619 12.97140103565107 11.89534098460717 10.92259002237188 10.07946619678842 9.350380732597841 8.605864544233555 8.0085835955324 7.409839892490709 6.879785692428413 6.329726616586413 5.923513271151023 5.504927378204229 5.122351443591469 4.857911609320581 4.599624651293198 4.371519006675953 4.121521048411523 3.973459123697467 3.833997001482203 3.703984467469127 3.533923190738278 3.384477906030952 3.269759475842875 3.163611773145476 3.094545077030489 3.013560797215177 2.900266933276725 