# Created by Octave 3.8.2, Wed Jul 05 14:23:24 2017 BST <co1ssj@node117>
# name: result
# type: scalar struct
# ndims: 2
 1 1
# length: 3
# name: params
# type: scalar struct
# ndims: 2
 1 1
# length: 18
# name: cleanup
# type: scalar
0


# name: num_runs
# type: scalar
6


# name: dopamine
# type: scalar
0.7


# name: targetCross
# type: scalar
1


# name: targetLuminance
# type: scalar
0.3


# name: targetWidthX
# type: scalar
6


# name: targetWidthY
# type: scalar
2


# name: fixCross
# type: scalar
1


# name: fixLuminance
# type: scalar
0.2


# name: fixWidthX
# type: scalar
6


# name: fixWidthY
# type: scalar
2


# name: fixOn
# type: scalar
0


# name: targetOff
# type: scalar
1


# name: targetOn
# type: scalar
0.2


# name: fixOff
# type: scalar
0.2


# name: targetThetaX
# type: scalar
0


# name: targetThetaY
# type: scalar
-11


# name: exptnum
# type: scalar
0




# name: r_0_m11_G0_L0p3_D0p7_scsum
# type: matrix
# rows: 6
# columns: 600
 2.350897257179895 5.62165146204643 5.426747601828538 5.174075138604167 4.975487348376191 4.721988457582484 4.569958139116352 4.63151300442405 4.766565708636335 5.027241765536019 5.381968745094127 5.840005354308232 6.477923412418022 7.272334451277857 8.066849277740403 8.964735151759669 9.826224462718528 10.63701934181881 11.52023506222758 12.44355562020428 13.35651868242712 14.25964583677705 15.07156796099662 15.91598985962992 16.59878774769095 17.14917737901851 17.43531529638221 17.57507665754019 17.55677770123657 17.27170381331962 16.68886064075559 15.81808402842762 14.64597628051706 13.20928693734095 12.02874331084604 10.90208132931184 9.995996492787526 9.145369659705466 8.374254486623613 7.647650561238152 7.026899741053057 6.435437193205871 5.945621241073241 5.487418106456971 5.095546623742848 4.716351283655968 4.407557407106651 4.109750781542971 3.87295407509373 3.623159843398753 3.453342774810153 3.275920553642209 3.109378488610673 3.001898232930216 2.900807671619987 2.849934004829265 2.761402270731196 2.751139459396654 2.683827373122767 2.633138928433254 2.590600514296966 2.596630328858737 2.560502857520987 2.570056349699371 2.502049862279819 2.463392232006299 2.420082204160281 2.365320617318503 2.353468289780722 2.355006013785896 2.375634036310657 2.353028945599362 2.392555474791152 2.411810294022871 2.367029850025574 2.366922231776698 2.380493448788911 2.362349990982693 2.352066124454723 2.390425397221406 2.401107278186828 2.402411074068368 2.444146044705121 2.458797241910361 2.446653048900771 2.438390325080036 2.435708411811902 2.431782406101775 2.451521108891029 2.373881339110085 2.390310304976083 2.392683190371827 2.336893126717769 2.326884400201379 2.331995589884173 2.321946636326174 2.295110087885405 2.344410209268972 2.323372667513468 2.367336811266796 2.31195281050168 2.27432582394249 2.257095574514096 2.263435089653285 2.284575053112349 2.305152207329229 2.326272882870398 2.35447985373321 2.330391129369673 2.274706175579922 2.249973367499479 2.276171235513175 2.298084107300383 2.28550123446621 2.247539735966711 2.274896860242734 2.326782214673585 2.347432867815769 2.34312042860256 2.322963297836395 2.312748312986514 2.357564272831951 2.416553978153388 2.335308164780145 2.323272011533845 2.338264129322852 2.316327825132248 2.317847579773115 2.39464483550546 2.322839465363359 2.333402427320834 2.33232915593544 2.335067254338355 2.332323767695925 2.378716691826412 2.375182365765795 2.398377588253425 2.372502689186149 2.369090835549287 2.362618705261411 2.274065952609817 2.290562594971561 2.279426025186694 2.232425574627996 2.276947925907734 2.262330275583736 2.20187563573927 2.225944293028078 2.241110906885297 2.289754823927069 2.270474120137578 2.296213360859838 2.280405893281568 2.336856340843951 2.319278273527743 2.329189664233127 2.343444781166909 2.338276667218452 2.390701406839071 2.387385530579195 2.382112190414773 2.381689935362374 2.350776321567537 2.305012890352373 2.306781191924529 2.320448101982038 2.279992435847817 2.285136363389029 2.369748590906966 2.367655402464152 2.372615988399048 2.336246318431222 2.332978584363445 2.355126537651813 2.279448067336489 2.247127729449858 2.237001159947795 2.191075406452001 2.208906022839074 2.184453167459651 2.210635489522247 2.223934639048821 2.252457445996697 2.25981551627774 2.285138872692187 2.249654508186723 2.266161464539437 2.303208214874758 2.262686690963164 2.301734243163082 2.32079779992273 2.299771228383179 2.31808652334621 2.303704634505266 2.271977921089274 2.289901286701934 2.310541981179995 2.265270501142368 2.235806781769497 2.231834366168187 2.180654970674368 2.206135906100826 2.183828239692957 2.201718852309568 2.251725687408907 2.320696188555303 2.343953468363907 2.305170215789985 2.315001077833585 2.281535918798909 2.261150473874295 2.244328646022041 2.312034294660407 2.279494402297132 2.270701286975964 2.262341218956863 2.250693111167493 2.264965571146604 2.331613336536975 2.300128688839322 2.299074081360232 2.29088313565444 2.331101269679493 2.255316573417076 2.237807336667174 2.273522157600382 2.251425087331882 2.270232677099557 2.260019249319157 2.232958663000318 2.212900301581612 2.240174623017083 2.257407184413751 2.280559994384021 2.207123870106443 2.21545820258325 2.17698099574045 2.18926195397944 2.158921454578376 2.163191934887436 2.169077658440074 2.200775297922519 2.173818208822922 2.128182278000168 2.182909951140573 2.21842553064198 2.244828312040227 2.282757812201453 2.338952201189386 2.3948358861835 2.314147348770348 2.266517172101885 2.266308892722009 2.247183349434636 2.222946243477054 2.271575618186034 2.240467289691878 2.204980439091742 2.20422376937131 2.207794694098993 2.243982700572815 2.26646108640125 2.268657496017113 2.278455948013288 2.268009551964496 2.28693490959995 2.315520704411028 2.350754081271589 2.294000795347529 2.312794914767437 2.359160795787375 2.376790593210899 2.366836613611667 2.349014606545097 2.30909153329776 2.224285687971133 2.191161057173304 2.211060194713355 2.240369420464049 2.24690566157733 2.252319887658814 2.213507756323452 2.199101688740484 2.192725261040323 2.152282772149192 2.227635432762327 2.215076126214626 2.225257437359687 2.303741098516184 2.287233296407067 2.327958911853784 2.308835978950469 2.258779165878877 2.278335968519968 2.279813315662977 2.235355629651167 2.275682039558887 2.336100406449987 2.423536889127718 2.54134958414943 2.762874331376224 3.022104726420366 3.373452510400966 3.737228996928025 4.244797403101984 4.813308459131804 5.435500348590722 6.137581725870405 6.968187022721395 7.810527360325068 8.656085080766388 9.692684956244193 10.76407963009115 11.90665412918679 13.17027583652816 14.39185738352535 15.61958173635867 16.78196882166958 18.00739287006218 19.16620998439976 20.33786550951481 21.50252482028009 22.61870388194802 23.82235118866447 24.94089336296747 26.08211398671119 27.07891249266504 28.18019871973956 29.22531841011369 30.33308697359098 31.50702277586242 32.60437985865792 33.61158391634308 34.67302211058814 35.69355853236448 36.64054492440118 37.72350374304006 38.68671063021611 39.60150862948922 40.39922882646079 41.30143736046011 42.23558738410793 43.21286526799668 44.14389601973198 45.0971024098435 46.02838099949622 46.94068579956365 47.87843551174592 47.6722296178923 46.36135581532835 44.58490353793604 42.88861150923913 41.24785617686575 39.28133317130414 36.95772635015601 34.17309163248137 31.09801403802703 28.23463162653206 25.63933884916332 23.30236908846928 21.15843267117452 19.24245513907226 17.51281961636778 15.96740849604248 14.64841613896715 13.39220411437418 12.33293951519954 11.33393206694745 10.45803527183944 9.638780572779069 8.912906307275989 8.260832339357876 7.657438578240544 7.153118382189859 6.656955643629772 6.219808293935785 5.78533345077085 5.411138615203527 5.078687210869248 4.818981199197879 4.556935840548249 4.286225880732673 4.105851612377592 3.945250808857963 3.796247962818597 3.60583964901889 3.473807590191427 3.324811000324189 3.212397034149035 3.160202044789912 3.08895356557332 2.995918074785095 