# Created by Octave 3.8.2, Wed Jul 05 14:23:21 2017 BST <co1ssj@node117>
# name: result
# type: scalar struct
# ndims: 2
 1 1
# length: 3
# name: params
# type: scalar struct
# ndims: 2
 1 1
# length: 18
# name: cleanup
# type: scalar
0


# name: num_runs
# type: scalar
6


# name: dopamine
# type: scalar
0.7


# name: targetCross
# type: scalar
1


# name: targetLuminance
# type: scalar
0.3


# name: targetWidthX
# type: scalar
6


# name: targetWidthY
# type: scalar
2


# name: fixCross
# type: scalar
1


# name: fixLuminance
# type: scalar
0.2


# name: fixWidthX
# type: scalar
6


# name: fixWidthY
# type: scalar
2


# name: fixOn
# type: scalar
0


# name: targetOff
# type: scalar
1


# name: targetOn
# type: scalar
0.2


# name: fixOff
# type: scalar
0.2


# name: targetThetaX
# type: scalar
0


# name: targetThetaY
# type: scalar
-16


# name: exptnum
# type: scalar
0




# name: r_0_m16_G0_L0p3_D0p7_scsum
# type: matrix
# rows: 6
# columns: 600
 2.283043612151232 5.5712544146445 5.339746889851085 5.090251194538723 4.91246422578115 4.692460370395565 4.621113535762561 4.655349840802955 4.840377747721504 5.12533384749986 5.492204118287191 5.970819878773909 6.539812100836571 7.184150295608561 7.943901988612197 8.80310811734671 9.665265521682159 10.61137578086709 11.57979505759431 12.59891772439732 13.49621635405128 14.38223733953782 15.22778853060299 16.01872818472293 16.61250684584775 17.16544244552642 17.4935889021508 17.71203792852612 17.69411675807714 17.3129527887977 16.70562928887011 15.88340379975125 14.6817199608231 13.36857791869443 12.1708475677151 11.13578366405272 10.15380191577424 9.256940760184079 8.502249210901937 7.765564166827971 7.155256144927989 6.601866071519908 6.153563601801579 5.680630831488998 5.297264248927604 4.996011390911008 4.721931125677656 4.455492338405747 4.223081784017268 3.978737513494707 3.798047241383756 3.633378220103623 3.469146924140659 3.340895238165103 3.213834551876062 3.142916738870554 3.023925596527988 2.914012544148136 2.826775474655733 2.812444224913634 2.733132589073648 2.676512287085643 2.662505999694986 2.633679446360475 2.577480614017986 2.561045046928484 2.490313773134403 2.459736113029066 2.43779637030093 2.455015410712804 2.378754659068363 2.401449342485648 2.351072670602662 2.383269973885035 2.41311975492863 2.46608853536236 2.44381906226954 2.426203589462602 2.384396229495906 2.34006128425608 2.321367871882103 2.27911812140519 2.289454135167034 2.252099454177369 2.295652398715902 2.290924420318333 2.305177606791403 2.261613759084867 2.249748946655018 2.307235447948187 2.345446143637673 2.340173979682731 2.345007918185729 2.328991204278282 2.289785882490833 2.269312768512464 2.261433768266215 2.215252005669754 2.27779055193605 2.202552689726872 2.226389148032467 2.211797349349581 2.237088381263675 2.255232770086877 2.256231602688786 2.281996668047213 2.238799098604431 2.267417058712454 2.283320204558549 2.249995329897502 2.277418078501796 2.276010197543656 2.269226548000006 2.285835780312482 2.281706772510006 2.273736871062283 2.243191016343189 2.250909359961952 2.226575806282199 2.25307764480749 2.22173019769798 2.278708680118143 2.333366219794698 2.238596356473863 2.2232977159656 2.231258342493675 2.237466411999776 2.236786085464701 2.27216565035269 2.278798589170037 2.282437233759993 2.271872373275983 2.273086148808943 2.285123187537465 2.240303361872066 2.252008727802604 2.25032698245559 2.195936411346338 2.250294367688184 2.236410884059296 2.214456037266245 2.218801936938689 2.257665004381124 2.294701225709105 2.296802504795778 2.288488150705234 2.306901222164015 2.360003059453447 2.312343411897018 2.312210898708145 2.274952378786111 2.316411174440873 2.264611877282732 2.270239046025381 2.301675765517757 2.290925526023784 2.280339337346959 2.31925086139745 2.346406885859324 2.377952090020699 2.389375748934981 2.341115322931728 2.360966546104464 2.348071341999457 2.345240528569775 2.359252620728512 2.320085249746626 2.319349604978925 2.367609381635702 2.351478281365416 2.338072238071618 2.36641103799775 2.351973047696447 2.366157391144952 2.34693104098551 2.400563185918145 2.386423082411056 2.395697404026578 2.370620503339524 2.398243033901963 2.362676951339381 2.376981001536478 2.330865005591477 2.376172038657387 2.419634451936872 2.412758485206723 2.350474092992954 2.413964641527855 2.433198517934215 2.374790228248457 2.386453961094958 2.407562425665674 2.410386898372963 2.427716934747878 2.405814772559097 2.366550598177128 2.332874751598865 2.324712965319122 2.360646308668947 2.338006592817692 2.40095768349056 2.368746125190228 2.331642527783515 2.364283203693049 2.38559229836028 2.334917421373575 2.366285028445418 2.378243681294407 2.303295151876227 2.390055339528772 2.386135825276142 2.358837189203769 2.398507388286816 2.399638659830089 2.292051330499817 2.25439079345233 2.228920332860071 2.249193278941675 2.24222527825259 2.271698951124563 2.310106063832791 2.346205021380229 2.349922321474878 2.311307410927839 2.314244843204506 2.289637766540181 2.288714675974916 2.326517252746271 2.35125220977352 2.307581174174629 2.31820957022137 2.333097989563612 2.32180012858953 2.313882076383379 2.287003119876317 2.25671726535802 2.197316932368267 2.227426194838699 2.230366270894592 2.283102351357229 2.303033476582641 2.328278897359269 2.357753358086484 2.328239889600809 2.299531064811163 2.322095613651982 2.360523974176431 2.387824707424443 2.377498667417967 2.368682359081504 2.357242267877155 2.317542595592386 2.285551561896682 2.28371194477586 2.255679965015133 2.238353570566687 2.221144587372692 2.169276142594754 2.204112455085124 2.199992051191657 2.200864122878556 2.193554906771169 2.194934193523295 2.197685743332841 2.196278078683463 2.231804186892987 2.234495695885926 2.236283594167617 2.220274861247162 2.213084350692952 2.227815260863281 2.242802104461589 2.277686258079484 2.2459546514674 2.235871840872278 2.281054468570801 2.335543485882226 2.3702509368959 2.320406536480732 2.274733553851547 2.308385767544678 2.333493324844312 2.318043852097617 2.294458635715273 2.288070336800956 2.291721387220605 2.329238995189371 2.361719361986616 2.370682765376841 2.372188497556635 2.341759550363349 2.300693181263341 2.319013013691801 2.375980550925306 2.337617246193986 2.361563737536926 2.38484802437597 2.32751535252828 2.355964515962114 2.337899690421182 2.261758410662878 2.242818724513199 2.220715190953342 2.243764774546435 2.332674102093733 2.313925747243047 2.31547458942805 2.27571234813513 2.410779084990281 2.504154551137617 2.686338965962932 2.77983315532947 2.954822731298918 3.206330151235306 3.471543979841954 3.823427785828244 4.183362943673274 4.623073804930755 5.161007061080454 5.668951615003607 6.318035552318179 6.945683385045413 7.646220296333922 8.470442723715678 9.252497765512089 10.04801699166273 10.93103146485555 11.88936343996465 12.85919454267423 13.84743932619313 14.83093922859371 15.81721090315841 16.79016378086089 17.78381591343896 18.76532284779387 19.67376361076458 20.61265464767712 21.46423502294783 22.37298143108455 23.26610784453078 24.12691464915406 24.96146183848396 25.74831224524678 26.60119649017724 27.41688825485471 28.22348718561989 29.08618978363666 29.98421672282711 30.85699753263179 31.71982376224332 32.51630628118437 33.30126536918397 34.05583475241292 34.88709380376531 35.43070000689841 34.66866941348417 33.30987561792426 31.7243048986893 30.15770765846901 28.50749440362461 26.50266172342344 24.14183168969612 21.95410170326795 19.93970612655903 18.23243348203323 16.64101814205787 15.19477323564206 13.88403163494013 12.71716998984175 11.62849493199246 10.68356903797576 9.856038748717765 9.068868675927661 8.334136597411998 7.724910926750454 7.192722171297646 6.733226243697572 6.237568572734745 5.833641976103536 5.507785261368554 5.1747753064883 4.908340911373671 4.710342476118967 4.476546693740602 4.254646781841075 3.980337796308959 3.789023935456498 3.689626177165337 3.546845584245602 3.444169108244751 3.307546968029783 3.154774892493151 3.059637858321366 