# Created by Octave 3.8.2, Wed Jul 05 14:23:15 2017 BST <co1ssj@node117>
# name: result
# type: scalar struct
# ndims: 2
 1 1
# length: 3
# name: params
# type: scalar struct
# ndims: 2
 1 1
# length: 18
# name: cleanup
# type: scalar
0


# name: num_runs
# type: scalar
6


# name: dopamine
# type: scalar
0.7


# name: targetCross
# type: scalar
1


# name: targetLuminance
# type: scalar
0.3


# name: targetWidthX
# type: scalar
6


# name: targetWidthY
# type: scalar
2


# name: fixCross
# type: scalar
1


# name: fixLuminance
# type: scalar
0.2


# name: fixWidthX
# type: scalar
6


# name: fixWidthY
# type: scalar
2


# name: fixOn
# type: scalar
0


# name: targetOff
# type: scalar
1


# name: targetOn
# type: scalar
0.2


# name: fixOff
# type: scalar
0.2


# name: targetThetaX
# type: scalar
0


# name: targetThetaY
# type: scalar
-7


# name: exptnum
# type: scalar
0




# name: r_0_m7_G0_L0p3_D0p7_scsum
# type: matrix
# rows: 6
# columns: 600
 2.291292343559689 5.457689188162476 5.202337512659142 5.000394450647946 4.791197323684173 4.695910928705416 4.608845494942216 4.607948961638613 4.763282067277032 5.057849999335303 5.509619573727832 6.013972000728245 6.601281254192145 7.285791961985524 8.024103146584821 8.882530871575 9.765285375760868 10.60846464979477 11.52306107248296 12.46586719451443 13.38151396835019 14.31426778199966 15.20915501642594 15.94648208111903 16.5621737186957 17.11925469270864 17.48155683979712 17.67758110597424 17.62454515218269 17.36695821460307 16.78353666981275 15.95445505749376 14.79057895873848 13.50168137760193 12.30864213101813 11.23269325096044 10.1991876477623 9.263657288815011 8.431537557444244 7.724975419027032 7.102598584096995 6.561261450926395 6.028177854030218 5.658678519819659 5.247408291754255 4.9007554441705 4.578807041951222 4.330377864251204 4.130159607171663 3.879856157931499 3.701964719868556 3.552825862221653 3.407098211704579 3.201495171049828 3.066338807489046 2.995142488121928 2.900717448046635 2.814803976303665 2.717817951011966 2.683497662146692 2.647393577070034 2.652995964981528 2.611357976187719 2.53365216434031 2.511962149924329 2.47579956653135 2.480301113646419 2.454311137324112 2.420876016069087 2.390762246301165 2.391961547644314 2.3729946394742 2.410481930768583 2.403920299180754 2.452400999212841 2.432424849906965 2.396542067177506 2.414621253992664 2.423256606529321 2.410472156221658 2.350888571198084 2.316562159903697 2.360852688154409 2.320532505735173 2.315726760843972 2.317544681485742 2.294318482061499 2.274179441385058 2.254204489930089 2.223807691438196 2.264000260980538 2.275363043088873 2.269373339498998 2.292133061280367 2.28797294805554 2.315814993417007 2.255726030074584 2.255371536342864 2.275656970072305 2.305113555663411 2.314347238450864 2.266913398038014 2.285495517633535 2.267492166640295 2.17131863814393 2.228105816626339 2.248594353237422 2.230391186916677 2.293924374891503 2.32617354519607 2.249975296770572 2.257919059737105 2.214747123871348 2.197837310571231 2.152894498558453 2.192168727808166 2.173672187407647 2.160620885333628 2.177130175943603 2.1870229858323 2.240370741815241 2.216853780824749 2.1937304349849 2.186382822008454 2.193337146039994 2.207422481307731 2.187434484803816 2.210419135444681 2.210671155211458 2.199791620631004 2.132821762061212 2.120022961600625 2.151154458646488 2.165536018681451 2.219785650619087 2.261080820539064 2.286568524914401 2.302403809779207 2.32261834723613 2.269377689692192 2.325572472447675 2.318481626356515 2.303155067638727 2.335215220755344 2.322530305740656 2.323494022180967 2.266333074087015 2.244430025026304 2.245200876426679 2.26262331718317 2.27308197345701 2.233727593040385 2.266499303863384 2.312520197501726 2.241608931370138 2.208603297280206 2.208233877991006 2.248016623179865 2.275809344562731 2.2972845548029 2.277086545720522 2.312685011911526 2.282399420440925 2.213006752404908 2.189254638586135 2.195262352790451 2.164417118812707 2.148366586239717 2.157116229376697 2.081383512406319 2.102989773717127 2.139181410477249 2.121984658195288 2.088669494380156 2.127550143530243 2.138848822538421 2.148778503436915 2.142377730480803 2.145626148012525 2.153948099774425 2.145463526154344 2.182469645078527 2.19233478307433 2.190643235389871 2.169288523451542 2.150755197300896 2.138872190327675 2.135670586463675 2.156117912023547 2.148255605586201 2.128132420446491 2.141867127858859 2.130421271544037 2.163660049705868 2.172624066519347 2.208204364505946 2.193398854433326 2.171071497577941 2.164774027231033 2.175328177589108 2.165376439210377 2.189021127533124 2.203403123694443 2.207877267115691 2.141020338582166 2.188190979941282 2.228876952038263 2.222196058242844 2.269292158252938 2.248864334818791 2.271707866122597 2.23738486594084 2.267728340193571 2.246685174912272 2.297720061775181 2.288864831720275 2.300882225479654 2.334014600426599 2.331946310550848 2.302470008388809 2.2526102396223 2.273747539962642 2.265213411556033 2.264810177141044 2.297560849379806 2.293807379675854 2.312651030628331 2.352839932817005 2.336646658615791 2.28862054439378 2.233752278687462 2.273642137675779 2.284243698264618 2.323155407077138 2.349681124035669 2.373074379278478 2.415756028709438 2.391590754952631 2.352750604848552 2.341537865810096 2.335696558264317 2.357865305650193 2.380238669909886 2.349464313268982 2.329182867644704 2.338175316468551 2.350271227111079 2.342463502165629 2.308387317745655 2.258748886208195 2.28408638998917 2.234938811769098 2.194653243467656 2.211118794650247 2.149314386033893 2.157577560054051 2.139908028373611 2.138702843029023 2.107612961313862 2.104295150482358 2.134720299891342 2.148905707566882 2.152372928929253 2.142944892013475 2.160985736460134 2.177496500491543 2.191537069447804 2.123815680490225 2.213886064542748 2.23972215435424 2.293676146997313 2.323867495942977 2.283530122826051 2.330848328074353 2.313783047349716 2.273399049045111 2.29784792985447 2.248153773216472 2.268104949020199 2.282915690287155 2.273458963547455 2.311593678889039 2.347179039290495 2.333102087068255 2.305333603462714 2.269070874164754 2.270403993692526 2.223618722971878 2.182981291080068 2.172909622644511 2.149112707153108 2.150752283832844 2.21563892228005 2.200186622525507 2.293460587352456 2.388651163866598 2.633944896464527 2.967617054564471 3.344735246850178 3.730951813144202 4.253454966710706 4.859527563419761 5.515314629097702 6.197269795789907 7.047597864901036 8.022686829386657 9.071819191442046 10.10468020072221 11.3240019374789 12.58420897512769 13.97714241863287 15.34844989456906 16.75512621958023 18.03880411726277 19.34805861763016 20.63396603088768 21.88885861134622 23.33405003856024 24.73074150403772 26.05422057300893 27.23269934247219 28.32159949641027 29.46629157793177 30.5705119618724 31.78414631326814 32.8982711517674 33.98452916318274 35.16284331799397 36.45535768118134 37.66362946303707 38.81670245708665 39.92898650064308 40.88981338641679 41.88838417241641 42.90473519852094 43.90244439806338 44.86661623389955 45.82581744940398 46.78109381164541 47.75841038057479 48.70943180981703 49.71741495840615 50.75564679675517 51.77972220400989 52.77102928057866 53.82033944909927 54.81300181331972 55.82768154165024 56.7623751142637 57.64772142136644 58.6150116746503 59.61530227042385 60.54867185022158 61.39463425095892 61.77839082440551 61.41611577365984 60.12547565148998 58.16497629479636 56.16571249066328 54.00760346992683 51.76503639580187 49.52542123547755 46.6499938349607 43.29662439908589 39.27784397364303 35.54475441077375 32.24438755435767 29.25493478994395 26.54289504706321 24.05820499786205 21.88994990531864 19.87513431911248 18.16137591663937 16.57787342265146 15.14940804504295 13.84098789519339 12.67946782696526 11.6235429056469 10.72787503377731 9.872535636848625 9.091392836504383 8.42952625889302 7.803814737155335 7.310935910489206 6.81573665965152 6.38093690083042 5.966422570303621 5.543220991341514 5.22959566485315 4.946926704837097 4.609403130278224 4.416176257873303 4.204488908893836 