# Created by Octave 3.8.2, Wed Jul 05 14:23:18 2017 BST <co1ssj@node117>
# name: result
# type: scalar struct
# ndims: 2
 1 1
# length: 3
# name: params
# type: scalar struct
# ndims: 2
 1 1
# length: 18
# name: cleanup
# type: scalar
0


# name: num_runs
# type: scalar
6


# name: dopamine
# type: scalar
0.7


# name: targetCross
# type: scalar
1


# name: targetLuminance
# type: scalar
0.3


# name: targetWidthX
# type: scalar
6


# name: targetWidthY
# type: scalar
2


# name: fixCross
# type: scalar
1


# name: fixLuminance
# type: scalar
0.2


# name: fixWidthX
# type: scalar
6


# name: fixWidthY
# type: scalar
2


# name: fixOn
# type: scalar
0


# name: targetOff
# type: scalar
1


# name: targetOn
# type: scalar
0.2


# name: fixOff
# type: scalar
0.2


# name: targetThetaX
# type: scalar
0


# name: targetThetaY
# type: scalar
-9


# name: exptnum
# type: scalar
0




# name: r_0_m9_G0_L0p3_D0p7_scsum
# type: matrix
# rows: 6
# columns: 600
 2.287035593566543 5.486906354832172 5.223818470993137 5.080927379167406 4.882569733228593 4.713980943834031 4.70324283370428 4.722710403359088 4.769454016255622 5.065081360069598 5.461638681321347 5.953109790643794 6.604120140778832 7.31554912084539 8.07943988376428 8.874035793996882 9.664373163730488 10.58445392343128 11.5651341921257 12.48124137073683 13.37397167526069 14.30503767021764 15.15448039297917 15.95057574017119 16.60868547084101 17.10485508776765 17.50348255284189 17.70606229962868 17.62994857951708 17.34766386808769 16.87059530231636 16.06688159471378 14.87967021178883 13.51359852581936 12.27348035408431 11.22398930036798 10.33674879164028 9.494508270297956 8.728175893204025 8.02889739319653 7.368233195957146 6.792474226247577 6.338364564686344 5.834829580941005 5.34345587505959 5.018677126034163 4.694288488124585 4.415059481230855 4.155372529866554 3.909068003667926 3.707013699000527 3.54212038769947 3.367014109864613 3.253895517053024 3.159044822078613 3.059074592223624 2.962489883102535 2.875846739802 2.748406154554687 2.630278708049445 2.588826787130529 2.592899686027522 2.508209539255404 2.520782231680641 2.526348361927376 2.523473513700083 2.446135128862807 2.408123904999229 2.416046818043469 2.338518710399512 2.334166380896932 2.313348310286528 2.304499843055964 2.298546971906035 2.250574017227336 2.310692948656651 2.359835827646748 2.297976809943066 2.300023571577185 2.339658166874869 2.393907112615125 2.328186268776335 2.280724759373697 2.29153885447522 2.278432099388738 2.310245799992117 2.313673768199806 2.312931116335676 2.280478834172754 2.278205333597725 2.320967560739518 2.268288410723471 2.23289094235588 2.272602638615353 2.279953951881907 2.285701728076674 2.257850699428673 2.269907920373953 2.261581877966819 2.280152445870044 2.251734442254019 2.281140860675805 2.330385364635731 2.335401540085513 2.303721240998129 2.314741437228804 2.269135905386065 2.273511363942816 2.267987777217058 2.249582395179459 2.237950098824513 2.2038022311026 2.298706415640481 2.297146368695394 2.314013639595942 2.337287397152977 2.298724517459959 2.263681786498637 2.26344748385236 2.229915545834956 2.233199715345108 2.214082900361973 2.202283886814257 2.223936692811549 2.239675193137373 2.231113027824904 2.237646492751992 2.245120239085736 2.29854193338906 2.238093058811501 2.224900002051072 2.249831835419172 2.279667068607523 2.245584598485948 2.274780226252915 2.293080464679406 2.321336406911541 2.278053233500032 2.326444401505796 2.337230817898671 2.286156425863737 2.309019815416832 2.289213608579303 2.352451435137482 2.352678099829063 2.327061071031494 2.311107011890272 2.279428410598484 2.259133026313066 2.377245874974506 2.35902983834967 2.371003168493189 2.322481598286686 2.280517816463544 2.306098940607626 2.358510420890525 2.371699273408012 2.342143983696587 2.273888886418717 2.246467084478354 2.23006362536762 2.245065268054532 2.228684356807207 2.21838765933353 2.169734708477336 2.21516363941555 2.200861974492 2.224836839786803 2.207510355176055 2.289506181143224 2.270290657303121 2.258288994282339 2.273906558439194 2.236830213925714 2.213446191371986 2.206283903196891 2.195979864700348 2.206387794698458 2.198630050118027 2.201988312634057 2.196163439122756 2.228731672554204 2.262852379490141 2.276281506563464 2.309798005790071 2.329673576226924 2.345603249399574 2.391221516505539 2.369422730822407 2.413432007102529 2.369709648177377 2.365979752699786 2.289316001348197 2.283795142662711 2.280511617438606 2.32339370880436 2.320030386312283 2.322520702608017 2.33494007146146 2.343207872647326 2.357827185729548 2.334053789345489 2.251570841717694 2.225019512159633 2.201951557006396 2.237375786939083 2.265077028721862 2.34031037832392 2.34215359249356 2.372763753017352 2.383133573501254 2.32600252849079 2.314347615239967 2.35250031740361 2.330268368954421 2.313449352914176 2.33796058993903 2.302128770352283 2.266966509296253 2.298593353167234 2.28584233708898 2.275337834442325 2.259039245771419 2.301017678961216 2.291748893694603 2.322073651281244 2.266878356320376 2.336745747103123 2.314620059471054 2.344588784064399 2.365103368632845 2.39573779868806 2.427853692701319 2.399408567831415 2.361750010306423 2.384533975415252 2.371105654066923 2.325585695813061 2.316639677155763 2.365368409748044 2.368836384535825 2.384864661682514 2.404912229609181 2.401493212724745 2.396051154877568 2.391645099095513 2.384933578468917 2.36684063487337 2.341816438012756 2.345632853583083 2.347643862281984 2.334093601577479 2.312081512205623 2.309355380870329 2.270937393725035 2.275746936407813 2.293712979386328 2.308307401100137 2.304414704150986 2.291546027205186 2.256780740803151 2.203995258474606 2.184505399178306 2.21220638462546 2.261834132808872 2.230188507577623 2.196592474156205 2.17563109452567 2.185406509644963 2.209705342014786 2.259804129200347 2.289312771412369 2.323382068105275 2.273169797386799 2.321902738261997 2.339121435630659 2.368826745958359 2.34840843436541 2.347922009685135 2.350795094163914 2.336654152051779 2.34862269547466 2.341333510117693 2.338401939661708 2.329708674275025 2.318406242613491 2.32801675211158 2.289232634671407 2.297770629273145 2.293116969885887 2.296845128512359 2.254744743928313 2.207483669808425 2.229979740128329 2.229043352481312 2.250379563210117 2.368531316449662 2.486915033216064 2.624395963277493 2.941610656109333 3.317620951209392 3.699703632748424 4.234525585688971 4.858915957833233 5.575948005796818 6.390855160705541 7.302411656957702 8.315802083619928 9.38541327159146 10.50087597941638 11.7414576871015 13.11404067870899 14.65522649023478 16.12444208756278 17.5539846826141 19.04104805838142 20.44386588769703 21.76635806243939 23.20296650350792 24.61005094389839 25.91533905186407 27.3086654441795 28.62004505806908 29.9439156526787 31.29388998330251 32.52446212744235 33.77987028114876 34.99748207545235 36.27099491126501 37.54316880449187 38.74065703366432 39.89151849874543 41.09279342216905 42.26654495116236 43.42455495784816 44.59934428975976 45.79951218907809 46.98915920563741 48.2366038423861 49.43470926625923 50.58752528439982 51.74049020076563 52.80666155543076 53.79809729753106 54.83059009197314 55.87600636536081 56.88858507160694 57.8649245753877 58.86289700415728 59.50105544254257 59.19802547179279 57.84579640866468 56.20396494805755 54.26229357227203 52.03153012408438 49.76831614922594 47.15830391823511 44.00695900175924 40.17708129971288 36.40328514680732 33.04673472497234 29.94615411375344 27.14914542340193 24.63949201272771 22.40619561466883 20.37196086542826 18.52529154566582 16.88674175080814 15.38866921277804 14.05994936919888 12.91938551003113 11.86306985189367 10.94172899101977 10.10093031852739 9.34365423908821 8.616043003894447 7.999937904765829 7.407386791434874 6.89400127589397 6.472154428807698 6.032618787008687 5.679709491945687 5.313137721434032 4.98097351826982 4.720562903945392 4.510829908718733 4.262282247611438 4.01162253239454 3.830033681930217 3.626598853499672 3.430364557465509 3.302072145430429 3.211371220560977 