# Created by Octave 3.8.2, Wed Jul 05 14:23:25 2017 BST <co1ssj@node117>
# name: result
# type: scalar struct
# ndims: 2
 1 1
# length: 3
# name: params
# type: scalar struct
# ndims: 2
 1 1
# length: 18
# name: cleanup
# type: scalar
0


# name: num_runs
# type: scalar
6


# name: dopamine
# type: scalar
0.7


# name: targetCross
# type: scalar
1


# name: targetLuminance
# type: scalar
0.3


# name: targetWidthX
# type: scalar
6


# name: targetWidthY
# type: scalar
2


# name: fixCross
# type: scalar
1


# name: fixLuminance
# type: scalar
0.2


# name: fixWidthX
# type: scalar
6


# name: fixWidthY
# type: scalar
2


# name: fixOn
# type: scalar
0


# name: targetOff
# type: scalar
1


# name: targetOn
# type: scalar
0.2


# name: fixOff
# type: scalar
0.2


# name: targetThetaX
# type: scalar
0


# name: targetThetaY
# type: scalar
-15


# name: exptnum
# type: scalar
0




# name: r_0_m15_G0_L0p3_D0p7_scsum
# type: matrix
# rows: 6
# columns: 600
 2.303726652120531 5.523271049612958 5.303969358054019 5.093446977598433 4.919763516445528 4.824353968026116 4.754317592415646 4.807660390055389 4.878928240592359 5.184738257861682 5.544538779533468 6.049805963157269 6.655105969901342 7.346234382108378 8.040906837162765 8.855436252946674 9.678619505299139 10.52960269615141 11.42823736997161 12.43834776023868 13.35199294539416 14.33754094431788 15.21710752343279 16.0248515026833 16.65127975808718 17.13637410962838 17.5033813093105 17.70686195499002 17.63705391746043 17.40006371269374 16.81672032301503 15.96494444596465 14.7832540559757 13.45843786295154 12.21345897751235 11.09079524182016 10.06452059277944 9.250344326654158 8.426733225525822 7.728666383256495 7.115165960200102 6.639449226855504 6.170449061657564 5.703121213344275 5.343193903507199 5.00815652943129 4.741218116723758 4.433517536977888 4.10619414030225 3.908874755848956 3.735905674249807 3.554491992414114 3.337129275751067 3.231948127839132 3.16571167076836 3.045698592512053 2.97313329292956 2.875131580452944 2.770909048402245 2.72941747342702 2.711490157416847 2.62143997255771 2.509270355374611 2.453577033389593 2.400942165499146 2.390011603245512 2.390627342982043 2.379278690583305 2.3368115910489 2.274241097493359 2.257637410308234 2.305805882737332 2.28273223189899 2.27957809282816 2.252508720728656 2.277648680774291 2.22025345678594 2.230264110628923 2.263941478933702 2.222947485883196 2.308155223538051 2.254184120778518 2.289853756752564 2.251220138827193 2.232302517826611 2.237952927955575 2.280026319915123 2.221095591281482 2.251352671986751 2.234069224687119 2.185913656678167 2.168076851059595 2.139345392843097 2.153104367900596 2.147822490416729 2.16903688984894 2.147614826477366 2.17264423398592 2.221495362748101 2.234633867192315 2.244585960608674 2.243049434007844 2.222936632553683 2.278887014690554 2.311242562922416 2.3240325762672 2.369041675796325 2.380858932512638 2.324274156428146 2.320796575630084 2.395965700765373 2.350594779039966 2.298683166678529 2.289833997252572 2.294463662587077 2.282839132163645 2.283141688603791 2.341662384136725 2.30911231549544 2.288522895985807 2.268220384197775 2.227233804645948 2.180497957368061 2.210362141951919 2.278971556686884 2.303240172957885 2.296707128982234 2.271953651223157 2.294521131298097 2.268395228791633 2.258578685439716 2.29199127535685 2.315113037549963 2.373222218502633 2.423288881778717 2.430365763135342 2.432943434090703 2.413039519997255 2.343213283653313 2.312076521124254 2.329154616531014 2.310183812576724 2.327396816122928 2.333245925765368 2.311784945424733 2.258577670036175 2.250951874404564 2.240192159704748 2.229096635299356 2.162540787739999 2.233014632452978 2.229160504532047 2.248217624146491 2.184786569298012 2.158875518704008 2.189904697719612 2.193776417108893 2.256653581389401 2.256867032268929 2.269344241256476 2.243270427592506 2.22076281023692 2.179901054307265 2.213268722684006 2.264458453695624 2.251576777405717 2.312908398456784 2.348126558521471 2.365378057853377 2.36003690868165 2.330759417896843 2.343184701374412 2.329851250869979 2.368080677159014 2.355341731519729 2.269537873737136 2.309501791569346 2.351479727603873 2.296563613776016 2.258838377070788 2.286429877149203 2.271917684236541 2.258883345064532 2.234652696071862 2.279734200921666 2.286179890343192 2.292307855088438 2.321130529660877 2.327270651207073 2.265061818339746 2.252793353698507 2.221198334391374 2.2201030195356 2.213372609629005 2.266954954713583 2.275482008753897 2.273209142211272 2.226738142933755 2.191749767933288 2.196630581489444 2.207148456429422 2.215553804693627 2.209691988740815 2.182154068857926 2.22374487802881 2.26974507405248 2.21380442822192 2.22899539496575 2.243942147819325 2.241815918874636 2.242724623720278 2.249251438679494 2.219519487058278 2.181205152486655 2.161368779656186 2.141399973494117 2.167287863805541 2.206894256356463 2.204414711377467 2.197308750723096 2.239035138407417 2.269892558837455 2.316959669267817 2.342870138469152 2.325191091364104 2.278021636258927 2.265843229984512 2.237914724089933 2.266002165481041 2.264667658317194 2.276202343036857 2.265501527272136 2.281700707644632 2.300805024628062 2.318927397005609 2.291821290751614 2.253629722510595 2.287242932274239 2.256793259310143 2.297827390633756 2.305292542259849 2.290318858715182 2.246024552176095 2.240028734566295 2.227825551195565 2.25364884922601 2.248908512439812 2.218115525314715 2.203291693644132 2.180097898890381 2.191562581290782 2.222901392568019 2.203666113575309 2.209162275754352 2.208956802242028 2.220430806191871 2.248095130107686 2.172738910776388 2.162378657380032 2.23460653424263 2.207643294557784 2.182955510990723 2.211554075012828 2.188946962414775 2.187822269028402 2.249230012715998 2.24215965465919 2.278046156417986 2.243174552750133 2.174255582227488 2.224873153289082 2.188649264948253 2.188144740597636 2.14232947214623 2.12295738132525 2.160465412103804 2.194946396137311 2.18325443064532 2.190804805210064 2.282129364866705 2.267692286346573 2.279173629649449 2.229619663172343 2.227835084828257 2.203614801335789 2.230711450603849 2.264635570609244 2.232940302679708 2.202439731612685 2.181018663130089 2.166033474117285 2.210779007307792 2.260573759602266 2.339156507001462 2.317080436583637 2.373594861252059 2.368875041844149 2.342994594229822 2.343782986943552 2.30867685064004 2.30315526387858 2.347297097767296 2.272933950780043 2.291206314868759 2.38174805473318 2.349240517862199 2.438869748293655 2.504834791499889 2.65012289758306 2.86357353164567 3.109689965694997 3.369387779654062 3.62631820749084 3.972129920053703 4.378210630744434 4.833094723137037 5.416208783810362 5.998968371499359 6.714230025878351 7.416009330234374 8.237503243261017 9.037268282030709 9.957876258500619 10.93659473548814 11.95038050976655 12.88892668080189 13.9360895189966 14.8948757852886 15.92001410008015 16.91227416111724 17.91249928326215 18.89110463816542 19.85285775880948 20.8403231516204 21.81042306655581 22.71377376864257 23.59628127192991 24.4926523995382 25.38960360832425 26.32999733270481 27.21001975048421 28.08381937301601 28.9974599934958 29.85861652481253 30.74997606496618 31.75586152791584 32.61728103494534 33.4679676578171 34.35591375221338 35.1775856497552 35.99435196927698 36.84912287883708 37.75058398760666 37.45379194790439 36.14313822551776 34.69377262863236 32.96131720754056 31.19207217203075 29.26997684467642 26.94603843110053 24.49411488718033 22.2964186279678 20.30323066729215 18.47351981906831 16.77726844816789 15.30300134520076 14.00511088694111 12.87559230888155 11.73074381951665 10.75263129219275 9.899298988133523 9.139999591214291 8.467462285145302 7.816682685988781 7.262625519582798 6.77792484694146 6.303178974652837 5.918205678424783 5.56312845652792 5.222853965504328 4.932387252423723 4.627823946160788 4.376489821836003 4.106306127290736 3.922875455598842 3.699897558752127 3.576182901375432 3.453679733827812 3.384584523769263 3.227977137365997 3.140967217645084 3.042786435503331 2.946255821672821 