# Created by Octave 3.8.2, Wed Jul 05 14:23:15 2017 BST <co1ssj@node117>
# name: result
# type: scalar struct
# ndims: 2
 1 1
# length: 3
# name: params
# type: scalar struct
# ndims: 2
 1 1
# length: 18
# name: cleanup
# type: scalar
0


# name: num_runs
# type: scalar
6


# name: dopamine
# type: scalar
0.7


# name: targetCross
# type: scalar
1


# name: targetLuminance
# type: scalar
0.3


# name: targetWidthX
# type: scalar
6


# name: targetWidthY
# type: scalar
2


# name: fixCross
# type: scalar
1


# name: fixLuminance
# type: scalar
0.2


# name: fixWidthX
# type: scalar
6


# name: fixWidthY
# type: scalar
2


# name: fixOn
# type: scalar
0


# name: targetOff
# type: scalar
1


# name: targetOn
# type: scalar
0.2


# name: fixOff
# type: scalar
0.2


# name: targetThetaX
# type: scalar
0


# name: targetThetaY
# type: scalar
-17


# name: exptnum
# type: scalar
0




# name: r_0_m17_G0_L0p3_D0p7_scsum
# type: matrix
# rows: 6
# columns: 600
 2.284173290936451 5.528625862978515 5.244647513100062 5.022666660766845 4.824692355876323 4.654487863546819 4.621793869944668 4.681828923277862 4.845565877752961 5.081365693775297 5.544998512650636 6.051204146133387 6.653070841537556 7.374763337089462 8.104234868187632 8.892211024278367 9.708775472594425 10.54659457016169 11.43782888885471 12.3145184004461 13.25652723789972 14.15607526279928 15.01557194202178 15.88560867140768 16.53985881080007 17.11244635718322 17.5796001703311 17.77582222103592 17.73083505809882 17.42085940568359 16.79862416800461 15.91380176688108 14.71580972837182 13.33026981769945 12.17080071799865 11.15384460285713 10.19724791689805 9.353712522875867 8.520656346881879 7.83846294461182 7.176929617788119 6.642429836068914 6.105229808043077 5.661172547901515 5.260297566088411 4.927709781681187 4.643759793327263 4.391377273475882 4.209952729739598 3.971164975282591 3.749356776941568 3.547442474697164 3.312850367150531 3.190158451494426 3.127735988115091 2.974489362004533 2.911702195280668 2.811708441375231 2.802070663361519 2.758660009218147 2.613953100555591 2.546311025655086 2.512833667734412 2.439813343855349 2.457544835928275 2.455578140659782 2.411934941861546 2.37720408666064 2.342062524519861 2.324878534382151 2.372105273054331 2.388068937034404 2.410122368622979 2.37717525781045 2.320298060656569 2.29334184493564 2.290648896301718 2.308662883569923 2.275861076483125 2.240868679804407 2.238748248553748 2.251981900688406 2.249759620608529 2.253411381698243 2.237222327109521 2.259531905350741 2.246580288576297 2.20382511439675 2.236407208813034 2.210643606160374 2.229697690298053 2.278102172535 2.268411659431877 2.209175488933397 2.226032412450877 2.21778993544649 2.246893235340394 2.244535472498683 2.263855640590918 2.290667335342732 2.295235471986416 2.257449429387634 2.24048025450611 2.284152062060457 2.228173139999853 2.256933464668691 2.263496679221134 2.267870037712783 2.30407695283975 2.240358905133689 2.260646855807863 2.181812963055563 2.283536303955771 2.300539594980364 2.237409471432329 2.236940169219451 2.256681528313493 2.255484090652317 2.251845129372668 2.253746107417101 2.211255615191476 2.180991779154283 2.189801516908119 2.174232073892199 2.184496053647308 2.197609439757798 2.265447902158485 2.248200868263666 2.248432295884413 2.202045958358212 2.196368101105691 2.200898214767221 2.219819801201083 2.246412315485941 2.276250105853251 2.251121028300986 2.280518162429871 2.274059846364253 2.307070254355494 2.283888323152496 2.255328375831596 2.285199980149628 2.321351269245497 2.291051394089664 2.322467976278858 2.306450471704011 2.27664584597369 2.268977550942509 2.235633871667233 2.274894144436985 2.283329225694615 2.279880178466556 2.251955727297172 2.271309271665814 2.223032243378839 2.255887116087251 2.292755806309287 2.291038347793801 2.290709321187023 2.297334651291749 2.267799989414925 2.314224896552332 2.30901559009726 2.333950463318615 2.290397244956694 2.212057662567531 2.21186701224542 2.205315585619246 2.192507779691368 2.139128718001302 2.186038834501232 2.249533009544393 2.202865347903753 2.242265415023212 2.235176078909717 2.183057051210199 2.161021329297 2.146096813885379 2.154816753001796 2.13862716431322 2.195770457619801 2.198341133735084 2.253055249384488 2.231868477909302 2.228760939156928 2.24942486971122 2.272069726805057 2.239395356697059 2.25160200852406 2.24634953876739 2.216732908113045 2.214592020347482 2.213907995072077 2.253601509997679 2.251823447120842 2.203891044060583 2.237889788506436 2.265752609098854 2.246673589856073 2.2666190684713 2.325891856071394 2.322755216252517 2.289526507436676 2.297080926491617 2.282837006066984 2.351813539229624 2.384829086229729 2.352701220857853 2.349621718192793 2.380028637671785 2.404463729712006 2.382470372975149 2.356720001549547 2.329011131390871 2.366130245020031 2.399354820154258 2.426626287267936 2.410425837544608 2.381076045421651 2.369776095609268 2.304356829667086 2.29008497689756 2.275256764914957 2.266864012046426 2.274262427628855 2.238373136944574 2.280850796720188 2.274543396120862 2.267558077655849 2.277945804049523 2.246669974538236 2.277742379803385 2.263910782057792 2.290125499421265 2.279789887783409 2.304212309340073 2.321689768177748 2.327004177790513 2.300835358748373 2.331937120512521 2.380854204269781 2.379836854892346 2.357189483507682 2.374258738807839 2.344492141797673 2.369609351544568 2.315266768469883 2.318641479703729 2.296305099347592 2.276578254015476 2.3093470824424 2.275580055054888 2.281825888589083 2.269945162603108 2.289896111709822 2.321314165463264 2.355760058497253 2.325209180024103 2.305373055911332 2.290451170341839 2.291265949264925 2.281380304957565 2.275338518767967 2.32669292022365 2.280772825506574 2.286781164362765 2.252806788124872 2.299647535943222 2.346535010268781 2.270812004248 2.232927357301378 2.286048945403309 2.29591818546578 2.35921429138034 2.386778023115767 2.365765508875484 2.386373305460438 2.346090084557545 2.301704607245483 2.265675155642384 2.221925528756401 2.253447048711678 2.305997855450187 2.336535326649027 2.355597416470118 2.316710088660329 2.36216056442936 2.37824314552563 2.367105275705399 2.398430447508872 2.443345098679856 2.461757764223876 2.428516337800829 2.415623751403473 2.419877125001221 2.435627906972513 2.470029735692151 2.434743389529103 2.443866289104335 2.415289798052981 2.390465330077859 2.361179460942367 2.383220093672207 2.36806692630671 2.347805769612023 2.311569958103064 2.332624395099629 2.336979765401338 2.379601144259141 2.451192106920644 2.597830310050995 2.72505711895792 2.858451820840855 3.085106654479205 3.309250048154354 3.529720996775723 3.836140291899937 4.261870207827087 4.685056034111767 5.174920154197025 5.718281627327087 6.327517867495771 6.941835539306339 7.633774273181189 8.383061225791607 9.120177677756146 10.01079778239364 10.93252002131339 11.83486316162271 12.82015319513448 13.78137711744057 14.71581034356495 15.63554208827554 16.54225919125383 17.51163580684079 18.49311040265093 19.45508355602942 20.31397021031444 21.19018905139274 22.12934263307397 23.03847396318815 23.94933704540563 24.86022719486209 25.74207182777718 26.55004372524127 27.35313062298155 28.13069651713886 29.00690332790691 29.88074277966371 30.81428335864985 31.59094526667286 32.47238823766384 33.31920999006616 34.24952334413956 35.12705593368446 34.75238173002072 33.36100660845841 31.73815468174143 30.20036379848898 28.49502855589526 26.51900038487292 24.26027576705019 22.06770550413785 20.10100710416737 18.33249086784417 16.68549537406943 15.25919653418532 13.95298538060888 12.75237382788691 11.68810366211255 10.76111584936007 9.859659984322207 9.166561853689927 8.509020677583976 7.848071769292801 7.231339961130288 6.747508070990079 6.303987143037375 5.881001262445352 5.521318531842553 5.165672620310943 4.826153335834533 4.619036573334597 4.331450268924527 4.070513783534352 3.866102277990649 3.706695514178136 3.539703613038 3.46767617138903 3.372669106858666 3.207593688835914 3.133353464403626 3.055894401228215 