# Created by Octave 3.8.2, Wed Jul 05 14:23:20 2017 BST <co1ssj@node117>
# name: result
# type: scalar struct
# ndims: 2
 1 1
# length: 3
# name: params
# type: scalar struct
# ndims: 2
 1 1
# length: 18
# name: cleanup
# type: scalar
0


# name: num_runs
# type: scalar
6


# name: dopamine
# type: scalar
0.7


# name: targetCross
# type: scalar
1


# name: targetLuminance
# type: scalar
0.3


# name: targetWidthX
# type: scalar
6


# name: targetWidthY
# type: scalar
2


# name: fixCross
# type: scalar
1


# name: fixLuminance
# type: scalar
0.2


# name: fixWidthX
# type: scalar
6


# name: fixWidthY
# type: scalar
2


# name: fixOn
# type: scalar
0


# name: targetOff
# type: scalar
1


# name: targetOn
# type: scalar
0.2


# name: fixOff
# type: scalar
0.2


# name: targetThetaX
# type: scalar
0


# name: targetThetaY
# type: scalar
-13


# name: exptnum
# type: scalar
0




# name: r_0_m13_G0_L0p3_D0p7_scsum
# type: matrix
# rows: 6
# columns: 600
 2.366027086645772 5.522074048785726 5.194303078853409 4.982558214222081 4.783268454579229 4.632764234185743 4.562346387923753 4.610471762887755 4.762936644074216 5.018443420098265 5.449456118662056 6.016678537089319 6.580010638965177 7.332397421712813 8.17322712132227 8.915241476057417 9.741306767980859 10.56529471695831 11.50367273262964 12.38535845835577 13.3577711929247 14.29802315880806 15.1574999410368 15.92083529167576 16.55271567164891 17.10784166956728 17.4585298015736 17.6775653811037 17.62463583457429 17.34296519389318 16.73888561477361 15.89938962533779 14.72823641452123 13.34076345398898 12.1540836286149 11.06780843495017 10.05687828578084 9.141355779203877 8.427397790069335 7.753194126245944 7.141670750381309 6.563134280786471 6.065050237732066 5.634593229271559 5.328062447530101 4.96963929402591 4.668705590840545 4.370625187228143 4.101756489020772 3.908567492864677 3.673352394886933 3.557114017639833 3.388087661636746 3.271316944750652 3.128987906775365 3.003972680726292 2.949040020677785 2.775729937990945 2.687197356732213 2.627479053386196 2.541124064351607 2.583433541363775 2.580653877386794 2.611656983368448 2.609398511176551 2.508492351400491 2.565135628912685 2.568967587700172 2.52295117531321 2.475810310996167 2.504101648876258 2.381135064948467 2.394912332099921 2.41966639304519 2.401818426908449 2.391692100663931 2.405893143393769 2.337357145072019 2.284296204248676 2.212986579091194 2.170691659175645 2.221442884838325 2.233094889685162 2.233154455094336 2.223086111400335 2.227019654605101 2.254749572890432 2.200057996706164 2.276420425296237 2.312477779425535 2.356543245849025 2.35170366037346 2.340844589294647 2.363724653623649 2.315829096343805 2.256450594522903 2.270376879154355 2.28003173709385 2.305149206997157 2.326213562853809 2.32484062511503 2.322186517656519 2.291822759547358 2.287578140909318 2.335595398250007 2.355586575635243 2.396781911109429 2.411771322577806 2.422315783151134 2.373023642718181 2.371821461441868 2.366197423158155 2.353627866927127 2.425017770627164 2.367992992061772 2.346675734421297 2.299935138755245 2.310523534011736 2.307454855294054 2.307525077216269 2.372487866970914 2.328891851362641 2.382051696273265 2.404358447884078 2.40633517351489 2.369275359971653 2.338585991077707 2.38145068047379 2.394656322559968 2.405056196148507 2.351921692112228 2.370100522257417 2.309309450021829 2.288062468132921 2.289200121966132 2.273307213847147 2.267407561732398 2.221276454100007 2.223908903419215 2.273386594923068 2.302109709118668 2.286387398449733 2.243731499918795 2.230579121162009 2.233452529413626 2.240274468278585 2.251417939545718 2.224138245288486 2.275715279238284 2.190618762515442 2.233171895386477 2.22812307858112 2.273314436912187 2.263297631299793 2.265252525248798 2.236369417067181 2.249020577524789 2.291275485858932 2.225142834191502 2.242855218220939 2.277449589561002 2.334792887340882 2.268882477135776 2.207613787169976 2.221424486036994 2.253936824507036 2.288212544724956 2.30609910468047 2.23966448894862 2.249292041047738 2.234035408811906 2.262183085720608 2.301264685083879 2.3527563631269 2.336960770041514 2.305047054680472 2.362213464719389 2.35907204549585 2.366334371577977 2.366177528281696 2.335871402501652 2.344700947902311 2.394231773807405 2.430796525870392 2.424113849148853 2.413318428349157 2.370692565935315 2.318194196297554 2.405336457861267 2.375557472507353 2.323885634221369 2.344169020048867 2.307248852450357 2.357375916690216 2.34907819621003 2.331391706375143 2.34131372446609 2.294583766579308 2.28017485476812 2.292642649896152 2.302861758787913 2.307225707008911 2.274731296340178 2.301004696189921 2.284971531335032 2.245852755801025 2.276025619750726 2.260424970225358 2.291759051289773 2.27373612516385 2.273609865504113 2.267188762898513 2.340189482940332 2.366372989172305 2.43685280056161 2.447282283512322 2.398163442194345 2.412636017608747 2.397210221795831 2.369471183294081 2.354714677745505 2.339371375273913 2.330640449381463 2.304599178683929 2.250350649876054 2.26246116074617 2.326644391418085 2.381250891477976 2.338534882343083 2.399049407606071 2.378565863327822 2.377076981887512 2.370612033218094 2.372096429731755 2.30818329439353 2.335355731178424 2.333418411952152 2.273622191598406 2.27052391320467 2.2751854161761 2.288839934441057 2.269625637811259 2.190654606683893 2.173346329876949 2.203304512022441 2.165594689562568 2.174783760397986 2.210672521203378 2.202409225030351 2.222211956450337 2.226170305089909 2.268004803983786 2.277940333828155 2.284924276398669 2.310787339254603 2.308626781137718 2.353923277136346 2.388430583681838 2.349372222091006 2.347144502778974 2.341456929523702 2.362816271164775 2.328097353087287 2.234300732852716 2.237516412475088 2.274338247880223 2.287014275221736 2.315120651634061 2.329199740190234 2.359083665625803 2.343524982490635 2.378065561992116 2.386615611365414 2.375005397127097 2.359841469919047 2.357512052090897 2.334485727238643 2.382221463907626 2.367220428772271 2.26680369238602 2.241291815902514 2.221998520577472 2.186295314044401 2.22579315736948 2.212621643676357 2.236882826829969 2.232803263324058 2.265483305167436 2.279383137945842 2.244948578743788 2.283423626217882 2.281983609398594 2.303064687381266 2.324084019048314 2.269174774439307 2.254845678609854 2.260042586578493 2.273158977310231 2.271276996965753 2.22372047627141 2.233582848937658 2.292919236864691 2.301657430340128 2.269870773609 2.225710627855733 2.262086277765775 2.231344448431628 2.245047957921088 2.369830480245582 2.564678451832151 2.788931042810873 3.03881028142132 3.32302643640287 3.62246074648283 4.076733328831324 4.548995983919667 5.093562161739101 5.647234793410462 6.230443040356477 6.967765667443018 7.68367172332546 8.435862498550705 9.252731320008024 10.1861295967974 11.19529928227166 12.24958106461781 13.31893669488636 14.41015148102451 15.57611323334822 16.58966452112145 17.63121074646187 18.65474265394914 19.58860254241881 20.56711101125256 21.52852390187036 22.48002212314168 23.46250469958613 24.55126623804972 25.62717784945562 26.61652631647303 27.65412941548857 28.58205407298919 29.53561568693112 30.39765830269607 31.27398799962975 32.11297110720261 32.95425806712956 33.77436702171599 34.58105792583956 35.41319162800937 36.30872550886852 37.14790361514315 38.05920889829576 38.96029500624718 39.92866731865934 40.85985430265646 40.88614662041073 39.65591944794505 38.06553875653481 36.5384338965705 34.97763741444942 33.12232892246539 30.89922753874271 28.40714017311984 25.81753901657794 23.45611476181148 21.32534603553358 19.37438296075197 17.64527647383875 16.11658372140573 14.69601279106973 13.43243000212533 12.29719636533991 11.26892709364074 10.43979602677837 9.597954921326163 8.880200729709031 8.279545202814916 7.567266926373122 7.015096976407222 6.552363577506185 6.105851434025681 5.766696764276276 5.378700342029333 5.080944517583703 4.781271629744879 4.531477221848036 4.292876124422037 3.974515888890892 3.846676172854131 3.707263169781072 3.4866678295366 3.367133833446132 