# Created by Octave 3.8.2, Wed Jul 05 14:23:20 2017 BST <co1ssj@node117>
# name: result
# type: scalar struct
# ndims: 2
 1 1
# length: 3
# name: params
# type: scalar struct
# ndims: 2
 1 1
# length: 18
# name: cleanup
# type: scalar
0


# name: num_runs
# type: scalar
6


# name: dopamine
# type: scalar
0.7


# name: targetCross
# type: scalar
1


# name: targetLuminance
# type: scalar
0.3


# name: targetWidthX
# type: scalar
6


# name: targetWidthY
# type: scalar
2


# name: fixCross
# type: scalar
1


# name: fixLuminance
# type: scalar
0.2


# name: fixWidthX
# type: scalar
6


# name: fixWidthY
# type: scalar
2


# name: fixOn
# type: scalar
0


# name: targetOff
# type: scalar
1


# name: targetOn
# type: scalar
0.2


# name: fixOff
# type: scalar
0.2


# name: targetThetaX
# type: scalar
0


# name: targetThetaY
# type: scalar
-8


# name: exptnum
# type: scalar
0




# name: r_0_m8_G0_L0p3_D0p7_scsum
# type: matrix
# rows: 6
# columns: 600
 2.249794034534716 5.461700673557061 5.248793193222809 5.003238286146825 4.779966372143463 4.656508919730186 4.551818524039845 4.578400213318673 4.7607067431818 5.079744816172024 5.444848580467806 5.923743402629043 6.584294467946165 7.2553175597277 8.08075897155868 8.891822653749841 9.814526573627518 10.67137131889467 11.56037193516386 12.44027789783649 13.36687120324495 14.31997435392987 15.14612529275473 15.97479442827171 16.67601845776517 17.2108881670174 17.47777702323583 17.64451474193265 17.53651758705382 17.25779416100704 16.69744152692147 15.86096130332953 14.68337633066403 13.34914883649617 12.11115714126208 11.0061608442993 10.07837767481396 9.25977475691252 8.538643161278742 7.809713695474784 7.17500190703322 6.606956313589762 6.1069905937984 5.64908696639759 5.205534561049717 4.866257499445055 4.533859501843835 4.258415917749517 3.980414070199913 3.779520228170441 3.645738868068293 3.460535215235723 3.331088467566587 3.208996149326595 3.098195662321814 3.016149456918356 2.936587121403136 2.842991122226522 2.778200834989548 2.745649529351795 2.673976767717249 2.694999333631131 2.600193586440582 2.544516689042212 2.503009503019712 2.452192743920023 2.375650134090392 2.310184496585862 2.289081212751626 2.330859168556344 2.346156796105788 2.353088484425825 2.394963345006545 2.401518541311816 2.397525216161739 2.39209841434058 2.354041450795194 2.385840810115042 2.36156965324335 2.401139561661694 2.450154511738219 2.489833761152113 2.43984679444111 2.428343639061495 2.411350080637931 2.360323708566284 2.373319152018667 2.393748536087514 2.398926146503072 2.362205398978404 2.439460106514161 2.469035444060864 2.452039761923515 2.378487913369099 2.342059452825197 2.345894857349776 2.348498877920065 2.355201124199084 2.360170959396783 2.362793618311116 2.310675346263452 2.3751591605469 2.389065275412577 2.361530818443498 2.367412853916903 2.342630728344375 2.334885060477973 2.302881329902448 2.251729569423333 2.227330158457335 2.254574299426167 2.236230012630585 2.263626141448185 2.268584346231364 2.266566514931583 2.279649626831997 2.270134913429501 2.27798374411941 2.274833971614498 2.311624537509488 2.360750044812448 2.302504500246869 2.274235845601652 2.269339364691405 2.303089245462616 2.261655715785309 2.262347608224445 2.277945869143878 2.327425226445484 2.306381356353086 2.302049670495762 2.351833412954875 2.359848004980449 2.296229420400778 2.292118963505345 2.249745032233477 2.27027190197623 2.256880837860081 2.287968186299622 2.308232437528204 2.305826097526733 2.339905575390731 2.354408381066605 2.274722948892304 2.245009927071806 2.254663089057431 2.279564718688562 2.271121469813806 2.319774815478013 2.263201194240537 2.20631279088775 2.21038844416762 2.244733295141486 2.205983668238332 2.213115682559874 2.197385817540635 2.236599106210633 2.231741899580811 2.223830488896056 2.251404845366778 2.25479716805421 2.265918609165965 2.21842137913336 2.216564147733152 2.247169525900972 2.23231648798901 2.24656846171365 2.25223936461407 2.248932425816747 2.285495460615493 2.298529275831243 2.238250065454849 2.227981104132596 2.224919607924676 2.240870384532172 2.236114767696563 2.218326242640615 2.187190250475396 2.172849213606241 2.18011228472642 2.222696293109038 2.234551478202775 2.212797396445239 2.136249304130615 2.112281091620389 2.145850366821833 2.157341366666515 2.163458721759525 2.190274468957796 2.151855198768317 2.21695615581848 2.222374619195762 2.212554370253201 2.236755636506132 2.286596892525267 2.287003737590567 2.343598804849535 2.349651766669012 2.351491586345219 2.36175453578835 2.386468387376226 2.359127888335024 2.368567448288559 2.349619342399819 2.407448769487019 2.367598653629102 2.359738582395948 2.332123658998171 2.333281208047993 2.383368362729016 2.415326236448891 2.426909988949774 2.436432364174834 2.433145994877123 2.451136588108056 2.454249591646658 2.494773791601801 2.461737651341537 2.397357321884556 2.395159357682132 2.352399022140162 2.420110981356629 2.393650432102731 2.391708305449356 2.463113102681746 2.403246898536963 2.388502711990441 2.380252731200017 2.363348349768785 2.383164830665919 2.412111196761543 2.359636270994088 2.359121633940958 2.352273667602276 2.36842506184621 2.404490558627003 2.452626963012335 2.381925563393452 2.367694983087858 2.372077030129731 2.345658052479848 2.394042414482101 2.397222412779229 2.341521890126387 2.314647173676349 2.348929738080187 2.307859365224431 2.341318318929552 2.330921231674438 2.320550071555772 2.298042627724499 2.26053391012465 2.24318965569546 2.255987483507852 2.276863977733228 2.254587292627548 2.24863192068733 2.156113267679757 2.172155466920231 2.192346988624195 2.175541232089017 2.194940672772645 2.20879631882417 2.178762028244819 2.199662358691057 2.244950847489235 2.229038837831467 2.186592650141392 2.201720895340259 2.256145715706225 2.275401840692211 2.283490640329546 2.272798850746767 2.242258392674557 2.270505768057774 2.289985516697925 2.344713012069406 2.362025828828337 2.279813551911502 2.271567687143033 2.202419273096893 2.250244323517109 2.270818526845687 2.241401254475932 2.276330346299801 2.315924191945669 2.311679779493716 2.23437953861503 2.243966101887054 2.289774705540367 2.304902005664189 2.348720022484486 2.338163416381576 2.365697163339064 2.30887993462602 2.345368363043235 2.320753848624008 2.442710422983509 2.689019051285868 2.915454974019667 3.169471422275819 3.566212116695169 4.001872527049272 4.593698840224533 5.223350498934451 6.054077351313026 6.864654633856844 7.871241331458805 8.982493125713518 10.14000020589629 11.38910268440668 12.81132289228117 14.22948244224972 15.68253305992403 17.30739168979926 18.73947983366452 20.22019749048195 21.58778648866428 22.94012976091472 24.29227538438136 25.83323077998648 27.29309862978334 28.71114807684535 30.1705463079561 31.56920686488957 32.80862836247979 33.93229051082017 35.12360931737385 36.31255195061021 37.55225796163359 38.84719965786644 40.16693979323099 41.38016427386901 42.68603510236426 43.88996554734695 45.14528467632044 46.4033632792125 47.64229628105022 48.79205062624533 49.94495667799856 51.04454353041001 52.0640589224422 53.10054470950854 54.14340200911101 55.21987135652307 56.31194482877254 57.41573924145632 58.45384952776658 59.42106732928733 60.36614306891715 61.25495130419949 62.17723988686339 62.46135621422945 61.81482021643751 60.36874544201055 58.55616691464911 56.66140994333728 54.66333573437441 52.08535291472799 49.27435274546588 46.07642472133011 42.12230011650172 38.14630848706292 34.54186497230012 31.28360437699666 28.36840621775264 25.84952875128511 23.42498364656058 21.34419257444461 19.4266614969456 17.67691861733329 16.13069117815394 14.77865999190544 13.56005181240471 12.41256452724338 11.4019566112911 10.51524759358881 9.66543900558554 8.963548677325889 8.273511689912993 7.720941308427427 7.143179151280492 6.660969918397313 6.279675865554964 5.85536881358712 5.44167655918136 5.074218873325663 4.774356419882679 4.522922696485693 4.319314879772719 4.064467799686099 3.833997981815628 3.624965697004882 