# Created by Octave 3.8.2, Wed Jul 05 14:23:20 2017 BST <co1ssj@node117>
# name: result
# type: scalar struct
# ndims: 2
 1 1
# length: 3
# name: params
# type: scalar struct
# ndims: 2
 1 1
# length: 18
# name: cleanup
# type: scalar
0


# name: num_runs
# type: scalar
6


# name: dopamine
# type: scalar
0.7


# name: targetCross
# type: scalar
1


# name: targetLuminance
# type: scalar
0.3


# name: targetWidthX
# type: scalar
6


# name: targetWidthY
# type: scalar
2


# name: fixCross
# type: scalar
1


# name: fixLuminance
# type: scalar
0.2


# name: fixWidthX
# type: scalar
6


# name: fixWidthY
# type: scalar
2


# name: fixOn
# type: scalar
0


# name: targetOff
# type: scalar
1


# name: targetOn
# type: scalar
0.2


# name: fixOff
# type: scalar
0.2


# name: targetThetaX
# type: scalar
0


# name: targetThetaY
# type: scalar
-14


# name: exptnum
# type: scalar
0




# name: r_0_m14_G0_L0p3_D0p7_scsum
# type: matrix
# rows: 6
# columns: 600
 2.293232311676547 5.510771547822515 5.243444589810679 5.021018737681516 4.835788530675927 4.670247710702824 4.614742246143578 4.644418958334427 4.726635895727668 5.012255053723493 5.427766304412216 5.957668905095488 6.573736204119996 7.352224372356432 8.110523150113295 8.941526793889352 9.827589048134541 10.71295824339177 11.63231014320627 12.54988624589896 13.44499998321407 14.3841420521785 15.2333077222429 16.0921743353174 16.66081932322777 17.22778421506882 17.54850345558953 17.69542022483074 17.59550181177474 17.3578592069498 16.70631145513471 15.83765908881105 14.67932059313171 13.36622075691412 12.10639547285973 11.10998182465846 10.18668852945848 9.304519410809007 8.549424548487877 7.836500013090699 7.132010599736532 6.515894085390755 6.017938607845281 5.584465583429846 5.147477395701571 4.824002819506859 4.534849630741519 4.27987056922575 4.003908507209417 3.829332648048876 3.612536740816722 3.445504904222616 3.299221109609789 3.151226676982333 3.011909106964595 2.924899587054824 2.845612331853772 2.713107040704926 2.648398932971759 2.583475421000912 2.52110299551714 2.526272467686795 2.527134436277265 2.528715970262056 2.503141265900922 2.466769884995301 2.424050363593778 2.405542843880539 2.314411263812872 2.29656427828013 2.330033999081934 2.264476845921308 2.280005909120518 2.312808884715196 2.308544029157929 2.326926271322009 2.36661694988652 2.350282506064104 2.364253512088908 2.271712907044275 2.292566157280817 2.328956432258565 2.254319765614127 2.22295776498504 2.27478629556208 2.246763089337037 2.244159440214389 2.246187017968623 2.299262089360127 2.233030588849942 2.270175284758807 2.336846295089344 2.411690427001304 2.383436551848717 2.413186711459275 2.400459906944889 2.407423055054096 2.348241471780057 2.412579794843623 2.44813144919317 2.448471487499774 2.456360611678974 2.455105010976695 2.417629617826606 2.444918248995236 2.489401295337302 2.431544581908383 2.488080790550157 2.439931361263007 2.395053132808243 2.334602713985078 2.312967372992716 2.287494520489417 2.28127360903818 2.313647157363448 2.348344488422299 2.36798154965436 2.317431126257361 2.338370837045659 2.269403191432502 2.216220367514325 2.262669355279286 2.244530984940866 2.245868009980768 2.236104170355247 2.211610301732435 2.285573485492932 2.285625149794214 2.266885517750779 2.223905699574971 2.21599859840353 2.267141649648693 2.319771933592165 2.364870259018062 2.393373468239588 2.357782864368346 2.326311739416269 2.355367384356214 2.356363429316843 2.35062276966346 2.347711293932662 2.312120589191181 2.295314503815462 2.295422721294017 2.257696435706748 2.256429718765503 2.291514320499118 2.254195093017188 2.255175363850867 2.253935272809031 2.230578144379251 2.201083395269961 2.181218965550215 2.252746563357505 2.279148312369216 2.303932494258333 2.372873434534995 2.366312606136489 2.264841516872366 2.220004425435036 2.185872233756527 2.206523249231395 2.260119610393303 2.291027930146811 2.289363278498058 2.344610370364535 2.369710827144445 2.321087386793806 2.252236566795546 2.305246160387469 2.322806347292499 2.380436655423182 2.328299322172825 2.349892333717435 2.397733457541108 2.408983605808316 2.39916471696597 2.370971701297094 2.379208740538161 2.362644163244113 2.361103479999656 2.335759645658072 2.314089784616954 2.307900027473806 2.350114106242472 2.426891747627451 2.378428372612689 2.387578600289999 2.348175198487297 2.360921223582409 2.331758006686869 2.39584302572257 2.289920165443618 2.351375616090081 2.370085993847169 2.345088972550002 2.29598214242651 2.269194974709535 2.247027607023483 2.252051650873909 2.205627552968508 2.191731988044921 2.176591693758382 2.170261092654982 2.270586396036379 2.241464825467119 2.26179725293332 2.254575445025694 2.250285488160443 2.275714797018736 2.265832403707464 2.300991949756281 2.283155118158902 2.295153388018662 2.283690531909087 2.284689082578552 2.296586298318289 2.294370914682077 2.330278777182684 2.335937870684575 2.386852946583531 2.359705753900926 2.350008163364691 2.338224075265316 2.316647056213696 2.317827357404894 2.325477143316675 2.334991679894301 2.290919269486039 2.287952240047161 2.263041119116679 2.267538807322126 2.321343978219375 2.254419313349445 2.195003386565077 2.207454919160227 2.25551955778792 2.261738457200408 2.258711158403457 2.253509756750645 2.242579459165427 2.218052360418369 2.233491413913725 2.257926284158202 2.272816783639428 2.244998836291416 2.220460733064101 2.262570819089888 2.236572898550548 2.22722051844903 2.24778125622106 2.261114207392893 2.295333851901887 2.237435705438656 2.302734345474164 2.259713559362353 2.309449747262988 2.301619617144752 2.293921152304392 2.244961986098133 2.245766667525459 2.274889121457818 2.334718960328246 2.27667347980605 2.261471314673145 2.29721160646659 2.316720361282933 2.365174056241813 2.348129760189295 2.396240485442831 2.346850748269389 2.308085100823519 2.282511917175725 2.259830977731326 2.30285985655064 2.338924518804561 2.338771995113348 2.311000524423434 2.292177588657069 2.331557883262576 2.340349263075041 2.309037901839474 2.327133264450822 2.312436636936582 2.349332961381151 2.35484404865565 2.305576351631316 2.245648015181359 2.246772785096255 2.254605818199707 2.281702374206361 2.301971661909192 2.296199740711018 2.316465747771872 2.315807312777906 2.299201916946913 2.331496206898009 2.310275295225438 2.367634678379545 2.354453819079936 2.378279281856521 2.32925678313768 2.320786395608593 2.344129707424145 2.328138800237866 2.27895627781254 2.301751860915829 2.345052451320953 2.435952035204537 2.572829045515391 2.801749227178789 2.953588307973405 3.249147527969399 3.567008179692493 4.000683200552885 4.436290851248486 4.961611591099427 5.42622073091843 6.079980350805272 6.749472728610272 7.444508146916633 8.238952628722473 9.132701245380304 10.01260790995366 10.96293583897568 11.90534975706487 12.93685288534834 13.96526560139682 14.96395991114332 15.99088701599612 16.94705770663131 17.91680715151597 18.90444807290987 19.78698874047404 20.71002307071103 21.61307302978094 22.52239409871618 23.40337666757114 24.34063921356937 25.24382464710652 26.19439207034156 27.06386351798574 27.96383469149441 28.88638923962753 29.80320238148488 30.74581051179121 31.59657328647882 32.39810055352427 33.1866673051245 34.03341426463521 34.9573012911851 35.86044228699757 36.74946758785518 37.62468919838648 38.48964541130408 38.21507521168678 36.76842624512574 35.28971443975752 33.84249688197087 32.07700383024348 30.08779370636876 27.82405699181618 25.25041682324809 22.97126700176887 20.9442658542921 19.08920934492926 17.40945077237484 15.85690671903285 14.46472312994956 13.2710346372769 12.14266221938306 11.13751170335308 10.24018473515753 9.497359395125386 8.868017215976579 8.133859171299264 7.493013278472063 6.972477312687261 6.554361399001209 6.171444047342447 5.796516506692569 5.419669286548014 5.073285629450766 4.809045058143965 4.578350173129365 4.30388863216649 4.093403909057088 3.908005735371262 3.73959582851603 3.602550662704743 3.514163045776513 3.369370283751778 