# Created by Octave 3.8.2, Wed Jul 05 11:44:33 2017 BST <co1ssj@node117>
# name: result
# type: scalar struct
# ndims: 2
 1 1
# length: 3
# name: params
# type: scalar struct
# ndims: 2
 1 1
# length: 18
# name: cleanup
# type: scalar
0


# name: num_runs
# type: scalar
6


# name: dopamine
# type: scalar
0.7


# name: targetCross
# type: scalar
1


# name: targetLuminance
# type: scalar
0.3


# name: targetWidthX
# type: scalar
6


# name: targetWidthY
# type: scalar
2


# name: fixCross
# type: scalar
1


# name: fixLuminance
# type: scalar
0.2


# name: fixWidthX
# type: scalar
6


# name: fixWidthY
# type: scalar
2


# name: fixOn
# type: scalar
0


# name: targetOff
# type: scalar
1


# name: targetOn
# type: scalar
0.2


# name: fixOff
# type: scalar
0.2


# name: targetThetaX
# type: scalar
0


# name: targetThetaY
# type: scalar
-7


# name: exptnum
# type: scalar
0




# name: r_0_m7_G0_L0p3_D0p7_scsum
# type: matrix
# rows: 6
# columns: 600
 2.322418022784404 5.339671768440894 5.138727638703131 4.951824478193885 4.728591089100519 4.724619945183804 4.725272117895656 4.973452578382421 5.34577386714227 5.945081503887195 6.899919801886426 7.960403569930349 9.205353494304291 10.61889071916812 12.15386115538422 13.65660702157038 15.33575419313274 17.01635078583786 18.67955582403374 20.39971844290994 21.96500073893731 23.44160469660665 24.70232619332819 25.79829192500256 26.77845220859308 27.43506189759319 27.73446321628944 27.7642832614074 27.39254561616872 26.64319591675303 25.46950560160622 23.76153788025113 21.56821290042717 19.60144607966504 17.72717767886206 16.09346216699669 14.65556091656617 13.30535031897853 12.14815833962348 11.13783694780068 10.15696824702536 9.329361640335264 8.575788630689203 7.825389746496512 7.221537944960801 6.620797184550611 6.182756774647714 5.696467077454145 5.236410401590547 4.868014763862448 4.529072865654598 4.218847814423498 3.998495373691185 3.780545500245353 3.571317820591503 3.479078859494621 3.352035856327348 3.241884927279898 3.12898959483573 3.06447298042076 2.977571148124298 2.886401523108361 2.812418963472737 2.779626203076987 2.716555338731268 2.674638269803836 2.657905899039179 2.561019953627692 2.572020419844193 2.577191365293402 2.52932289504588 2.473106972087407 2.436256058426807 2.426939739374575 2.396666017270036 2.402712847557268 2.377876621561882 2.364248680396486 2.35800746105997 2.377652860312082 2.375751405654228 2.348893288352883 2.31336699780968 2.245724574615451 2.284356277956249 2.248845001180598 2.273564175818137 2.310585505969357 2.28787096603628 2.273819886650017 2.257012793288595 2.300032416892464 2.263416992842394 2.300590409344295 2.339229046974651 2.336653936246876 2.294686398185149 2.268211471666291 2.292699977988377 2.249356976706622 2.278666088015598 2.306449474886904 2.23711893473228 2.253737526487384 2.218816705390054 2.275410330978048 2.307558883800084 2.322317975915212 2.315404636865424 2.320384858685429 2.259612711666705 2.224631052798941 2.263227528848802 2.241860460875614 2.237636048215791 2.273501284567828 2.315207144420128 2.315007347126084 2.359858057061501 2.40615063860605 2.369140739712748 2.365044743783073 2.34441122039425 2.273939182636241 2.226056895302463 2.257698353052547 2.290099920812281 2.272147411746118 2.301174361474295 2.290495283808923 2.308080550592422 2.30033863272547 2.292980734491721 2.31089967133812 2.322359659199719 2.338013064392726 2.314032392529043 2.335808641539188 2.358297685947036 2.383721831482035 2.386789481592132 2.346038928058988 2.295395734359772 2.273163252055838 2.298145939901588 2.345031473767449 2.380170951902983 2.371968963827385 2.331315612256731 2.33238488745701 2.297478307560596 2.248265707145038 2.285044194975853 2.34665912608034 2.304604175620625 2.348265312019066 2.314439527886861 2.313767439354706 2.314098830567673 2.318432470710832 2.247216104042309 2.264658369822428 2.261269181502939 2.26895435428014 2.301210120516771 2.32175100902532 2.308934670661984 2.242271817223809 2.243833390290092 2.214575992384198 2.201222982705076 2.143496893804695 2.214905933407863 2.219065800370117 2.240369109676976 2.24038117123564 2.260242128448226 2.29221269699201 2.296689019382029 2.301253804420412 2.271122891645064 2.237630541483668 2.192075112667226 2.182064202170295 2.147744197740394 2.153401822300111 2.189642031520634 2.162540913261182 2.190225528680458 2.155535967811375 2.174619191573584 2.148874321759649 2.176496191590559 2.206289675617882 2.178417475801325 2.213147760790889 2.218704614868329 2.207458789038355 2.286894329885399 2.320636580963765 2.346412749746378 2.417086539891898 2.437727260365136 2.455456211609999 2.452758786548657 2.407967162747809 2.413992033365503 2.385625632668962 2.329246986093494 2.357509904628387 2.345909666685202 2.303950987137796 2.321695091268339 2.347055175974674 2.359340443497786 2.405859312202665 2.437659751034516 2.419534757740621 2.40296197389398 2.350622953120364 2.370785369384976 2.296928719133575 2.338649868110224 2.366850144513592 2.398443052596122 2.369381497832364 2.302204688085112 2.303685062112891 2.261738169618184 2.262455439173209 2.283954388982238 2.291374992586498 2.207363629022439 2.227608381401296 2.27528903917937 2.231843246532662 2.202823244508181 2.288453914388811 2.255141058933987 2.27062196208135 2.315961253843852 2.319562810913339 2.377814733375999 2.399500521616574 2.421501673179591 2.405514105732436 2.342093278195534 2.284152099255152 2.289195854089485 2.318045585787331 2.308091092134418 2.29154632647078 2.312451508798404 2.344301198112589 2.257990373933353 2.248239533568267 2.265606738870702 2.296893102766262 2.27952187100891 2.294524098630063 2.297935520902683 2.309685735635867 2.285960114619229 2.269009421584997 2.247844543479005 2.225596045244856 2.267973964495468 2.244023131130234 2.189532606031207 2.26333179629728 2.272482679465611 2.225766707608273 2.293399416585089 2.270867638610071 2.224714281088382 2.29499849966669 2.288699375676515 2.231075146773946 2.2168097516751 2.207843534568383 2.24084403690722 2.211457330689882 2.22441668514557 2.213209969213494 2.148753859932185 2.137742020444421 2.116904192938819 2.174185707935976 2.178692603054515 2.177332217619551 2.218043528075214 2.27952614649621 2.24075068939419 2.259819738341321 2.291225780558307 2.216965095285559 2.198141578140167 2.20836657072141 2.162435497280967 2.13175590695937 2.154488770720491 2.142481429204054 2.129494748580328 2.108464787943376 2.115483292250588 2.11776133866806 2.136771417288401 2.123294444456405 2.136965739307925 2.208640959637705 2.245051823079848 2.259738711301907 2.239830352729768 2.267240917182789 2.245926649869944 2.318345323426911 2.439081553995493 2.579100195047431 2.793291647874867 3.065715217308025 3.359575563261387 3.717867547449714 4.106525950010109 4.578250423382997 5.108182291327466 5.601961690037115 6.204477219052933 6.762946577960975 7.464316132289241 8.11377902723325 8.847207136517682 9.636930807906538 10.41134850343224 11.22784571215379 12.04859831711656 12.92950191724594 13.89714721188648 14.82724337046238 15.82182783522148 16.7781028380814 17.64114408176465 18.47424849447634 19.36650759521217 20.27199856110383 21.18197430908913 22.02032688966938 22.85461625757307 23.69452519105107 24.54511932725291 25.36479434245484 26.08196557375959 26.7149660285686 27.43030259681473 28.06752573871563 28.79321168437946 29.49926814003629 30.15247312312204 30.76127069161157 31.4029228914842 32.00633642782486 32.60049348006942 33.22156862075281 33.89521372138552 34.55511022793507 35.19768883841607 35.94972110663366 36.61006723003084 37.26292443651073 37.83921450120397 38.45558514251024 39.01827987041906 39.65490070124906 40.23831897223499 40.87158822946003 41.4123277314302 41.91192315510852 42.40238915676218 42.91509886296444 43.45073507156667 43.97398257247642 44.45448330082945 44.97547854591539 45.27817320491886 45.1081507779636 44.36782343325831 43.20857976433763 41.78788373112184 40.11124859426491 38.31910891860934 36.29231719934796 33.50116458471166 30.40528783424088 27.53946891180931 