# Created by Octave 3.8.2, Wed Jul 05 11:44:32 2017 BST <co1ssj@node117>
# name: result
# type: scalar struct
# ndims: 2
 1 1
# length: 3
# name: params
# type: scalar struct
# ndims: 2
 1 1
# length: 18
# name: cleanup
# type: scalar
0


# name: num_runs
# type: scalar
6


# name: dopamine
# type: scalar
0.7


# name: targetCross
# type: scalar
1


# name: targetLuminance
# type: scalar
0.3


# name: targetWidthX
# type: scalar
6


# name: targetWidthY
# type: scalar
2


# name: fixCross
# type: scalar
1


# name: fixLuminance
# type: scalar
0.2


# name: fixWidthX
# type: scalar
6


# name: fixWidthY
# type: scalar
2


# name: fixOn
# type: scalar
0


# name: targetOff
# type: scalar
1


# name: targetOn
# type: scalar
0.2


# name: fixOff
# type: scalar
0.2


# name: targetThetaX
# type: scalar
0


# name: targetThetaY
# type: scalar
-9


# name: exptnum
# type: scalar
0




# name: r_0_m9_G0_L0p3_D0p7_scsum
# type: matrix
# rows: 6
# columns: 600
 2.282545665035286 5.175308336089074 4.984022412852937 4.738774797922815 4.609646187687758 4.587109279591459 4.656812346451261 4.884845133408817 5.318351804584381 6.142340069309284 7.03542382904925 8.15004845191288 9.355135845289624 10.66644926795016 12.22251492233045 13.72263958085387 15.37066755954947 17.07605888340186 18.74752375505523 20.43097191432025 22.00074124141247 23.52133731015783 24.85914421455527 25.98076887056413 26.94531788289896 27.59231963651109 27.92200720763503 27.92559693333897 27.52728180128906 26.81076864536317 25.61727355958647 23.94130761091947 21.82060529715091 19.86657885076011 18.00635441198028 16.33724994998556 14.85946762502135 13.52407109909473 12.37743588162448 11.31246114282112 10.31490069066422 9.460360243712785 8.68102724061464 8.020813309740333 7.423174706054851 6.810283041893854 6.327938837191141 5.886414508589951 5.47991085988906 5.077519505844975 4.715211190436094 4.385505055292015 4.119116953565026 3.915671216425835 3.744059359029052 3.60503308807165 3.456780018830614 3.299862575491716 3.194453145684747 3.063622197812947 2.921599542853073 2.812363595383431 2.720325956825036 2.654875826672651 2.580740630957735 2.526930939100566 2.492076202735916 2.469762982269458 2.436354303805274 2.457463550028478 2.453397774595942 2.377724260524701 2.348294834708213 2.320123775170941 2.375853262559758 2.397339964521962 2.40210078452219 2.394045815824938 2.390408440922329 2.365332941160887 2.383354196739674 2.392023763546604 2.385895380772126 2.376723261389998 2.339262604044052 2.325883529621933 2.301216625774032 2.359547374278918 2.33508411679577 2.343702131111058 2.360778905196639 2.362029685576999 2.446282901386439 2.481045590742724 2.422575118327586 2.385174093182286 2.446044085249014 2.408299757193163 2.399156696425052 2.354777481006749 2.348902502741112 2.327883069418021 2.350711467952351 2.317639453718584 2.293458349347929 2.280814666108199 2.323957974938821 2.269210434460547 2.261237569982768 2.238196783793683 2.260677374542865 2.275719481505803 2.313106938017881 2.305303818102402 2.323250203538919 2.331923663907219 2.320881484269194 2.284358959965175 2.316127200589108 2.289179606326798 2.243941894754244 2.234817702978035 2.245182064911205 2.313152535878544 2.289334078998763 2.268935920139484 2.341466390826099 2.299789048312959 2.320333187228243 2.273532929284556 2.286894226603181 2.337536482009455 2.30758928009891 2.279805900314386 2.274035236077907 2.315874134066689 2.321100469380326 2.289907256505103 2.317858953709219 2.31740137487941 2.289009510910546 2.258138377437717 2.252479681214027 2.296343567282747 2.239150623978276 2.233052112314908 2.203145307095838 2.207439936796163 2.210742291235874 2.198670827723618 2.241938847437268 2.267739703380357 2.337715580844815 2.330099793463887 2.295793853663781 2.315424206866737 2.317470956186298 2.350357386188989 2.366067603383271 2.369919769051194 2.366641739154147 2.351112277036009 2.321607863799727 2.379433812646312 2.405920015746233 2.368690992690972 2.352964124547725 2.29943743601325 2.319708184702904 2.335813959056395 2.321755423745344 2.254688577717388 2.25916240040533 2.286857661903923 2.247151442701579 2.259567772322043 2.244945687521977 2.280550440114894 2.323858295363607 2.268544374153862 2.33621297985519 2.270331273573902 2.309751284748927 2.281855989866017 2.297804713103687 2.279280642687809 2.311132953520428 2.26488542532752 2.267319088343356 2.256243631687539 2.221680118964287 2.227074914302648 2.250082838017988 2.318134257755446 2.261724434232747 2.289881444485218 2.311726369136522 2.306247259584779 2.316791445849958 2.267211410260643 2.262379357271129 2.22348319698358 2.232316615043601 2.216620043498551 2.261602922684688 2.24912030636915 2.219621013831784 2.244698459660867 2.185648864131508 2.243346541792562 2.215472148645858 2.15017830843135 2.187089667415421 2.21400574400468 2.256007804109686 2.352540688032605 2.312723175295105 2.353919232897169 2.317060973364278 2.330560067561237 2.354822493296524 2.344959665140777 2.327745326885633 2.288918511665543 2.326758302049711 2.387420575869328 2.38802076347929 2.382341967726461 2.375137077942782 2.399966740680611 2.367573638548492 2.326970578593318 2.285927287070081 2.323948513665528 2.349380945646772 2.356553654844902 2.360738442919683 2.335491798534349 2.316319121171546 2.316004980060825 2.286044865824806 2.28445478031972 2.285780428635917 2.247723281132494 2.246694853864028 2.239615559716185 2.217351036677428 2.25622188919715 2.265507945863646 2.193927831159272 2.207781316128603 2.18538107499262 2.232921156923112 2.234209721102161 2.230309906015464 2.226199870761775 2.20916511951873 2.203646186957485 2.232550561278913 2.242638322790299 2.227219348351355 2.259707439054182 2.275748877800652 2.306326411671762 2.28891565237609 2.284919409932627 2.268045258406346 2.284818594955141 2.21226269609906 2.234062314286348 2.237361358402268 2.268798646964569 2.261582040380745 2.251551446897793 2.232569228959619 2.270017511971673 2.290021044173045 2.297032340480655 2.325894023648289 2.271208280144492 2.302604988726671 2.337314085496473 2.337313645781251 2.340696384992043 2.348373567663657 2.324657133089204 2.315458449120342 2.33976406291913 2.333362330755335 2.317677143793844 2.290944872751425 2.247661090168549 2.333581367209263 2.343267733202083 2.235757495120197 2.210240977496142 2.223540436734766 2.237976870306738 2.239643536524454 2.23559577342894 2.230519748751249 2.270495616459812 2.26726192573733 2.262513502602815 2.233253403795516 2.228370162116335 2.216239815374138 2.309746269333118 2.331629878570311 2.32139556724087 2.329682230651088 2.263076247791105 2.292349703977379 2.242483038095088 2.281789175358426 2.336647005435225 2.40158618640271 2.4641118677755 2.534569934305182 2.673816031790921 2.886174711027707 3.096898227006022 3.420397012028843 3.783171879342262 4.187254113934614 4.607548921580019 5.108836441489984 5.559803807422213 6.009401580893609 6.603453251656902 7.136223420649912 7.763549079412769 8.358338051129977 8.952639826940867 9.624316185132557 10.31530524546724 11.05227701554395 11.7780191765014 12.4920165501353 13.18799700762065 13.89408252922476 14.64467487051297 15.37644869483483 16.1616875734544 16.87601391546923 17.58178923775267 18.30744651649366 19.0115863237661 19.71357890579384 20.40536186173631 21.14520947618439 21.92694987165123 22.56839576617494 23.27330777960742 24.00141066107244 24.68816323902138 25.3485645747387 25.96935693769046 26.60656095898594 27.2245268536717 27.84686947053342 28.4954011857335 29.0810569634923 29.67094821572391 30.27822335839664 30.86016804620886 31.37284261320747 31.91609654590138 32.45127746940125 33.04451269585115 33.55105359673325 34.01216089323134 34.42933496869955 34.95624315765599 35.3165613804922 35.75917225106969 36.26492922530997 36.49999405149174 36.21284676634241 35.33387562286953 34.13742868452118 32.68931825413165 31.19648932188284 29.52975587989567 27.25082877410023 24.71642990374676 22.42020572867477 20.38147637626025 18.56143177547165 16.96778867618195 15.53893777990379 14.18875510512771 12.97494268441005 