# Created by Octave 3.8.2, Wed Jul 05 11:44:32 2017 BST <co1ssj@node117>
# name: result
# type: scalar struct
# ndims: 2
 1 1
# length: 3
# name: params
# type: scalar struct
# ndims: 2
 1 1
# length: 18
# name: cleanup
# type: scalar
0


# name: num_runs
# type: scalar
6


# name: dopamine
# type: scalar
0.7


# name: targetCross
# type: scalar
1


# name: targetLuminance
# type: scalar
0.3


# name: targetWidthX
# type: scalar
6


# name: targetWidthY
# type: scalar
2


# name: fixCross
# type: scalar
1


# name: fixLuminance
# type: scalar
0.2


# name: fixWidthX
# type: scalar
6


# name: fixWidthY
# type: scalar
2


# name: fixOn
# type: scalar
0


# name: targetOff
# type: scalar
1


# name: targetOn
# type: scalar
0.2


# name: fixOff
# type: scalar
0.2


# name: targetThetaX
# type: scalar
0


# name: targetThetaY
# type: scalar
-15


# name: exptnum
# type: scalar
0




# name: r_0_m15_G0_L0p3_D0p7_scsum
# type: matrix
# rows: 6
# columns: 600
 2.316783872178348 5.327596661787538 5.174167331599165 4.959489102180669 4.813072477772948 4.685279233919573 4.711561405929388 4.967391047728597 5.32767179745133 6.013716316800128 6.881020361459377 8.033702001146594 9.347696438970161 10.65674108546773 12.2131060937827 13.7703157033975 15.41781701915897 17.10517210323087 18.79710981522294 20.51106366096064 22.08408885265362 23.56612896550723 24.87909367163047 25.95400349843112 26.84314481735055 27.50572233327148 27.83878276113683 27.90600560796884 27.54232891651918 26.75529479532997 25.66038020302221 23.9519725917562 21.89009266340145 19.89570199487207 18.06534291467324 16.43279592103499 14.90171534404362 13.60036905020388 12.35322825114417 11.29610012773082 10.36545101659431 9.509661348329246 8.687068126055237 7.97686479294498 7.34183900286007 6.769525544958015 6.286020611030835 5.786516785527056 5.330900851251499 4.93321353601641 4.608170203244299 4.318093749192485 4.112386951404915 3.918973301231745 3.721871123445453 3.497996623733343 3.335631708796427 3.177584419612685 3.030689745493873 3.032061955989775 2.900476834664005 2.822089571734978 2.784912176030048 2.747806534745905 2.715838413569145 2.61343566831647 2.552993993202108 2.471423456008779 2.507833145053155 2.484884891513047 2.453458792369929 2.461218760159682 2.420112005478586 2.463922987262777 2.399685262706043 2.413446917038527 2.427557640752639 2.418251652463368 2.44846378188231 2.441761084701284 2.487980918633184 2.472219538140052 2.44800083868904 2.44509608313092 2.367075710382778 2.401367376845883 2.387384534076773 2.394531238376658 2.347756508854218 2.342391575482907 2.36019440904056 2.361006908642594 2.337339323283231 2.340953615901526 2.3314225233662 2.324776436624234 2.348154846178659 2.343538311826705 2.338115093341912 2.298661856111721 2.287835953622562 2.288414935712353 2.370532437424117 2.363164668378886 2.388697064838198 2.394245410803705 2.355611131610203 2.389190701836924 2.398849424891523 2.394254749746324 2.387654095135076 2.326748313425924 2.372577366048063 2.370828361519671 2.301757074106717 2.330860601410677 2.279456455260515 2.299676682998324 2.238809885384399 2.26985450727625 2.324024191140779 2.232198215831886 2.265813942394743 2.261645685252006 2.273495055032981 2.312986364748213 2.259838283160207 2.282420778916276 2.268517310659263 2.275898113381118 2.23263346090971 2.258527255311492 2.249157250007556 2.247128045892168 2.230339560781431 2.220718597876726 2.193537956794898 2.189032697056973 2.251333377453193 2.222526447862037 2.267955572877327 2.259966921410523 2.295645883517864 2.34678265149887 2.309206519123109 2.380253646626443 2.323766110632278 2.3276541641535 2.32206538405444 2.366479353739123 2.397459004991106 2.344410366713419 2.332381933778379 2.340483920970655 2.392648342873144 2.400439266719331 2.36168107177582 2.392606934707146 2.449979174823966 2.444212120972225 2.39076252549421 2.377436770393615 2.414124189686845 2.416431914800341 2.39786521447968 2.426667915205144 2.427977909095716 2.420166731200879 2.314903878817859 2.300568996033689 2.3494964387246 2.338463208761823 2.335262438868085 2.336362395570177 2.326551721056603 2.417510924962698 2.42293081023854 2.450044030912977 2.477604948031512 2.509504103574727 2.453568954670118 2.442907793763879 2.349714361971564 2.304545752234844 2.308576046154485 2.311259489761142 2.289925189636051 2.285402010979851 2.354344826584565 2.378280876017925 2.37955233579487 2.375665916481012 2.33243905515701 2.33453888416625 2.344913188520877 2.364330019048793 2.348045014918171 2.383889225551684 2.342605868045212 2.389284398384916 2.339869232657293 2.30543721630238 2.326153824407811 2.324235182240955 2.298875729691645 2.314834506454645 2.378744816274775 2.401727603847121 2.445531508914428 2.457236447480682 2.476957310427679 2.463177074208943 2.438347685354529 2.395942218849086 2.364134526269481 2.403171270801977 2.340620507282438 2.378763931226786 2.348907311170478 2.33871099287353 2.319123536632105 2.338634628831642 2.351933572161215 2.252865515004487 2.279896130588895 2.298853443884582 2.323611129992059 2.360635692522919 2.361168468280084 2.345716793737665 2.34999160553707 2.351651509903604 2.32122759243066 2.313420507799492 2.304112452933623 2.310058589391701 2.289695953478258 2.299403448841986 2.278063293713785 2.223904230584594 2.225816202546412 2.219665915097721 2.291506962392305 2.208308398967347 2.223586647953198 2.254107371787541 2.247303934018419 2.227900660465821 2.241551938772318 2.331663719599419 2.292516778592471 2.339345042779314 2.319673335412517 2.265853394477745 2.238698785655288 2.228848331411427 2.243810958050744 2.254487398946367 2.226832375043159 2.269906063127564 2.249338641995564 2.309148527367142 2.339341604892979 2.386961861328018 2.326695733561792 2.405996488363598 2.397218450094442 2.429184085282031 2.430786627162888 2.437220001011156 2.408112512988737 2.430470691133451 2.446755534946533 2.410615027310996 2.429356428197934 2.417773306180607 2.422863111671177 2.425568906995977 2.391915580195928 2.393078582783346 2.403013754970743 2.381874501939819 2.322367833712633 2.289931618703122 2.304116230501677 2.295373725308309 2.349850882443207 2.370657249914075 2.334576932429627 2.359000144213496 2.399668077960087 2.341372258000774 2.325387824959762 2.360709759566817 2.339622842389872 2.286209612720995 2.268139357704058 2.285882927339117 2.260761122350232 2.223775911363191 2.246618617689819 2.239268124292721 2.241570609388873 2.190321611639774 2.210287746333051 2.224124317574024 2.203466247270626 2.204788116243435 2.228206205294555 2.212612469614214 2.214223156506705 2.223761858989747 2.227754803352582 2.231873328069923 2.240430600071704 2.203319407548406 2.228611849735898 2.265717845099061 2.249030589722679 2.278157927932625 2.273129251243518 2.24315194229348 2.258466194180073 2.274179236032069 2.288627379111858 2.303348994479165 2.22579389483144 2.230469561092832 2.205511455686064 2.292051283920955 2.304727815841034 2.37046797100993 2.410681946719706 2.430847534306849 2.490264010750252 2.549347889491401 2.616038627948001 2.72338856418537 2.790044568777375 2.940343561800546 3.042122400620428 3.184457396067955 3.26995146934496 3.371678057097597 3.523532071147201 3.685931032490771 3.927284552853962 4.175577858106408 4.41180623719265 4.639654947945019 4.844293946902326 5.101385802299774 5.365648749713728 5.599985209169972 5.871385526188533 6.190352330304449 6.481187336034054 6.793364654567995 7.102957960800268 7.444400195981871 7.760000083486375 8.093685961444862 8.441683263605228 8.749782519502332 9.100632797901199 9.494925144368608 9.861275096609461 10.23148044353729 10.57427577090675 10.87005219775256 11.10390448882754 11.42439210155135 11.74380482779816 12.07237779638308 12.39915692909562 12.7312332903457 12.95269138443473 13.22509598450142 13.45465033901291 13.69512597707217 14.00614953193508 14.32254451602785 14.62793030304601 14.90307453812056 15.24183230660492 15.60048307598481 15.95219184304733 16.25778789773176 16.56773161714591 16.90254934141558 16.75223999238369 16.05254340647662 