# Created by Octave 3.8.2, Wed Jul 05 11:44:33 2017 BST <co1ssj@node117>
# name: result
# type: scalar struct
# ndims: 2
 1 1
# length: 3
# name: params
# type: scalar struct
# ndims: 2
 1 1
# length: 18
# name: cleanup
# type: scalar
0


# name: num_runs
# type: scalar
6


# name: dopamine
# type: scalar
0.7


# name: targetCross
# type: scalar
1


# name: targetLuminance
# type: scalar
0.3


# name: targetWidthX
# type: scalar
6


# name: targetWidthY
# type: scalar
2


# name: fixCross
# type: scalar
1


# name: fixLuminance
# type: scalar
0.2


# name: fixWidthX
# type: scalar
6


# name: fixWidthY
# type: scalar
2


# name: fixOn
# type: scalar
0


# name: targetOff
# type: scalar
1


# name: targetOn
# type: scalar
0.2


# name: fixOff
# type: scalar
0.2


# name: targetThetaX
# type: scalar
0


# name: targetThetaY
# type: scalar
-16


# name: exptnum
# type: scalar
0




# name: r_0_m16_G0_L0p3_D0p7_scsum
# type: matrix
# rows: 6
# columns: 600
 2.299909828907403 5.279962737316964 4.996515334074502 4.788963149025221 4.563298080018285 4.47347823309974 4.584227370321969 4.732291952217565 5.232237497453752 5.855568753227999 6.804091597361548 7.895410814351635 9.111971163205453 10.49786603296889 12.07006048437324 13.6313584083764 15.39650775266273 17.06364253116772 18.70608957368677 20.33253355436318 21.90494313655472 23.38838771235169 24.76387401881948 25.88364085718058 26.84175456040612 27.49258084131361 27.85465251203277 27.81688023908646 27.5283708806819 26.8682575636376 25.71742963889574 24.19280082116165 22.10538550230558 20.04055834521569 18.14826095571334 16.45711339580885 14.97395532887094 13.63141147264469 12.45555674491334 11.35380207471826 10.37107265890518 9.522561632886209 8.732877044400084 7.988777359722008 7.336448021400429 6.781297535708291 6.244861968250007 5.784389093816571 5.352458518391359 4.937699697300559 4.738531744034844 4.407041639497038 4.126582934799444 3.912853349829675 3.674259035600699 3.478600946284132 3.283715607823979 3.200351370931457 3.082004584088281 2.975795155609376 2.890016957266198 2.830495476675424 2.783996968857537 2.77312576591612 2.690381276501284 2.602978478629666 2.629911437506962 2.669044593058061 2.637406213423674 2.584600690330262 2.527959304759861 2.479970204945857 2.519692385263625 2.482407692132256 2.427144419430988 2.384674863933469 2.401556148037344 2.413527217537194 2.46043930540327 2.430556345076184 2.381939501374291 2.322209944388305 2.333903353057394 2.352816263068235 2.300224452454131 2.315838843431266 2.313992606961619 2.320774660707684 2.300035691114317 2.277913063706364 2.311044162193866 2.326533795865544 2.295183925456513 2.27757232242584 2.231901085942809 2.280029788133106 2.292495972935285 2.248761230395758 2.305159127976367 2.357529413053271 2.282386669045081 2.288178122696991 2.227218301290122 2.253656968139694 2.25177628653546 2.306091923612257 2.296773415893767 2.284242726775119 2.236148940713065 2.220182195240341 2.247717890233616 2.281934587263095 2.261255201075983 2.340587540500565 2.36674677969495 2.320655299488863 2.392171944578877 2.379412932066771 2.347857858498173 2.348337377959979 2.315951260949078 2.274157671334251 2.27844935903704 2.267373582013533 2.213145959700341 2.23296129895607 2.221224673143297 2.211496918815101 2.160085735202301 2.151942244323436 2.162111371228093 2.164785610193576 2.194470640177315 2.158204222323548 2.135486388520803 2.143351236431045 2.119566735807894 2.156340230707428 2.182704831509909 2.195330559450667 2.231190005481039 2.237608219824324 2.314294706404326 2.35856644989326 2.34982513817522 2.324359306305269 2.274230826464191 2.263930263179645 2.334847351865392 2.329189255400706 2.391820109492073 2.34259703193311 2.35998442039272 2.321140874115372 2.322212085775391 2.343558134471095 2.269170070398104 2.231876974459738 2.241479912452633 2.212198488105969 2.220331587741384 2.257436734671501 2.298561931645963 2.307638405472971 2.301255266589578 2.294282026741712 2.321725067333318 2.304758794001827 2.305696809875371 2.278023014805513 2.360580491036671 2.351713981210196 2.380785788860521 2.362153965168545 2.296846186698531 2.254456587364984 2.275001859154145 2.284802836180461 2.26848909441469 2.316384310503054 2.379178761410003 2.383866033476806 2.396586154784018 2.400129625566478 2.330928893599776 2.408703632601828 2.407371929464716 2.340440119358391 2.382672925814404 2.370632118774665 2.334106376103591 2.301534913916839 2.311390201561153 2.28355229387671 2.257348193488724 2.250532008223672 2.255402313701779 2.269603375862062 2.274075389782411 2.284615334061527 2.319058069733728 2.284268929892278 2.294650944022578 2.293091620733321 2.272934760243515 2.274500787192665 2.245939521402761 2.252113803404427 2.256821214894444 2.28527268990365 2.295879822337156 2.317836719477782 2.305620567305596 2.311234985398187 2.295121862693122 2.292723355911221 2.295029081602479 2.353247383067355 2.318749188732909 2.295189357228082 2.322723298188066 2.362983596853155 2.227874781441642 2.247544370005926 2.2748342390978 2.230103767877154 2.23415222703261 2.244470817418915 2.298792147768836 2.277903559881452 2.223609867320192 2.196579820716579 2.182191422109099 2.183579177633874 2.166813583542535 2.2074019378706 2.196034771674476 2.197528183405666 2.211184696898272 2.219581210782053 2.185482401395348 2.257833448278689 2.317226025272248 2.28002130990717 2.214317183781532 2.204391021412448 2.223875635289005 2.214673315211257 2.268647456687177 2.216298322169678 2.25441570339899 2.209373837740713 2.21882045591974 2.223930361767998 2.188977191093727 2.200761854965094 2.199566855219928 2.131171382301545 2.20597381900734 2.268852027300454 2.28375319274528 2.256546517892275 2.227310249782022 2.210252521217626 2.193040222682612 2.185405870368413 2.25320842954352 2.201916867845284 2.18752978304201 2.210752973398485 2.186636971699045 2.241375001707638 2.24105925233016 2.317442154035234 2.259189747859637 2.267312169611614 2.27436575531101 2.276917822018731 2.263843223410731 2.297234281386409 2.269141087996104 2.32635799007403 2.256266709504416 2.223609441989538 2.239335518239386 2.237886127826641 2.272056905774662 2.325074730819324 2.279891808604589 2.312574949686677 2.299886521817825 2.27645313920948 2.273849675836573 2.245536571041157 2.263106992671965 2.251474626118579 2.290168789222662 2.254566203224385 2.28367483011607 2.227422437626956 2.203983815865286 2.295080273630447 2.259241896879757 2.239344282794264 2.189072610581206 2.292571383055474 2.294641948239587 2.244622632708342 2.229815994152887 2.203667665016837 2.259497976025159 2.257858837365347 2.285541358032788 2.307011893179151 2.322120920201996 2.293010301524191 2.359620002738666 2.357448815349926 2.317026484692178 2.26304704148788 2.321782467312005 2.334006229841179 2.351612179714721 2.330522324999038 2.349549447100799 2.363845277868677 2.295240275791002 2.354359221142658 2.385377273352788 2.408045409098122 2.426526999042835 2.498416865575564 2.520151937635092 2.594108621262421 2.644917644174711 2.740343150915578 2.719604321664519 2.809482178636244 2.905426027304202 3.028939674957655 3.226111565574683 3.34625746812344 3.46885034225852 3.620105121313827 3.726021257916727 3.842339053149772 4.050157964447862 4.268621850595082 4.523280147172045 4.711093250287377 4.975171614467399 5.181979863817105 5.427219543626052 5.623851890821243 5.896917906400631 6.14643386968055 6.344562314065115 6.575086752498464 6.842222422568739 7.151388352689537 7.36387134152028 7.670142238963308 7.957162545055326 8.227370753469586 8.468863854955998 8.716765933204442 9.067800327960867 9.293926847996772 9.62680949206333 9.923545171550359 10.16262007126716 10.35015594057768 10.62074304192356 10.89801918068042 11.17563987461654 11.36474451266258 11.59997710409516 11.81930552890481 12.07561894017272 12.338071986469 12.53993020573762 12.6999628775302 12.91243826955906 13.14656616947286 13.39526875934826 13.63548589698621 13.87416314207439 14.1372211003727 14.12241036054547 13.64456127719313 12.87120690832853 12.08598968980732 11.18533122483859 