# Created by Octave 3.8.2, Wed Jul 05 11:44:32 2017 BST <co1ssj@node117>
# name: result
# type: scalar struct
# ndims: 2
 1 1
# length: 3
# name: params
# type: scalar struct
# ndims: 2
 1 1
# length: 18
# name: cleanup
# type: scalar
0


# name: num_runs
# type: scalar
6


# name: dopamine
# type: scalar
0.7


# name: targetCross
# type: scalar
1


# name: targetLuminance
# type: scalar
0.3


# name: targetWidthX
# type: scalar
6


# name: targetWidthY
# type: scalar
2


# name: fixCross
# type: scalar
1


# name: fixLuminance
# type: scalar
0.2


# name: fixWidthX
# type: scalar
6


# name: fixWidthY
# type: scalar
2


# name: fixOn
# type: scalar
0


# name: targetOff
# type: scalar
1


# name: targetOn
# type: scalar
0.2


# name: fixOff
# type: scalar
0.2


# name: targetThetaX
# type: scalar
0


# name: targetThetaY
# type: scalar
-8


# name: exptnum
# type: scalar
0




# name: r_0_m8_G0_L0p3_D0p7_scsum
# type: matrix
# rows: 6
# columns: 600
 2.332944787354791 5.272832144823042 5.067213979300504 4.897477706308564 4.696231909121707 4.680781904091418 4.768710468099016 4.982735660731123 5.357400886736286 6.058792649775569 6.902643770476061 7.936270285274077 9.262092113192921 10.70257441289505 12.15486204836634 13.73786285278038 15.37054872888984 17.0617399128023 18.77533213427887 20.36745664846967 21.97434107661684 23.41669484428348 24.71430694041192 25.85946446384696 26.76372356437787 27.40220430528279 27.75821088648809 27.73221113436011 27.36705859096037 26.55514269079504 25.36533619736656 23.7921966672875 21.69438451558381 19.60024371186591 17.77432901981228 16.11879975120974 14.71038632947966 13.41138156974193 12.2338013372937 11.19899692271429 10.29210323293955 9.406556171852571 8.589369437337155 7.927376537641976 7.213231824120157 6.734598990475206 6.262189663772006 5.859146380571474 5.457149266461784 5.056817048307494 4.708752352675219 4.445733718599513 4.208820663017832 4.037212598705082 3.829953007943914 3.642683634239802 3.438372984921443 3.333633583890332 3.213093260861569 3.047723288822453 2.878627756424976 2.767246549663469 2.67875402489517 2.640160621926043 2.617220835330954 2.626560805445479 2.648263032373507 2.613628744416928 2.531807324696274 2.490499860017735 2.46242153975254 2.462820391616333 2.389258724811953 2.378041741329071 2.36625769983948 2.427614263666328 2.316469194061938 2.299470230807856 2.250870762327395 2.278559906444571 2.300062005298969 2.332322988026135 2.331415748987638 2.318015592867596 2.298422474857944 2.275706794020152 2.288647505214612 2.308569527740474 2.337322699204378 2.426611342438264 2.388085405753372 2.382334039895795 2.32278267808033 2.327515287917777 2.320556600479904 2.263049333603703 2.256579022538062 2.250285590751446 2.269718311801626 2.233389445751527 2.206731033264077 2.204498107352265 2.214118377276463 2.250895169003343 2.265315157943405 2.366803818238623 2.297811126511078 2.316868784866529 2.285118967387461 2.310830765216451 2.276903532350843 2.221107987877986 2.201321667853335 2.258711380585737 2.282657084113453 2.23221451848076 2.227507752937527 2.213568954539369 2.219440095156642 2.236377316010476 2.234626177232713 2.235748222454276 2.232104065944441 2.199643428160925 2.180563143898326 2.20538400435089 2.262658514217037 2.209224414058554 2.202641558127652 2.12612887803698 2.187432933591481 2.121827316110284 2.143028521943052 2.143543980645745 2.191680962132523 2.149532009272662 2.16961071899641 2.175770110854501 2.203055470716208 2.235653090472624 2.286036260502442 2.269436041060544 2.269184961303836 2.269797765362455 2.305086757580284 2.330484587466344 2.343215819888428 2.277586764823354 2.295113490472431 2.295456801064574 2.276405164178868 2.250581260806939 2.227086187154782 2.260615445607982 2.270529026613076 2.219579594107927 2.24193629479123 2.202922454704094 2.213757953402819 2.188667086906207 2.196381715973985 2.183471379728871 2.213938504319231 2.278445547133742 2.244143053134394 2.246077172778314 2.248850709449471 2.30574036201142 2.297139584387423 2.31384450992482 2.295916732244223 2.350316852694959 2.320075522507977 2.292429660279595 2.308987794243876 2.341179260605713 2.311526313176728 2.311528455262305 2.273066533991368 2.280033293372981 2.241367969982093 2.284920303129184 2.321821347151854 2.355770523516185 2.364124981668283 2.440915475533984 2.426007971242598 2.421901620884455 2.441489787150203 2.429514300631126 2.407520025401027 2.398380673515931 2.357359488129077 2.40225529595773 2.432067457863923 2.402549935528441 2.351490465953248 2.3451349180541 2.333612156708114 2.377048494818155 2.344686202646699 2.336698060866183 2.337264786245214 2.340044839668053 2.352693028296926 2.336206835982011 2.266401075656177 2.223930561522138 2.23653741626913 2.249495310417842 2.273061888254233 2.291514677643136 2.333917051793833 2.337109647494799 2.298163289578952 2.313286000309745 2.310346816218953 2.280851285804602 2.286985802489653 2.321644437368377 2.243322358892328 2.250106228460936 2.252261666908453 2.302694398567837 2.25045051876441 2.236003942889511 2.315439446880191 2.29565761199774 2.26375059494967 2.181595067917442 2.223057953793614 2.245298317207926 2.252503548173991 2.257928818164146 2.282967423507216 2.288294408041111 2.226047764139366 2.253857325955323 2.271190071915044 2.255229007303569 2.275681364601041 2.288283849673462 2.218001344002914 2.234355174325174 2.232128835936237 2.202838962755777 2.166490324998449 2.176379171666667 2.135134737945918 2.108811908474308 2.156473862545681 2.176054083742201 2.163863199159096 2.154186598934757 2.21692499085384 2.224402254780216 2.211614963394823 2.230395187922113 2.243812078682822 2.23747841515069 2.199294060965258 2.205389167618705 2.239942536258241 2.239285081210255 2.242002792645508 2.191808110039347 2.221105187276407 2.253012718687387 2.226690706775116 2.250595109790993 2.249164493106036 2.255255568476059 2.261109700259112 2.273751766420901 2.250155748311954 2.229740534618031 2.242797936727584 2.279338070158701 2.312392557199928 2.325068229838507 2.340406032935789 2.340173634437633 2.370290499624389 2.33173524252561 2.295997386903764 2.254180777101283 2.196746961479221 2.235491037605243 2.200676773030864 2.181443028621288 2.200313278641261 2.200478012056919 2.204123406776489 2.182269471566542 2.205541452374746 2.220449832246231 2.291300192278868 2.211887452896917 2.196519993984111 2.185435470593802 2.220565228813939 2.244658009720297 2.207294255469606 2.207125630084192 2.273557182174045 2.285203040017223 2.234848150637845 2.255641908908729 2.267426988113584 2.257456352705049 2.235873442994489 2.202447151685192 2.239372065043426 2.232521826277662 2.26938383061497 2.276850338006625 2.356753169306103 2.372738822345127 2.430996264525675 2.55688925312279 2.703171145694796 2.855049461515591 3.039687493324891 3.294872080343339 3.6068392658417 4.0426164435994 4.532778725248136 5.038935989410675 5.527249648606812 6.057765378034674 6.617481855580991 7.210774700653928 7.890208425749734 8.591095623942238 9.293143065032837 10.13743944129601 10.92631129411529 11.7945998147261 12.66310280945618 13.51093051469798 14.38852153181506 15.18225284999062 16.07358589514479 16.91211354725965 17.76491169170913 18.60156376525993 19.37733603940433 20.24236663112242 21.11594009767214 21.975587385361 22.79404628492739 23.66238969486221 24.48970758733049 25.26586573564964 26.05302309663239 26.84431844810024 27.67768427234842 28.45870682916575 29.28765871001087 30.01731169756204 30.71290578747721 31.44539668859943 32.19505553797353 32.87063962629691 33.52345018737833 34.16714251077065 34.78261799197207 35.35840281686615 35.96299636149342 36.57107044585064 37.10267349600963 37.6858252265738 38.17922307945628 38.72534573343 39.28159826102274 39.87547216712846 40.49261024183761 41.01450686401949 41.53910690984776 42.01169499478419 42.5207477227068 42.890409739186 42.8294349752905 42.16123110820627 40.91466966917869 39.30877756865084 37.70943068546512 36.11827939468822 34.04095187994972 31.35078764209175 28.48813027874712 25.85245851745458 23.48674428701634 