# Created by Octave 3.8.2, Wed Jul 05 11:44:33 2017 BST <co1ssj@node117>
# name: result
# type: scalar struct
# ndims: 2
 1 1
# length: 3
# name: params
# type: scalar struct
# ndims: 2
 1 1
# length: 18
# name: cleanup
# type: scalar
0


# name: num_runs
# type: scalar
6


# name: dopamine
# type: scalar
0.7


# name: targetCross
# type: scalar
1


# name: targetLuminance
# type: scalar
0.3


# name: targetWidthX
# type: scalar
6


# name: targetWidthY
# type: scalar
2


# name: fixCross
# type: scalar
1


# name: fixLuminance
# type: scalar
0.2


# name: fixWidthX
# type: scalar
6


# name: fixWidthY
# type: scalar
2


# name: fixOn
# type: scalar
0


# name: targetOff
# type: scalar
1


# name: targetOn
# type: scalar
0.2


# name: fixOff
# type: scalar
0.2


# name: targetThetaX
# type: scalar
0


# name: targetThetaY
# type: scalar
-12


# name: exptnum
# type: scalar
0




# name: r_0_m12_G0_L0p3_D0p7_scsum
# type: matrix
# rows: 6
# columns: 600
 2.300615264444787 5.317690702802793 5.158679141033645 4.931241282218252 4.788640457169095 4.681639603571966 4.795090121420799 5.000450361454568 5.381891147240822 6.046307470698594 6.891818141677504 7.989357714881407 9.190085298811027 10.61522933035303 12.10486402273091 13.71643771295203 15.36297447652032 17.11535552753048 18.8044940295913 20.51915308121534 22.10259920437602 23.57062841169682 24.83498629921451 25.98369507487223 26.87232144929294 27.49274204822723 27.814923147831 27.76773814735679 27.35823154187528 26.6115547180525 25.44385312388476 23.8268626929239 21.75034514427534 19.76967783421787 17.97263589913382 16.32955912740181 14.8668618549782 13.52265158832597 12.33921074784303 11.32043438885012 10.32880611175096 9.509731895483128 8.687936110894952 7.997193983690522 7.320090433000587 6.734782235595048 6.210089026339119 5.795837551791919 5.404360002976318 5.035989075498946 4.718799279697123 4.405950427255448 4.182728908897843 3.953247136757454 3.772570200017071 3.637355613565887 3.473640498157692 3.395672479255154 3.194270449173928 3.084401443864408 2.969243999796163 2.892015752076986 2.833454949060979 2.678052118888445 2.585318455017841 2.569342052203865 2.545488609266613 2.533966040391533 2.559717638832808 2.505509010585229 2.496860792402003 2.468818982447374 2.476189638800861 2.518071675363899 2.504379591926408 2.469293625039427 2.485398286549753 2.551402879405941 2.537492567607842 2.532328328961739 2.454080987072302 2.43428519070585 2.464718019371503 2.448403048467299 2.43856487346784 2.41554712766083 2.365496477701527 2.318289169794298 2.33257420852533 2.343076941629988 2.295639602674783 2.277586091935518 2.323137969688105 2.332765289611416 2.293984231051581 2.311532026185887 2.358222874245257 2.312613493319077 2.310517085476022 2.318033219555218 2.227919157039651 2.25571841825149 2.252545923653088 2.3433600614444 2.353564333447139 2.349664765399211 2.356003810717084 2.334354181424715 2.284061289108649 2.262100724477932 2.241541730567405 2.256506431333037 2.274299097029143 2.261181933550688 2.261123861391752 2.278315068026131 2.290592913821456 2.225947197763162 2.235511250168202 2.212568457434827 2.286341989871289 2.293519414426555 2.260847795514564 2.266333907948137 2.246070249053446 2.285266218059405 2.308185889829474 2.364499748895469 2.318009497888397 2.270799502170121 2.260330272691135 2.277825788289192 2.287044753589726 2.304599612911261 2.377871006381611 2.345325772228534 2.316062719746697 2.302851962682325 2.343998194472078 2.34702558313802 2.289634303118874 2.30964805500389 2.331741512432927 2.352846978625166 2.374984032438078 2.374226170504699 2.349766408558935 2.312863958753951 2.364282761544018 2.379861475092184 2.386489731848997 2.389024229763891 2.366314950937522 2.362651191990153 2.317952101642732 2.296112104144413 2.308820844631555 2.316426490353479 2.254617983026037 2.210861311665212 2.252594852492621 2.300918979293783 2.266877235495485 2.313195307277056 2.312517810703866 2.324213728370523 2.35739257311252 2.32379606671384 2.33649725163923 2.361640537521453 2.333537498343503 2.268523881608417 2.282951629378658 2.273742031495203 2.306481101302779 2.35140882837004 2.375615240074694 2.392719232746458 2.398843912298616 2.307022865237741 2.294384083503246 2.280562790459953 2.274602147146652 2.308116899986999 2.268790927169903 2.272882490459779 2.248994640820456 2.211979089388478 2.198775270553597 2.189402163901832 2.200305363996449 2.249246878516715 2.210394995425304 2.266496108168212 2.267208546494658 2.269213048071833 2.259912530601468 2.267012876945955 2.211825648486411 2.233948102955765 2.223164008695676 2.256238177385967 2.276090874096553 2.306273018257343 2.325270522538631 2.300105764581531 2.344658804369828 2.332716084869389 2.270544508286548 2.220288501259347 2.182491905725328 2.213770053909684 2.254357056415756 2.213976957762497 2.181962829979966 2.199641042852818 2.148875496750406 2.154331912126509 2.219865473187383 2.212256950107985 2.207525475449074 2.262582074017701 2.298526908062513 2.285580307951022 2.321835724200355 2.30138595288372 2.290374033487751 2.28828788984174 2.309704518422222 2.308166668713056 2.312965097247798 2.313881492145811 2.298019582034613 2.349814201043046 2.337821670716949 2.408655917264696 2.384172893776849 2.424843446031446 2.381684065388981 2.322323596119531 2.336615322397847 2.315140543265443 2.387350349119515 2.357076076274097 2.310897694576852 2.337938829819905 2.30777639212647 2.315244273155258 2.354481669113738 2.360537484366432 2.356643268154585 2.336140235165658 2.351643625384895 2.333912053029053 2.365480054992076 2.383587978143623 2.353199997945921 2.322090908448445 2.343648900321568 2.340952535148972 2.303576084465021 2.327823712759709 2.338427423412213 2.310640069306828 2.270372803519422 2.240607092062419 2.221635003163101 2.248320052371128 2.212729444850993 2.232729738072521 2.202635553923756 2.160293790875585 2.178713340575996 2.168969906051643 2.172793611676752 2.189631888973963 2.232677952497397 2.259581268241163 2.22013414862522 2.194131896907493 2.185005839393853 2.137649555203097 2.090043291093025 2.081516679369088 2.128158804884151 2.127098527500493 2.157194245458413 2.229595578988665 2.27607834274022 2.293739453685703 2.284566112681205 2.289831198653701 2.266264657555439 2.298084410846059 2.304568117710005 2.355598534086312 2.412564730992017 2.362060062001547 2.377364855067754 2.405119047918561 2.357738320228236 2.297287397617765 2.285550435601181 2.245331020076264 2.256397683468094 2.229529769152578 2.298900153640716 2.305658235658484 2.325054100980196 2.269469358432616 2.291572050358809 2.337733351661882 2.363426143041579 2.306902209540567 2.328784795667161 2.356981430271844 2.342600118365226 2.420093175860529 2.432239088870119 2.445432595686725 2.456741397862061 2.503815488578766 2.592142343324667 2.677393525715161 2.791340624313307 2.90387859231123 3.027126511457027 3.213277371909498 3.438186750026944 3.727563781190838 3.921900376823032 4.231536960665835 4.48606438562274 4.778710936861899 5.126261851844902 5.517214629446244 5.922140837323241 6.227418151305756 6.655802517912889 7.089573802433733 7.555360730606481 7.953105608074111 8.409991721498955 8.874801649315486 9.395866899041721 9.886839574885016 10.43018418153042 10.96421666847891 11.47488792598597 11.95973405937548 12.51156183041894 13.00736524447348 13.48432529905767 13.98767180132927 14.53024981567432 14.9861515696175 15.4466234371248 15.92435597430267 16.40215719992557 16.83592737985236 17.20707496913019 17.69941051463684 18.15596293622912 18.61694395139784 19.00008855138367 19.44672486089257 19.85258190370223 20.2677451452837 20.67850022479251 21.04205206273036 21.4046544191151 21.75017311790725 22.0581992504176 22.35973554327938 22.69068332715688 23.05954523025866 23.46315990838775 23.80296716796511 23.78944493705058 23.26744163035619 22.30543424036296 21.25081341091573 20.17123600215564 18.92940258077215 17.32357466052053 15.79993757386183 14.44679083094161 13.22175694102043 12.09199716421426 11.11005569798726 10.21301118448309 9.415676535689272 