# Created by Octave 3.8.2, Wed Jul 05 11:44:33 2017 BST <co1ssj@node117>
# name: result
# type: scalar struct
# ndims: 2
 1 1
# length: 3
# name: params
# type: scalar struct
# ndims: 2
 1 1
# length: 18
# name: cleanup
# type: scalar
0


# name: num_runs
# type: scalar
6


# name: dopamine
# type: scalar
0.7


# name: targetCross
# type: scalar
1


# name: targetLuminance
# type: scalar
0.3


# name: targetWidthX
# type: scalar
6


# name: targetWidthY
# type: scalar
2


# name: fixCross
# type: scalar
1


# name: fixLuminance
# type: scalar
0.2


# name: fixWidthX
# type: scalar
6


# name: fixWidthY
# type: scalar
2


# name: fixOn
# type: scalar
0


# name: targetOff
# type: scalar
1


# name: targetOn
# type: scalar
0.2


# name: fixOff
# type: scalar
0.2


# name: targetThetaX
# type: scalar
0


# name: targetThetaY
# type: scalar
-17


# name: exptnum
# type: scalar
0




# name: r_0_m17_G0_L0p3_D0p7_scsum
# type: matrix
# rows: 6
# columns: 600
 2.298685121189919 5.214979532931466 5.042342881490185 4.847179260566918 4.726418556376302 4.59505068972976 4.661146773461951 4.865631063905312 5.340868885587952 6.011393964650779 6.857908484562358 7.962824566340714 9.252977157077112 10.67080178891047 12.17943678576557 13.76575304263679 15.46866776378738 17.07825465335918 18.7986614768306 20.45230866613929 22.01761806916329 23.42374640675916 24.67759729002137 25.76523368684138 26.64989548189624 27.3735699359795 27.80245761976403 27.85962057233701 27.49366191268928 26.74280007227935 25.59175595601846 23.92731644249943 21.83510219898744 19.81443486154967 18.00554183025815 16.38493197584103 14.88405591502669 13.55789607085899 12.33142082212726 11.19032888268703 10.22290013439488 9.360138688149163 8.605457378027495 7.878344856995682 7.28445758404996 6.745457457618613 6.259223385966834 5.849630719938432 5.449601102336601 5.076113917471957 4.781333901562903 4.447223165479954 4.253356136330694 4.009989349411626 3.826226885114011 3.573011561806197 3.35698101561502 3.276960172202962 3.237082372888835 3.085021511664308 2.996810037919204 2.926328640878637 2.819398737658048 2.707692050273181 2.716745178007841 2.690992868074318 2.646162337536225 2.618517636070465 2.607232960908732 2.520177455760859 2.542129925062909 2.535151566515196 2.498851393291261 2.431679456723941 2.432801233779173 2.425199445984617 2.37970180238699 2.303062434926687 2.298315134390577 2.291545598323864 2.246587237662425 2.290367353645706 2.303011335592601 2.288165870366356 2.294187839408551 2.307377264922252 2.305893161872518 2.332446143780544 2.34520806686487 2.333752984017337 2.331463664697367 2.324234965388314 2.361669341658853 2.384389845537953 2.361227215034887 2.380782606651337 2.35893255393421 2.385166716703679 2.323585972168075 2.287802795175594 2.340502239094349 2.347904866379395 2.375222404287342 2.382082444226398 2.322916679971968 2.295106683137419 2.299919584715099 2.26470361210886 2.242147324501275 2.243504156911513 2.238974124462402 2.283503488120914 2.301966209175589 2.2645915853318 2.304052103634604 2.310471551612864 2.241698533820454 2.259518693314021 2.248842294073256 2.297679867871921 2.320087233834784 2.347156000196264 2.350292472277943 2.359144742440549 2.342725507118303 2.320183583629841 2.298534671994275 2.318872274026944 2.360296707607631 2.37894895055797 2.385185802420892 2.404474633412519 2.380414642313553 2.306130479597414 2.32685545572167 2.348112679814221 2.318408580053074 2.322948342261952 2.345654039181682 2.352854616532568 2.347583811661025 2.334777218336967 2.288257490119577 2.334813109340757 2.34069414471378 2.304333354499249 2.255345407385903 2.274260664562462 2.272180569192642 2.250625235654297 2.270216094304487 2.27642992035544 2.252541440138884 2.281467141408939 2.233393369871919 2.232634191328543 2.273654041629925 2.321438857281464 2.326679275196511 2.328711386177019 2.321349940946675 2.344041834163363 2.34781382456822 2.377869999792892 2.383455196439172 2.379573804219376 2.359233893334022 2.365931345739227 2.347969051086693 2.308104354589886 2.371388109299005 2.346170429107588 2.348051664157538 2.291334663321322 2.316936252209416 2.312363297540287 2.258535878114344 2.277947671129368 2.275408492998395 2.237691234759041 2.226281758827099 2.200150131877308 2.160079006906017 2.217879191501197 2.163785731005191 2.181353520689299 2.176937563028332 2.15411500762275 2.190413724008977 2.221583050479239 2.254968076682417 2.220491238513205 2.283541590724781 2.245014817052834 2.310542220729076 2.304986115592328 2.263451895054459 2.308783939995919 2.292046477217809 2.314121613802854 2.308966142321879 2.323681421135916 2.267869389543193 2.274203173616115 2.228988805109111 2.269938812551118 2.31680666457396 2.337195906671695 2.3605557543342 2.335626252399379 2.374626810960763 2.350574074662291 2.376046757653967 2.371537375256594 2.286674885486718 2.278333936854324 2.259138510391494 2.274566052194132 2.286650293572166 2.272783331100072 2.294401187591575 2.353917997388635 2.314368507482868 2.296307140248246 2.325641088944394 2.256624712230405 2.257290207082406 2.242748912392926 2.217866782382771 2.253658055771666 2.250374228271539 2.277664084633216 2.245197856529558 2.258307377822348 2.327188833442051 2.337016418328858 2.296088907751255 2.264460644120845 2.27487610213575 2.2664174088859 2.28682722440135 2.288501598977746 2.287542771834524 2.337257686675002 2.313167220683681 2.282296623066941 2.295014684292255 2.352562138592475 2.332833847027359 2.303273908550182 2.30036138054129 2.314292711263988 2.346099698730541 2.33741855325934 2.346866907108051 2.394123423429846 2.360929338439746 2.347185038644966 2.331273101084662 2.283449641465268 2.298228854429908 2.268071822509228 2.290601110064017 2.247133806173224 2.268087148608174 2.257981461498275 2.243758849241203 2.272610212845393 2.266543533411095 2.288972713860858 2.308340180188679 2.274856039097358 2.343841886075097 2.360040323008434 2.368450839188881 2.390755125961732 2.388209356082371 2.370461913485997 2.356762162202358 2.384300187499321 2.376210298716614 2.388161220722395 2.38470623338435 2.371699582001384 2.372375339013161 2.338587241480127 2.371020537713775 2.369913001228269 2.39620701509557 2.384235031720891 2.361420771747362 2.335407357641088 2.297885003463307 2.340621831768658 2.317452331310051 2.307865192917234 2.290074442853438 2.283566616742974 2.301800350171106 2.354638387747855 2.343557803804288 2.306214200008981 2.294933384946489 2.356011415402463 2.271566652914771 2.279417932306387 2.289711853605695 2.26990589633715 2.205362947570393 2.191229577365448 2.203162827398046 2.228705637375242 2.219406249943859 2.293756222876254 2.281201659414364 2.205878166212642 2.202502037477643 2.244632471589284 2.253046552868909 2.218393704666596 2.221391394119564 2.22398187878207 2.149506476476745 2.21120888338919 2.215374172796146 2.195146882591871 2.209375737489609 2.223423211034969 2.223309889348457 2.244329148346878 2.295699120113568 2.320353491970309 2.363157223713642 2.4096766616276 2.481262112291006 2.61736813942116 2.717364537624235 2.772268822733167 2.934844581990546 3.044848872315924 3.184782271813674 3.374729653623945 3.534198300634671 3.673509821150219 3.805396977826604 4.019035429926589 4.268966327865201 4.437835771812388 4.664237325181603 4.900524487711664 5.087576868696488 5.349363801706204 5.537268148898875 5.763835599857885 5.956837690926477 6.16119619152596 6.457594020177567 6.640456572193216 6.891760940612585 7.132762550754705 7.388451932420139 7.642590539573575 7.936680461436481 8.231461404626316 8.355873306543799 8.607000751761916 8.844714129767453 9.046909500080801 9.241599912318634 9.432361607228813 9.657549747127632 9.950215915352601 10.22774648035193 10.4828145121428 10.67149931820313 10.91930221644725 11.10431429363234 11.29296598503424 11.47522727171963 11.68120654374798 11.81282153243956 11.91956578557438 12.07958596304888 12.24379741118901 12.44319764000875 12.50781199846097 12.20097393991455 11.5533395264938 10.79075625016003 9.926445218872686 9.159042702107399 8.49456922783429 