# Created by Octave 3.8.2, Wed Jul 05 11:44:33 2017 BST <co1ssj@node117>
# name: result
# type: scalar struct
# ndims: 2
 1 1
# length: 3
# name: params
# type: scalar struct
# ndims: 2
 1 1
# length: 18
# name: cleanup
# type: scalar
0


# name: num_runs
# type: scalar
6


# name: dopamine
# type: scalar
0.7


# name: targetCross
# type: scalar
1


# name: targetLuminance
# type: scalar
0.3


# name: targetWidthX
# type: scalar
6


# name: targetWidthY
# type: scalar
2


# name: fixCross
# type: scalar
1


# name: fixLuminance
# type: scalar
0.2


# name: fixWidthX
# type: scalar
6


# name: fixWidthY
# type: scalar
2


# name: fixOn
# type: scalar
0


# name: targetOff
# type: scalar
1


# name: targetOn
# type: scalar
0.2


# name: fixOff
# type: scalar
0.2


# name: targetThetaX
# type: scalar
0


# name: targetThetaY
# type: scalar
-10


# name: exptnum
# type: scalar
0




# name: r_0_m10_G0_L0p3_D0p7_scsum
# type: matrix
# rows: 6
# columns: 600
 2.281750510130223 5.343635684184846 5.122818489224301 4.95005346788821 4.838857212489529 4.808044369194249 4.943603538026764 5.139180658654368 5.47319493409168 6.161153603403363 7.015590931143379 8.065095615238533 9.296276537534141 10.76224407142581 12.18789815001219 13.78849550821178 15.42603442290965 17.12818382897785 18.8056262671962 20.49316448251011 22.06679144907685 23.57469631964341 24.90903385065758 25.97733784687443 26.90306207205504 27.50286536563544 27.84946537755968 27.78013675793773 27.41715885103076 26.64122962564943 25.46092632361979 23.80395705785486 21.72376783424443 19.71393966899632 17.92134507401533 16.30036447804014 14.72983490923434 13.38180191588617 12.21615659840973 11.13631142950544 10.12991506664184 9.26415357796941 8.530340402558068 7.811898215639303 7.148787017638824 6.664442401205633 6.117894958095349 5.687495159472746 5.280765299739869 4.931356050816248 4.616818466958648 4.367052384686758 4.170456116378773 3.910108387037326 3.74618547458158 3.531350535529782 3.37163417647389 3.261515757480083 3.103066202723312 3.036050430737305 2.865397497102094 2.797169553232379 2.69742533374847 2.719717418680375 2.682814730706014 2.690792423971288 2.65545575955548 2.614632411321509 2.610878461426182 2.557000830638572 2.580733304024761 2.495193937582371 2.467762055406638 2.427999968613221 2.395425152230018 2.413921667783143 2.364175733990123 2.42107943699375 2.376997477524128 2.349023315504382 2.333719429971779 2.361090503629157 2.353072083262305 2.360711792549409 2.35576715413481 2.281612250757462 2.318383285768505 2.318613401010225 2.327584102393303 2.357404335649335 2.348410960596084 2.344393803494313 2.300449109738111 2.254308464805945 2.250047673980589 2.219543168291239 2.245325111072816 2.277114388834889 2.290498929778551 2.282941699875664 2.256245453259908 2.246037802942737 2.220966773536929 2.213830355864047 2.214824035992933 2.186242277672136 2.206271676484903 2.151109908030776 2.178178729242063 2.178141678434258 2.186733510396152 2.14078461475583 2.174823373421532 2.177337265115057 2.189674699748139 2.230518887321523 2.224888351891423 2.260087869512063 2.221590113069396 2.282097645405884 2.296010163694518 2.289273989859794 2.273149608749009 2.333703635135862 2.310960057060583 2.267077437096304 2.27812929416541 2.282579475164312 2.224333132407992 2.254026281047118 2.281351415185782 2.268300147323316 2.28585405458216 2.334509267537214 2.299853714794153 2.309170296837692 2.255475990816194 2.27976488485001 2.2560267746303 2.257171144156018 2.312454165359668 2.332426823333662 2.292298282505726 2.290455700885104 2.321769648664485 2.294717834762196 2.279136513847334 2.29663638924103 2.296051337400968 2.229711913355459 2.21969423925475 2.209579135484091 2.247445327653622 2.299075479277235 2.24408018111717 2.264206871413535 2.257040231452265 2.238707895736297 2.282639849130646 2.282951123619569 2.297900553036015 2.339194992124249 2.275056237733224 2.241049121228571 2.213046691853378 2.233762773990748 2.244557450814682 2.298945862261462 2.263020024718571 2.30993870290331 2.262675669677265 2.270481678599026 2.290499096612621 2.314008954854216 2.254279916396627 2.288055003868067 2.322489452741138 2.279596370732179 2.273593070727657 2.320915129941568 2.342804943171359 2.346539328609651 2.3303049431197 2.31809360338957 2.30492409100043 2.290951097129437 2.307594877740485 2.281870303129836 2.30665155213137 2.238983643517713 2.252346885918087 2.189137691711949 2.190879151596164 2.165347709531488 2.126027838770824 2.175342482078122 2.179668073087669 2.221481733387918 2.246395405971271 2.225342862697289 2.239244529344433 2.194711073578219 2.145099683817534 2.138909436194808 2.197610135819559 2.200738168288808 2.143056015222101 2.153131100658356 2.132803427281033 2.111569945573137 2.118660705782531 2.147998551605269 2.234597441853111 2.242746675350645 2.248980237272917 2.241550269134677 2.205056970848091 2.231251487253758 2.261892616072146 2.223849786147184 2.244004282671085 2.22234909222243 2.233959322595183 2.256678076682874 2.317598838071717 2.282039137011452 2.255397607204941 2.287458999373484 2.29286995572329 2.292736211609736 2.329191055427145 2.311720113742922 2.348517494327098 2.329760860215174 2.276314763083064 2.369166520962608 2.32255263357365 2.317428678052238 2.354325515534583 2.375029674989491 2.374298897273547 2.350819945568219 2.297193829810567 2.28645861602854 2.282612842420349 2.250142145203426 2.287082356367137 2.278903421451105 2.294249553851841 2.33115395171626 2.344531382546847 2.342159766056284 2.317265881545609 2.327449049307688 2.252246101317724 2.216634769640223 2.214812116828398 2.255564685558056 2.204269920126535 2.225384233863224 2.242116575249383 2.286527858315822 2.25268395313833 2.236415649924311 2.26208241450513 2.234271442948739 2.249217406490061 2.237740674892848 2.214755457025603 2.238938611997582 2.209805160389806 2.216998170326406 2.210174215098959 2.199918268779584 2.171313784598169 2.196251946663324 2.211502066929825 2.180486772384029 2.173247472157527 2.186016496301818 2.189166223986831 2.118765441968208 2.125516482854437 2.153588796350959 2.15211230623936 2.214559732936323 2.239963960902969 2.289998825275688 2.302910834030627 2.206824507822603 2.225436035707389 2.258535413595382 2.230149971974242 2.2202619552736 2.267655669144006 2.261874492895004 2.295529033934145 2.297217782390362 2.31213655114334 2.314591695558192 2.351100933690759 2.368023918512336 2.423562045994913 2.399345980376893 2.384598615957657 2.347660602266842 2.373141086905889 2.390843890496399 2.411060112706764 2.391839885427544 2.39269119342498 2.367359225841938 2.349570545284223 2.358970794222842 2.294223353317648 2.240779617415683 2.245077042927733 2.320448551748996 2.330339076732344 2.383212427204853 2.462985450161796 2.575948074329062 2.68837345497559 2.906853964130278 3.179684222130163 3.458860300630477 3.69974984372675 4.040711447283684 4.338844496756792 4.738613952562446 5.115915913533172 5.539829499180996 5.984449762283475 6.522680786980345 6.978184664487344 7.531644822298404 8.087533425299625 8.708727143013675 9.307903629527573 9.900514742548694 10.56888242062996 11.21987890253149 11.93160187019384 12.5957222973957 13.29978615621803 14.12984185908499 14.86961739084654 15.51250511231046 16.22731903224485 16.91555472256005 17.57888062269922 18.22538137103766 18.88838895192112 19.56703419508085 20.16611505750188 20.7923322565548 21.39041586464009 22.03656346556818 22.71166559445192 23.33316144401033 23.98273759259246 24.60598031841619 25.22810430176105 25.82164982199902 26.40041171309713 26.96594524277316 27.4621051686554 28.06158703290566 28.65213897153717 29.16916716526976 29.70425612300096 30.1299502232323 30.66299133141729 31.18752328320625 31.63643787344336 32.11886490308098 32.67379560539848 33.18863148430682 33.66778407707898 33.71412216895988 33.11990802815853 32.01106473630716 30.64153990520572 29.09741004456009 27.50280272137388 25.68204261665232 23.46457188134445 21.33086961726804 19.46813494341404 17.7028390318228 16.18716319442319 14.80417542821669 13.58410523749626 