# Created by Octave 3.8.2, Wed Jul 05 11:44:32 2017 BST <co1ssj@node117>
# name: result
# type: scalar struct
# ndims: 2
 1 1
# length: 3
# name: params
# type: scalar struct
# ndims: 2
 1 1
# length: 18
# name: cleanup
# type: scalar
0


# name: num_runs
# type: scalar
6


# name: dopamine
# type: scalar
0.7


# name: targetCross
# type: scalar
1


# name: targetLuminance
# type: scalar
0.3


# name: targetWidthX
# type: scalar
6


# name: targetWidthY
# type: scalar
2


# name: fixCross
# type: scalar
1


# name: fixLuminance
# type: scalar
0.2


# name: fixWidthX
# type: scalar
6


# name: fixWidthY
# type: scalar
2


# name: fixOn
# type: scalar
0


# name: targetOff
# type: scalar
1


# name: targetOn
# type: scalar
0.2


# name: fixOff
# type: scalar
0.2


# name: targetThetaX
# type: scalar
0


# name: targetThetaY
# type: scalar
-11


# name: exptnum
# type: scalar
0




# name: r_0_m11_G0_L0p3_D0p7_scsum
# type: matrix
# rows: 6
# columns: 600
 2.264153099793475 5.233317984908354 4.981646251271741 4.844349862942181 4.713384141712595 4.691531058299006 4.688333746336866 4.924080238983152 5.357337883819127 6.064118208567379 6.949485672725132 8.014089916308876 9.220940485396568 10.60879521708193 12.13052325426543 13.7458519721913 15.41827032147557 17.08632715623207 18.86603970640135 20.56495862302108 22.14131495112815 23.67945259092812 24.95746221412264 25.97921686279733 26.90495591110539 27.56021706189131 27.89066316634126 27.89514850216801 27.59447205739707 26.87676531209581 25.65790468105843 23.96638311608694 21.88092114708707 19.84942087842501 18.02863477012943 16.42844861219055 14.92259708554047 13.61432167130988 12.42765869518917 11.30996526452873 10.32898915811256 9.475605822284706 8.686895943821582 7.963857644799646 7.391570611987845 6.792677055553213 6.325029043633549 5.865229487964825 5.44348451429687 5.043372375213949 4.756277542051976 4.418704160867492 4.219273117774719 3.949378162375069 3.696597873640712 3.472833777040705 3.305525792412482 3.200614777495502 3.059796487134008 3.020808599336306 2.951217952824663 2.841174033175776 2.714396167430095 2.621329243909713 2.605204682202384 2.575616262445692 2.531610672887382 2.486126483992848 2.530723312507234 2.482953643106157 2.436835232119847 2.463925129115523 2.449422708261409 2.47037868100233 2.477838737104321 2.440383342869609 2.398057155529386 2.394777089193667 2.37356371115311 2.437385562130657 2.399523852389393 2.369417001675174 2.354416330708773 2.334996339577629 2.301441699695715 2.246244033857693 2.231011201261936 2.181580972566735 2.199188721577229 2.184310079142961 2.167221340030665 2.167050343225128 2.18264156672376 2.20409832643054 2.253131189805572 2.284426374400937 2.266803063095722 2.310527140904014 2.290151476881874 2.228675989852491 2.224700401762675 2.195251531811664 2.254921185765852 2.262493399222876 2.270873738823866 2.263378385257965 2.252689867644222 2.193774907043917 2.22149725905183 2.164040674019816 2.111379844856856 2.105569348907011 2.163349757065589 2.186893765647255 2.231102516549072 2.243922606283377 2.259412288680323 2.324284598489612 2.368334200258687 2.400729917892022 2.381963342511881 2.368306927878621 2.389478788387351 2.282150711711438 2.266993919671222 2.230907847479102 2.254315227684856 2.250422160157541 2.24008866197255 2.238769603394758 2.278042505669873 2.35174515678591 2.342885310452402 2.370164832020237 2.381561895956111 2.362862586669507 2.344505356109948 2.34082024082818 2.32951183503792 2.331844614118381 2.287247721011227 2.278046470411937 2.302625441960117 2.292156552855886 2.3097232096261 2.364509247332535 2.289765646863088 2.32134465420495 2.313506775708447 2.266163455247806 2.260914182074885 2.270457780836296 2.266784194711363 2.208349600474321 2.242678580230859 2.222233554226932 2.241911313771197 2.230714385717874 2.299135476212541 2.278278888241402 2.302506017331325 2.315621776673652 2.370777656269638 2.296531097425031 2.302897815974575 2.254482542921323 2.215424059266297 2.246195236199128 2.245452124050644 2.293442900147056 2.282377144114434 2.291808504847722 2.292629376137484 2.292023049529234 2.261193083686521 2.263815502523357 2.244199713877606 2.165354227356147 2.195379490083724 2.20142022818618 2.245916405263415 2.263941695957328 2.263774633778667 2.332581910282897 2.233171206309635 2.228749707104726 2.22012594057378 2.1709830775726 2.176089145334117 2.202139991100921 2.192087469395119 2.204394036860322 2.251948472228833 2.282234237754892 2.269807381442661 2.25066536734812 2.202692832925095 2.241872535400034 2.249990759002685 2.248426540380024 2.242799704683421 2.243232300101226 2.280815170801361 2.268021559215413 2.201983268843833 2.241034959562967 2.22605543220925 2.274139973698766 2.265296386449336 2.262592444143593 2.245555102286744 2.279632104455231 2.304354668154701 2.232096930292755 2.258497553928464 2.297047074200236 2.318119542564091 2.309063635482744 2.35811473090871 2.356301881038235 2.36380901416851 2.274274843053718 2.265390038971418 2.3130465191025 2.360127039137296 2.32408936396132 2.292252514926076 2.334784731494437 2.316616269115912 2.283654633305559 2.255754916976002 2.245041809641407 2.273867844844062 2.289478417354985 2.299779039960413 2.280036359508813 2.269968059532403 2.245720520331815 2.27276789334428 2.311091636178389 2.2747019531962 2.274190874693886 2.281639077892578 2.320063967228634 2.2868964393856 2.194986226295441 2.222170270000788 2.239266916007182 2.182664587271574 2.179043956268288 2.183857047737547 2.141400379005063 2.219546426953457 2.231539724729373 2.25809314444632 2.256414845398467 2.229108245777752 2.247869772337253 2.22953550450984 2.190012598532121 2.208399521390675 2.255308072049957 2.256676634771793 2.275759242085769 2.259421503484191 2.271343491593143 2.309127563716174 2.291051009164221 2.275783420795051 2.328757676226815 2.282631754125759 2.264131616884697 2.291644726014056 2.311607161143911 2.319326009455835 2.325031807788037 2.298539774837991 2.309701296238927 2.319217464406393 2.316566435045388 2.361391175687459 2.356249720967753 2.333270748225914 2.305855106926174 2.308375896409416 2.366928039056802 2.34795064751961 2.293811263667521 2.278195929487993 2.311067806032952 2.295880523961387 2.271619817329338 2.251412738674844 2.320596124292933 2.343197505608259 2.336356290616095 2.324427566138183 2.38085277427308 2.404606336938741 2.390363358135801 2.407685037640476 2.393653210147022 2.378662732713565 2.370089575855673 2.385351705004723 2.338046605247655 2.361230681082816 2.362652606367192 2.373219420067471 2.35221882861515 2.304293780638545 2.309606950795569 2.306454266210494 2.297793933354114 2.280088953441009 2.284872335635555 2.306687588061322 2.276027239997347 2.347467634179338 2.334131330713717 2.377155259411666 2.581111592393427 2.779834819571988 2.876183383483294 3.045706866840192 3.213475598000514 3.498047496283107 3.742701545561431 4.024477513268721 4.372079497476079 4.655808278948825 4.984513411909575 5.37755660811672 5.7930154820192 6.186508654602221 6.589698286834391 7.026394137348689 7.404329576780583 7.910576578382461 8.387373467849102 8.854699180326861 9.341008985888038 9.892374673629092 10.46307140947647 11.06379624261172 11.74627379799131 12.3510795897364 12.95202972184052 13.49914729419106 14.13759468759235 14.62093786185869 15.19150352731231 15.69509310166995 16.27591622287582 16.79918861095939 17.33756791279666 17.83008176895783 18.31373027180598 18.76886320031917 19.30646379904647 19.73958427025354 20.11979206795513 20.55921520164702 21.04303609640556 21.48706317473989 21.95056562445097 22.43177309562452 22.90566416800721 23.37915317991428 23.81469262133396 24.3047021897728 24.74622486004955 25.17848704497374 25.58674734440865 25.98730470020746 26.31604127384344 26.762045095129 27.14787285568309 27.2260238108538 26.74066653767659 25.83635530339598 24.61486261366736 23.32163753371424 22.04561107756672 20.43447383794455 18.59243683303794 16.99651855307275 15.56048383534835 14.2412455973099 13.00933106990851 11.92726252148896 10.96910203660082 10.05913109876929 