# Created by Octave 3.8.2, Wed Jul 05 11:44:32 2017 BST <co1ssj@node117>
# name: result
# type: scalar struct
# ndims: 2
 1 1
# length: 3
# name: params
# type: scalar struct
# ndims: 2
 1 1
# length: 18
# name: cleanup
# type: scalar
0


# name: num_runs
# type: scalar
6


# name: dopamine
# type: scalar
0.7


# name: targetCross
# type: scalar
1


# name: targetLuminance
# type: scalar
0.3


# name: targetWidthX
# type: scalar
6


# name: targetWidthY
# type: scalar
2


# name: fixCross
# type: scalar
1


# name: fixLuminance
# type: scalar
0.2


# name: fixWidthX
# type: scalar
6


# name: fixWidthY
# type: scalar
2


# name: fixOn
# type: scalar
0


# name: targetOff
# type: scalar
1


# name: targetOn
# type: scalar
0.2


# name: fixOff
# type: scalar
0.2


# name: targetThetaX
# type: scalar
0


# name: targetThetaY
# type: scalar
-14


# name: exptnum
# type: scalar
0




# name: r_0_m14_G0_L0p3_D0p7_scsum
# type: matrix
# rows: 6
# columns: 600
 2.280693406901264 5.24789965650416 4.981891930365236 4.806768919574097 4.676677205574379 4.614398299136155 4.695859994619241 4.90765543667294 5.372849176848831 6.068835458550893 6.901439491957717 7.929016465825043 9.197697640469414 10.5209543514793 12.08730683886461 13.70958971391519 15.42086632089922 17.09572731237131 18.79407589021139 20.50850993805943 22.10359959847119 23.51787545312982 24.89683284983039 26.04847043968766 26.89155685573041 27.46054380666465 27.85176820962806 27.8625611640673 27.54876696382416 26.78135201022815 25.61477765012387 23.94340520391415 21.81502114285104 19.74442458538761 17.9639768567904 16.31743823792203 14.80987897185696 13.4909837272935 12.32348614496368 11.22202862552876 10.22802369362034 9.356706356176119 8.642861250431451 7.96821640176131 7.359104572326032 6.728164053842193 6.22117948198138 5.740422428258171 5.383883782640623 5.009537389971229 4.698270950255392 4.397179612242326 4.0977301436169 3.926979870249852 3.652675239149175 3.466310932678425 3.357323867443483 3.13973345766135 3.021104798761371 2.885765271792479 2.777032987723942 2.703851708072762 2.648343373464741 2.544332339868561 2.533493954259029 2.491930729585874 2.488877860596403 2.397696470188748 2.381247543940844 2.333362020832283 2.30726719017548 2.318126340298477 2.320562234363024 2.283064319282857 2.28135777683201 2.253690654077218 2.283253082283409 2.279174121722463 2.227170509711868 2.26224329782417 2.231878926688296 2.270411600977241 2.286249443310226 2.268156273456043 2.263948162977613 2.279745069507044 2.250191546256247 2.225302638093126 2.231000045088877 2.204287106920674 2.252862199366064 2.211913493894826 2.242257781181252 2.233004594578233 2.228089831842226 2.246344543591476 2.204701650387506 2.203210141677118 2.218944887004909 2.239621380100289 2.250075889403888 2.290550953541242 2.242838760666928 2.196175771854541 2.25909129251886 2.254700633875473 2.300420584724634 2.279911710709712 2.265716321751825 2.23342167953524 2.207958953877096 2.182716551546036 2.14066052013186 2.201813249357656 2.204511148376696 2.211804572005349 2.205568991012115 2.224257380221388 2.281444077045307 2.321097906882642 2.274011525409151 2.213081903686543 2.213330105843852 2.226415860008274 2.186227508551383 2.223400149829104 2.260997960733221 2.239571536294534 2.215916146522432 2.224059862710419 2.244885407899346 2.234561530356586 2.221675335707914 2.248550555370684 2.305031698233506 2.280911351735995 2.304287972656311 2.311406865206663 2.365657714304689 2.369229145166173 2.355351760947087 2.332250722687604 2.316856790879683 2.321315209324894 2.340027724134416 2.294949771025131 2.25850771376281 2.300941125089594 2.240585926076164 2.215183228005571 2.201443230198493 2.215354255942657 2.224113127376768 2.232001099975605 2.240758159154211 2.22883789462503 2.229254627650789 2.26499939641144 2.285676845445778 2.30729135961883 2.273024666726997 2.274777148399153 2.295506763764934 2.313309600642242 2.319757515848323 2.430483149008069 2.425200058027258 2.41208227644529 2.346489470553934 2.301528613197661 2.354772187478375 2.393332773099246 2.346980114562029 2.434490644751349 2.458507982275478 2.490086974743917 2.413906013447559 2.38880726862044 2.345552927224162 2.312721795206016 2.294552421379194 2.305306254062089 2.213601740149898 2.284418124276272 2.267679539149867 2.207364786478138 2.226730339152709 2.250314918121148 2.260316758227418 2.250296493792121 2.282445315024233 2.342999429753036 2.310600208838878 2.275136283788015 2.287661139729607 2.29423111570577 2.286851065055089 2.234982889713137 2.2303889634386 2.194626368109311 2.186170279728685 2.189115087137907 2.207118330035883 2.207432826695367 2.269619765575044 2.260559489742263 2.312562444447394 2.329326606151881 2.296959453778982 2.271908706497925 2.287975844956236 2.244958492632577 2.21922216062012 2.296725853039788 2.299213796955883 2.301055201794952 2.259411762424861 2.260468555758052 2.269044343287533 2.319989748433727 2.324462511875026 2.328942219093733 2.315949226063822 2.354109029088249 2.350524687732104 2.371650981576749 2.383516471338226 2.408632230177318 2.325492677926377 2.364964660311671 2.369263253644021 2.336657029038179 2.263597364806628 2.213104812974052 2.212973054520262 2.254609216142853 2.233111756737344 2.265620878457412 2.223609935514105 2.237758173003385 2.208027958200546 2.189439878249686 2.154713307107158 2.225716469241888 2.287561820699921 2.35216495586792 2.352568981503282 2.381502488493425 2.393569570933323 2.372551069802284 2.384632251865696 2.405277046145784 2.435499495295517 2.417011437406472 2.390104357749806 2.395665130890848 2.409989660191059 2.433995220038923 2.414590751788637 2.47540567789838 2.469069160499203 2.465780692395128 2.416598686257203 2.395679900004325 2.341435953672772 2.411021181404067 2.374970244920405 2.296527632330253 2.262925007351441 2.21338293639019 2.283009593877068 2.261506675829878 2.230471502669388 2.228737727069529 2.269876558555552 2.296507178583852 2.320608198795526 2.320978431365802 2.258591230856837 2.323467272944981 2.301614763455291 2.321205180887773 2.36308507416652 2.351463982500718 2.330592687780154 2.309658291156666 2.381900271568156 2.382351729303991 2.335904320214468 2.340974066508352 2.288574079659156 2.249836801282072 2.228534874104298 2.200381067748822 2.219650420629478 2.337306659101159 2.353765627285611 2.421947906175774 2.396402878148365 2.413108523327537 2.327111811118812 2.326271603898931 2.331190620738198 2.334612648421171 2.34721892017842 2.313282371051173 2.34120725624598 2.356618536841779 2.344143246311432 2.267753040061507 2.270744380868564 2.233897716796491 2.236888223509595 2.198230836369476 2.213686414466792 2.289954853415111 2.270786168031918 2.330358027047623 2.311429454621248 2.296329666452948 2.212934927543756 2.190765927218308 2.238044394478493 2.270975971907319 2.30066352308495 2.278969541086553 2.332555294742633 2.356005914443813 2.379734819198347 2.475104011668009 2.527893360667804 2.583844950298953 2.65759111080115 2.755115114257933 2.909983364465006 3.046392205942539 3.142519334647659 3.280072223416937 3.37516914333537 3.542243731732015 3.750301444219076 4.016230660869041 4.242255729594035 4.463866525984486 4.699507745515803 4.987695067829918 5.263482424270478 5.528012026916258 5.817712041964114 6.13697142102319 6.494880436854146 6.846253314126443 7.203563192262664 7.543837827783136 7.948853624202457 8.312872492635506 8.745170930153108 9.159994018144062 9.558645714423619 9.950279277258232 10.40693258297324 10.76128189336305 11.17497687949799 11.56682594078666 11.99989499755975 12.33432028967945 12.62080468038766 13.00652331140736 13.34757265037479 13.65902308666409 13.973801939439 14.27733845993498 14.56800034319167 14.93291052207132 15.15765483156792 15.45489072911369 15.69179007978892 15.98976336915439 16.32039500252722 16.63733283967122 16.94493014561886 17.21865644996069 17.52510919188353 17.82661443780671 18.08367676379567 18.32672233003905 18.29725200794201 17.72873373713082 16.86235189731087 15.97954928894796 14.94354010575262 13.85644400135425 