# Created by Octave 3.8.2, Tue Oct 13 22:19:44 2015 BST <pc1ssj@testnode01>
# name: da
# type: matrix
# rows: 1
# columns: 10
 0.01 0.1 0.2 0.3 0.4 0.5 0.6 0.7 0.8 0.9


# name: lat_mean
# type: matrix
# rows: 1
# columns: 10
 152.5 150.5 148.875 147 145.375 143.25 139 133.375 128.625 125.375


# name: lat_sd
# type: matrix
# rows: 1
# columns: 10
 0.5345224838248488 0.5345224838248488 0.3535533905932738 0.5345224838248488 0.5175491695067657 0.4629100498862757 0.5345224838248488 0.9161253813129043 0.5175491695067657 0.7440238091428449


# name: params
# type: scalar struct
# ndims: 2
 1 1
# length: 18
# name: targetThetaY
# type: scalar
-12


# name: targetThetaX
# type: scalar
0


# name: num_par_runs
# type: scalar
8


# name: dopamine
# type: scalar
0.9


# name: targetCross
# type: scalar
0


# name: targetLuminance
# type: scalar
1.8


# name: targetWidthX
# type: scalar
4


# name: targetWidthY
# type: scalar
4


# name: fixCross
# type: scalar
0


# name: fixLuminance
# type: scalar
0.2


# name: fixWidthX
# type: scalar
2


# name: fixWidthY
# type: scalar
2


# name: fixOn
# type: scalar
0


# name: fixOff
# type: scalar
0.45


# name: targetOn
# type: scalar
0.4


# name: targetOff
# type: scalar
1


# name: use_insigneo
# type: scalar
1


# name: cleanup
# type: scalar
1




