# Created by Octave 3.8.2, Mon Jun 27 15:29:37 2016 BST <pc1ssj@node117>
# name: da
# type: matrix
# rows: 1
# columns: 11
 0.05 0.1 0.15 0.2 0.3 0.4 0.5 0.6 0.7 0.8 0.9


# name: lat_mean
# type: matrix
# rows: 1
# columns: 11
 179.75 153.125 141 133.875 125 118.5 114.125 111.125 109 107 105.5


# name: lat_sd
# type: matrix
# rows: 1
# columns: 11
 2.251983252919207 1.125991626459603 0.9258200997725514 0.8345229603962802 0.7559289460184544 0.7559289460184544 0.3535533905932738 0.6408699444616557 0 0 0.5345224838248488


# name: params
# type: scalar struct
# ndims: 2
 1 1
# length: 18
# name: targetThetaY
# type: scalar
-8


# name: targetThetaX
# type: scalar
0


# name: num_par_runs
# type: scalar
8


# name: dopamine
# type: scalar
0.9


# name: targetCross
# type: scalar
0


# name: targetLuminance
# type: scalar
1.8


# name: targetWidthX
# type: scalar
4


# name: targetWidthY
# type: scalar
4


# name: fixCross
# type: scalar
0


# name: fixLuminance
# type: scalar
0.2


# name: fixWidthX
# type: scalar
2


# name: fixWidthY
# type: scalar
2


# name: fixOn
# type: scalar
0


# name: fixOff
# type: scalar
0.45


# name: targetOn
# type: scalar
0.45


# name: targetOff
# type: scalar
1


# name: use_insigneo
# type: scalar
1


# name: cleanup
# type: scalar
1




# name: fa_mean
# type: matrix
# rows: 11
# columns: 3
 -0.747389875 -9.163055 0.0595753
 -0.1223475125 -9.63050125 0.01368868875
 -0.08559045000000001 -9.68495375 0.0091629525
 -0.06661834999999999 -9.704485 0.00772187125
 -0.05612705 -9.710597499999999 0.006962221250000001
 -0.0384287 -9.729611250000001 0.0049644325
 -0.03460875 -9.728652500000001 0.00471161375
 -0.0362154875 -9.7289025 0.005059116250000001
 -0.024631725 -9.7248225 0.0035243525
 0.110505075 -9.7246325 -0.002277685
 -0.025658125 -9.721449999999999 0.00335626375


# name: fa_sd
# type: matrix
# rows: 11
# columns: 3
 0.1241594161764135 0.06865966522326951 0.009505561010121538
 0.05604729831789874 0.06623992827754482 0.006104628749482846
 0.038247984454945 0.02926338176800519 0.00329698697162706
 0.01327444939864335 0.02256716451585595 0.00159252954979929
 0.01868428050199265 0.02637626516938513 0.002083241331643947
 0.01279001239036594 0.009984086534509558 0.001199298856781983
 0.009900211028775382 0.0137631441071543 0.001106764637838435
 0.007665195497541841 0.0123379805594639 0.0009894926845024823
 0.005492244967939535 0.0141508745312789 0.0006592514110662618
 0.3867994422943082 0.01304304603994059 0.01648232958922979
 0.009685933220581868 0.01435509168005738 0.0009166951036029607


