# Created by Octave 3.8.2, Mon Jun 27 16:07:54 2016 BST <pc1ssj@node117>
# name: da
# type: matrix
# rows: 1
# columns: 11
 0.05 0.1 0.15 0.2 0.3 0.4 0.5 0.6 0.7 0.8 0.9


# name: lat_mean
# type: matrix
# rows: 1
# columns: 11
 154.375 130.875 120.875 115.625 108 102.25 96.875 92.625 87 82 80.375


# name: lat_sd
# type: matrix
# rows: 1
# columns: 11
 2.065879266282796 0.9910312089651149 1.125991626459603 0.9161253813129043 0.7559289460184544 0.8864052604279183 0.6408699444616557 1.302470180629319 1.772810520855837 2.507132682112035 2.38671920665766


# name: params
# type: scalar struct
# ndims: 2
 1 1
# length: 18
# name: targetThetaY
# type: scalar
-8


# name: targetThetaX
# type: scalar
0


# name: num_par_runs
# type: scalar
8


# name: dopamine
# type: scalar
0.9


# name: targetCross
# type: scalar
0


# name: targetLuminance
# type: scalar
1.8


# name: targetWidthX
# type: scalar
4


# name: targetWidthY
# type: scalar
4


# name: fixCross
# type: scalar
0


# name: fixLuminance
# type: scalar
0.2


# name: fixWidthX
# type: scalar
2


# name: fixWidthY
# type: scalar
2


# name: fixOn
# type: scalar
0


# name: fixOff
# type: scalar
0.45


# name: targetOn
# type: scalar
0.55


# name: targetOff
# type: scalar
1


# name: use_insigneo
# type: scalar
1


# name: cleanup
# type: scalar
1




# name: fa_mean
# type: matrix
# rows: 11
# columns: 3
 -0.7249725 -9.153427499999999 0.05809895
 -0.152693575 -9.630269999999999 0.0146963375
 -0.0870163875 -9.673935 0.0095943425
 -0.0669354625 -9.705921249999999 0.00723287375
 -0.03894775 -9.726554999999999 0.005072707499999999
 -0.03458140000000001 -9.724846250000001 0.004765451250000001
 -0.036193075 -9.715261250000001 0.004763590000000001
 -0.0396157125 -9.726351249999999 0.005077017499999999
 -0.04524404999999999 -9.696786249999999 0.0057850975
 -0.049246675 -9.72374875 0.005963846250000001
 -0.049913325 -9.68380625 0.0067205475


# name: fa_sd
# type: matrix
# rows: 11
# columns: 3
 0.1320248524764507 0.1352458218789559 0.008957161407659077
 0.0488930495533071 0.03483099194682794 0.003699039017265161
 0.03230747012814916 0.03175104632696615 0.002990677081229743
 0.02022366965562436 0.01153612764628731 0.001685348011208347
 0.01808798193639712 0.01777811656423202 0.001751379530873958
 0.01127670728727394 0.01566621837631183 0.001285559777378127
 0.01139198092491255 0.009191468773503448 0.001103883123795268
 0.006655038947065922 0.008378757898911088 0.0008079503675129342
 0.01289869598204186 0.05783500174449479 0.00110012374539997
 0.008230302404746218 0.007981439965856601 0.0006643243012035934
 0.01962469597840945 0.05582267177346972 0.002776934371783543


