# Created by Octave 3.8.2, Mon Jun 27 11:59:17 2016 BST <pc1ssj@node117>
# name: da
# type: matrix
# rows: 1
# columns: 10
 0.01 0.1 0.2 0.3 0.4 0.5 0.6 0.7 0.8 0.9


# name: lat_mean
# type: matrix
# rows: 1
# columns: 9
 223.25 182.25 165.875 156.875 149.25 142.5 134.625 127 122.375


# name: lat_sd
# type: matrix
# rows: 1
# columns: 9
 1.388730149658827 1.48804761828569 0.8345229603962802 0.3535533905932738 0.7071067811865476 0.5345224838248488 0.5175491695067657 0.9258200997725514 0.7440238091428449


# name: params
# type: scalar struct
# ndims: 2
 1 1
# length: 18
# name: targetThetaY
# type: scalar
-12


# name: targetThetaX
# type: scalar
0


# name: num_par_runs
# type: scalar
8


# name: dopamine
# type: scalar
0.9


# name: targetCross
# type: scalar
0


# name: targetLuminance
# type: scalar
1.8


# name: targetWidthX
# type: scalar
4


# name: targetWidthY
# type: scalar
4


# name: fixCross
# type: scalar
0


# name: fixLuminance
# type: scalar
0.2


# name: fixWidthX
# type: scalar
2


# name: fixWidthY
# type: scalar
2


# name: fixOn
# type: scalar
0


# name: fixOff
# type: scalar
0.45


# name: targetOn
# type: scalar
0.4


# name: targetOff
# type: scalar
1


# name: use_insigneo
# type: scalar
1


# name: cleanup
# type: scalar
1




