# Created by Octave 3.8.2, Mon Jun 27 14:45:42 2016 BST <pc1ssj@node117>
# name: da
# type: matrix
# rows: 1
# columns: 11
 0.05 0.1 0.15 0.2 0.3 0.4 0.5 0.6 0.7 0.8 0.9


# name: lat_mean
# type: matrix
# rows: 1
# columns: 11
 275.375 243 222.5 206.875 187.125 155.125 138.5 125.25 119 114.25 112.25


# name: lat_sd
# type: matrix
# rows: 1
# columns: 11
 0.9161253813129043 1.309307341415954 1.069044967649698 0.9910312089651149 1.356202681860537 0.8345229603962802 0.9258200997725514 0.7071067811865476 0.7559289460184544 0.4629100498862757 0.7071067811865476


# name: params
# type: scalar struct
# ndims: 2
 1 1
# length: 18
# name: targetThetaY
# type: scalar
-8


# name: targetThetaX
# type: scalar
0


# name: num_par_runs
# type: scalar
8


# name: dopamine
# type: scalar
0.9


# name: targetCross
# type: scalar
0


# name: targetLuminance
# type: scalar
1.8


# name: targetWidthX
# type: scalar
4


# name: targetWidthY
# type: scalar
4


# name: fixCross
# type: scalar
0


# name: fixLuminance
# type: scalar
0.2


# name: fixWidthX
# type: scalar
2


# name: fixWidthY
# type: scalar
2


# name: fixOn
# type: scalar
0


# name: fixOff
# type: scalar
0.45


# name: targetOn
# type: scalar
0.35


# name: targetOff
# type: scalar
1


# name: use_insigneo
# type: scalar
1


# name: cleanup
# type: scalar
1




# name: fa_mean
# type: matrix
# rows: 11
# columns: 3
 -0.730936625 -9.1314625 0.060928525
 -0.2137435 -9.55644 0.0214726875
 -0.120147375 -9.6551475 0.0124973325
 -0.1179794 -9.657387499999999 0.01221602625
 -0.1628665125 -9.5944725 0.0173780625
 -0.655573 -9.21723875 0.0516698
 -0.3489551249999999 -9.409751249999999 0.0365372
 -0.1472186375 -9.637889999999999 0.01450633125
 -0.08133602500000001 -9.687648750000001 0.009076032500000001
 -0.0622747 -9.714322499999998 0.0070437725
 -0.0537430875 -9.716056249999999 0.006446437499999999


# name: fa_sd
# type: matrix
# rows: 11
# columns: 3
 0.116698200560172 0.1152285240914145 0.01277011539736986
 0.08178732622566198 0.08255831428234768 0.007746029531026571
 0.04717133352528389 0.04944270847585706 0.004277108056308107
 0.03202133833417068 0.02788455268731106 0.002628617751295686
 0.05311157239879723 0.04752039344173369 0.004381449336834787
 0.205119497289472 0.1292869901130815 0.01115263769902503
 0.103004766137214 0.1308393430823248 0.01283347329135803
 0.07087805657872516 0.05266247674713817 0.005520277558030775
 0.02691128838115283 0.03411131334637053 0.002576650775670674
 0.01784456460814569 0.02025787377786676 0.001669447900335831
 0.01473114353532654 0.01038557920181373 0.001354358122409178


