# Created by Octave 3.8.2, Fri Oct 09 16:05:10 2015 BST <pc1ssj@node117>
# name: fixation_off
# type: matrix
# rows: 1
# columns: 15
 0.5 0.45 0.4 0.35 0.3 0.26 0.22 0.2 0.2 0.2 0.2 0.2 0.2 0.2 0.2


# name: target_on
# type: matrix
# rows: 1
# columns: 15
 0.15 0.15 0.15 0.15 0.15 0.15 0.15 0.17 0.2 0.25 0.29 0.31 0.35 0.39 0.5


# name: gap
# type: matrix
# rows: 1
# columns: 15
 -0.35 -0.3 -0.25 -0.2 -0.15 -0.11 -0.07000000000000001 -0.03 0 0.04999999999999999 0.08999999999999997 0.11 0.15 0.19 0.3


# name: lat_mean
# type: matrix
# rows: 1
# columns: 15
 443.5 393.25 343 293.375 243.875 205.75 169 136 119.125 106.25 102.375 102 101 101.25 101.375


# name: lat_sd
# type: matrix
# rows: 1
# columns: 15
 0.5345224838248488 0.7071067811865476 0.7559289460184544 0.7440238091428449 0.6408699444616557 0.4629100498862757 0 0 0.3535533905932738 0.4629100498862757 0.7440238091428449 0.7559289460184544 0.9258200997725514 1.281739888923311 0.7440238091428449


# name: params
# type: scalar struct
# ndims: 2
 1 1
# length: 18
# name: targetThetaY
# type: scalar
-12


# name: targetThetaX
# type: scalar
0


# name: num_par_runs
# type: scalar
8


# name: dopamine
# type: scalar
0.3


# name: targetCross
# type: scalar
0


# name: targetLuminance
# type: scalar
1


# name: targetWidthX
# type: scalar
4


# name: targetWidthY
# type: scalar
4


# name: fixCross
# type: scalar
0


# name: fixLuminance
# type: scalar
0.2


# name: fixWidthX
# type: scalar
2


# name: fixWidthY
# type: scalar
2


# name: fixOn
# type: scalar
0


# name: targetOff
# type: scalar
1


# name: use_insigneo
# type: scalar
1


# name: cleanup
# type: scalar
1


# name: fixOff
# type: scalar
0.2


# name: targetOn
# type: scalar
0.5




