# Created by Octave 3.8.2, Fri Oct 09 08:54:08 2015 BST <pc1ssj@node117>
# name: fixation_off
# type: matrix
# rows: 1
# columns: 15
 0.5 0.45 0.4 0.35 0.3 0.26 0.22 0.2 0.2 0.2 0.2 0.2 0.2 0.2 0.2


# name: target_on
# type: matrix
# rows: 1
# columns: 15
 0.15 0.15 0.15 0.15 0.15 0.15 0.15 0.17 0.2 0.25 0.29 0.31 0.35 0.39 0.5


# name: gap
# type: matrix
# rows: 1
# columns: 15
 -0.35 -0.3 -0.25 -0.2 -0.15 -0.11 -0.07000000000000001 -0.03 0 0.04999999999999999 0.08999999999999997 0.11 0.15 0.19 0.3


# name: lat_mean
# type: matrix
# rows: 1
# columns: 15
 171.375 176.375 175.125 176.375 174.375 174.375 159.125 127 108.75 91.875 75.5 73.625 70.625 70.375 70.625


# name: lat_sd
# type: matrix
# rows: 1
# columns: 15
 1.505940617307715 6.501373481262029 2.03100960115899 3.925648263117098 3.77728171346236 5.040904113917888 0.6408699444616557 0 0.4629100498862757 0.6408699444616557 1.309307341415954 1.922609833384967 1.302470180629319 1.407885953173359 0.7440238091428449


# name: params
# type: scalar struct
# ndims: 2
 1 1
# length: 18
# name: targetThetaY
# type: scalar
-12


# name: targetThetaX
# type: scalar
0


# name: num_par_runs
# type: scalar
8


# name: dopamine
# type: scalar
0.3


# name: targetCross
# type: scalar
0


# name: targetLuminance
# type: scalar
3


# name: targetWidthX
# type: scalar
4


# name: targetWidthY
# type: scalar
4


# name: fixCross
# type: scalar
0


# name: fixLuminance
# type: scalar
0.2


# name: fixWidthX
# type: scalar
2


# name: fixWidthY
# type: scalar
2


# name: fixOn
# type: scalar
0


# name: targetOff
# type: scalar
1


# name: use_insigneo
# type: scalar
1


# name: cleanup
# type: scalar
1


# name: fixOff
# type: scalar
0.2


# name: targetOn
# type: scalar
0.5




