# Created by Octave 3.8.2, Thu Jul 06 16:53:12 2017 BST <co1ssj@node117>
# name: result
# type: scalar struct
# ndims: 2
 1 1
# length: 3
# name: params
# type: scalar struct
# ndims: 2
 1 1
# length: 18
# name: cleanup
# type: scalar
0


# name: num_runs
# type: scalar
6


# name: dopamine
# type: scalar
0.7


# name: targetCross
# type: scalar
1


# name: targetLuminance
# type: scalar
0.3


# name: targetWidthX
# type: scalar
6


# name: targetWidthY
# type: scalar
2


# name: fixCross
# type: scalar
1


# name: fixLuminance
# type: scalar
0.2


# name: fixWidthX
# type: scalar
6


# name: fixWidthY
# type: scalar
2


# name: fixOn
# type: scalar
0


# name: targetOff
# type: scalar
1


# name: targetOn
# type: scalar
0.2


# name: fixOff
# type: scalar
0.2


# name: targetThetaX
# type: scalar
0


# name: targetThetaY
# type: scalar
-13


# name: exptnum
# type: scalar
0




# name: r_0_m13_G0_L0p3_D0p7_scsum
# type: matrix
# rows: 6
# columns: 600
 2.2370558364928 7.008715571369976 6.627650941682077 6.296549534417863 5.974480057528126 5.74416357386508 5.674998563714325 5.824111011061177 5.984290711356152 6.459349087701412 7.121897724729934 7.835072306719667 8.69835432722175 9.71432082393585 10.90669805141079 12.0866033705006 13.45720798546972 14.91087813979175 16.44501482648047 17.73221231134812 18.93713197870966 19.90388118623378 20.44187076160597 20.43788878451596 19.63773644014418 17.93526620047123 16.25560975127155 14.84295371712506 13.59653764226823 12.39454556209785 11.3624009050036 10.34598167801596 9.477962714347086 8.656507093357504 7.966921044891933 7.364993048373435 6.721869254673948 6.261752266800613 5.777972700758255 5.32929326096928 4.999778340534249 4.71027682217391 4.508187134302716 4.286490749756922 4.046803724959318 3.900556169792253 3.630100072590722 3.461911420472461 3.346874002818367 3.200753565295599 3.119047145159129 3.048616959086758 2.949920557926816 2.860422689125699 2.800535633927211 2.760602033653413 2.717891686424991 2.691466837652115 2.608063037332613 2.534685146714764 2.488751821620099 2.366412095823762 2.361673810926732 2.335852308104222 2.317011929182627 2.347895276379859 2.378576145631087 2.351154093299556 2.348861007947562 2.350508307146811 2.332002826376993 2.334022871429625 2.36102743225274 2.378309700356112 2.370606366159336 2.322654263662116 2.34757392758911 2.386581982871576 2.433462451830565 2.388200629378844 2.354971510139876 2.33991334417442 2.313122255720373 2.274003238357182 2.282764062787464 2.310968487759965 2.316911487789184 2.364764634230596 2.363659246235329 2.341424558280778 2.311230123472342 2.360733180314128 2.398189500680019 2.335640882942243 2.278209092262841 2.272643849635642 2.285230057089848 2.246892571623903 2.231090467503236 2.238702145370553 2.305371728267346 2.355521371442592 2.371610908416642 2.387261016012417 2.33250081382721 2.320271760279866 2.256942293854081 2.175916693013278 2.212830617805594 2.233817146239744 2.21262491519883 2.289470124972468 2.249505899802898 2.205034507625896 2.225577834946307 2.220422838025115 2.27527849890248 2.23657158345668 2.25534051318391 2.277099805960461 2.296862875486113 2.264777115946345 2.251916381494084 2.256912578572155 2.323108413384034 2.325538570345088 2.331257004905638 2.306929793261588 2.353629041928798 2.385801227388583 2.404891325029894 2.348541812127223 2.369937167233729 2.371646612660697 2.363107714008947 2.323039691109443 2.328315224436665 2.31385753478753 2.316798599683352 2.262836368972785 2.219244835092468 2.194577383270371 2.185653746120806 2.233015799323766 2.297363941918775 2.266812437850604 2.189592159792028 2.188880929857987 2.186058852192218 2.235018446066533 2.305275377595535 2.290982637212437 2.323876502778148 2.350385207289946 2.362167355760903 2.352233892697768 2.330397934623761 2.373415480084077 2.362684189050924 2.300607986577234 2.273472567620047 2.251138949330198 2.243370760672406 2.230804722375979 2.258343507769496 2.296777053175902 2.306238184901304 2.32020587687839 2.282842955490196 2.363865557803365 2.348573587703868 2.318103276476904 2.348938281978917 2.335652440793638 2.337685280603182 2.30566742433075 2.330424090947417 2.330252735513568 2.311117136578105 2.367350758177054 2.365128585974162 2.327809170885303 2.347462608346632 2.397963163164604 2.46253186350441 2.466100060126337 2.448326804662429 2.450729416828835 2.374051794933621 2.343439734597268 2.355648911558092 2.322188249352621 2.279837190835678 2.345951701427111 2.33739320978566 2.292749455220473 2.310929372509236 2.33402773144735 2.339361488557188 2.310154438200698 2.272227215758903 2.295011621150479 2.303823218917387 2.304234779494436 2.307303479854454 2.293493603901879 2.249074842075061 2.299756504624384 2.273582966845424 2.21373473143467 2.244308018769516 2.249797427444719 2.272789391892729 2.289232964547409 2.293046159509686 2.263356933646719 2.264700213330798 2.332189984281285 2.336212687223451 2.287120225078979 2.278193757323606 2.288417626674345 2.265665186796468 2.29689814637095 2.361324073826836 2.357933658706315 2.38816663023681 2.32498986635801 2.21954839324826 2.193546029608115 2.185358078135323 2.179353254357011 2.176915957428719 2.228104845333291 2.231342536617376 2.251123517122323 2.218285180166276 2.209163802821422 2.170540574519691 2.199278201096604 2.183172421304334 2.174032852391974 2.158945893017517 2.126067286242687 2.138055711977358 2.107632990613638 2.127103793995047 2.136508175386552 2.169333566707792 2.158788800972616 2.171090843214188 2.176795728741126 2.189506015660299 2.237364012422404 2.243782770172402 2.207758322227164 2.209066345712927 2.268913593179605 2.284877152604167 2.297678820432338 2.258257987305115 2.235472139414924 2.286977173436753 2.300828452767746 2.301274196532177 2.37104639341851 2.377940542533906 2.352798893083673 2.338400230080879 2.337800384376351 2.35180603673507 2.383379208949918 2.362996004427259 2.345577758915169 2.259741506291903 2.225527234906622 2.220078754018687 2.220844064817356 2.201843763148645 2.231673574726301 2.267100413642765 2.284743201751553 2.267265669092012 2.252282378307427 2.273025826150842 2.284603477797646 2.250741118761653 2.337890991329914 2.287776718199893 2.210150301303656 2.219588737902086 2.275644778244896 2.290570528597527 2.285141811391441 2.295797400205629 2.293976639921311 2.297442355529711 2.249122425280802 2.305918364112586 2.320418462400994 2.279555240011177 2.340623763142503 2.365244406515558 2.369231424570899 2.372410989599302 2.345627212358522 2.324950948026526 2.281608748504368 2.28273326119961 2.266278559436614 2.292141062614974 2.2753255365933 2.305277688792557 2.316318760284958 2.417925574249239 2.508708155015483 2.63688099214778 2.874780264452056 3.167982564074919 3.479279147673878 3.89912611994805 4.433142418696661 5.010518543895159 5.70562839412014 6.524185987378587 7.452931736639584 8.48806888807303 9.531494081440542 10.76930174577865 12.10130205441237 13.57517545462179 15.07886815095571 16.72145773913508 18.42814334319701 20.13759631721223 21.75784535486309 23.29082569647289 24.89408660682921 26.49450473207071 28.13579198822299 29.72424055556621 31.34990665206351 32.82972894939667 34.34480951230398 35.82319011180516 37.2756626355258 38.76461704088797 40.20407079659344 41.68392366036824 43.2273874006296 44.66492605866733 46.12298041815848 47.61766713710676 49.06052033313972 50.44406263739802 51.75326358733491 53.11270947251614 54.50685728542521 55.88280481610127 57.28184348116338 58.62379353192955 59.06763819079606 57.62155072763562 55.75799743930293 53.81347628569711 51.64489248062091 49.18195170498802 46.55624594991968 43.31489037465508 39.36640730488216 35.66316737324087 32.27867488781703 29.26370060841145 26.56858230173748 24.11329868487155 21.91240651788758 19.93444417691353 18.14463479909318 16.57277730288479 15.16304704901268 13.84830406340916 12.64767586822927 11.6525858785717 10.71705913708138 9.895234803527273 9.093547474346451 8.453863826624001 7.87272697624212 7.29909731218504 6.782757470769866 6.289745754133037 5.827132252350566 5.409285906833247 