# Created by Octave 3.8.2, Thu Jul 06 16:53:06 2017 BST <co1ssj@node117>
# name: result
# type: scalar struct
# ndims: 2
 1 1
# length: 3
# name: params
# type: scalar struct
# ndims: 2
 1 1
# length: 18
# name: cleanup
# type: scalar
0


# name: num_runs
# type: scalar
6


# name: dopamine
# type: scalar
0.7


# name: targetCross
# type: scalar
1


# name: targetLuminance
# type: scalar
0.3


# name: targetWidthX
# type: scalar
6


# name: targetWidthY
# type: scalar
2


# name: fixCross
# type: scalar
1


# name: fixLuminance
# type: scalar
0.2


# name: fixWidthX
# type: scalar
6


# name: fixWidthY
# type: scalar
2


# name: fixOn
# type: scalar
0


# name: targetOff
# type: scalar
1


# name: targetOn
# type: scalar
0.2


# name: fixOff
# type: scalar
0.2


# name: targetThetaX
# type: scalar
0


# name: targetThetaY
# type: scalar
-12


# name: exptnum
# type: scalar
0




# name: r_0_m12_G0_L0p3_D0p7_scsum
# type: matrix
# rows: 6
# columns: 600
 2.285083085735096 6.853167802750249 6.454242413747124 6.119148959667655 5.855435145967931 5.652444038787507 5.581566322391154 5.662400598303066 5.943604665240855 6.367457283879048 6.990358934748656 7.711969646647049 8.624954502920446 9.691691099764284 10.87238721993344 12.14420998674177 13.54401865497493 15.03469536462944 16.50528294839023 17.81231749267317 19.03431644176817 20.01364483321231 20.60032714448425 20.50763638724675 19.72679569917818 17.97462782338698 16.35363074483757 14.89778030483285 13.58866852125357 12.39617551791889 11.27794681981868 10.30457641917747 9.482228077995387 8.713218334276462 8.002838389853423 7.377261136702145 6.860646241279028 6.378935018339689 5.848311295478197 5.450658122303139 5.083926831024655 4.82346584743209 4.508423634324572 4.251669045290328 4.046126596509566 3.90974010969876 3.695748540272689 3.434430052007883 3.267896561621455 3.139856095964205 2.993858125155384 2.927161628766044 2.853563823053264 2.812290797111928 2.738365607703599 2.661529099044856 2.645125236249442 2.601420615919778 2.563907128987921 2.569482459417486 2.553454724922631 2.507586743513457 2.466570261245124 2.51157578834318 2.445931873618974 2.395314252202297 2.415478356480889 2.372828128871333 2.361492505271599 2.394352253073521 2.380289484943205 2.364478494033392 2.370078805643971 2.357511968530162 2.39836593184009 2.411842468933173 2.377663806808414 2.354144723907666 2.364054728714109 2.358874144574656 2.432210781225876 2.350068933148577 2.377760151273833 2.361751366785029 2.343432185734855 2.341470904459129 2.271965020525386 2.244611071262625 2.246639608558326 2.260966547697535 2.291409967312575 2.315732478869904 2.3506323371912 2.295935130507132 2.303592120042595 2.30475816940816 2.299980901276285 2.290468985058396 2.282923002079315 2.287037132553451 2.293640926105581 2.310431970261561 2.33238004190207 2.345751259888857 2.326347507740138 2.349667278816923 2.362132075984846 2.400308612424851 2.385232798431389 2.381648320868408 2.385610493074637 2.348429745008616 2.306132387531761 2.300776362684701 2.326865075949172 2.373331940178105 2.355398993007839 2.334474801438773 2.304687636522431 2.289671959904808 2.256961020306335 2.265281892807252 2.225876194890589 2.166001539115314 2.159608596128237 2.240133032813901 2.227506873619859 2.294187649205924 2.325917044428934 2.32339324268105 2.304009596624383 2.26102603687832 2.235323805758526 2.260968383379804 2.259811200396143 2.242897855997398 2.200455826397956 2.194964952490409 2.244724346688599 2.240155052764749 2.297416274202988 2.261939546384383 2.265698383605923 2.263932047224444 2.245316350046778 2.2718295293962 2.254041434007377 2.306018579409283 2.276522986416239 2.319569293074892 2.30113308583168 2.287461665200681 2.310634564903012 2.285447233669402 2.283123645062005 2.216777662710228 2.243010086240247 2.244797072082292 2.21098586419248 2.289905297788209 2.30612732210102 2.32974489528533 2.340146520291455 2.303294714249205 2.364699646728695 2.321734048484359 2.30015892069423 2.32925933055958 2.312938358627434 2.308730699223815 2.321285863015873 2.289714829570585 2.281999943123083 2.290654525419086 2.324154807878585 2.34990167666183 2.362201206728059 2.391048570148996 2.38806231669696 2.39417739003693 2.442596725741168 2.405575795753975 2.406978989391064 2.464037310095591 2.44471653294022 2.495733195544744 2.466156177838457 2.487537192529999 2.475593639332146 2.435131182654004 2.426505401002942 2.416215656696295 2.403128859452409 2.362472686647379 2.374370436453319 2.402467088741105 2.425287630030653 2.431261109537445 2.35920059259297 2.388772295606032 2.409206145290227 2.361015892962314 2.346244651318557 2.418193457873713 2.408898339341249 2.404520759950174 2.407412999556982 2.383132625138387 2.316581158727786 2.329986266475316 2.33943518117303 2.345755822992942 2.31866749306937 2.268449607279763 2.293515024159205 2.24421303163399 2.280196863331184 2.27001982931688 2.28875956846241 2.308098470679397 2.251895401195725 2.280756494837988 2.227018577803392 2.202315101931163 2.241272062041389 2.181620319523063 2.143736439888016 2.126682388730842 2.068232397996326 2.076747937177061 2.067900878941145 2.112788392172661 2.117319404816953 2.128185469315213 2.143515543899412 2.138310802089109 2.138562154621468 2.178268401141395 2.092397680204158 2.097701096154196 2.111510347946023 2.142007985057717 2.132586585017634 2.206582403749053 2.186277503176825 2.149793010517897 2.119012344082876 2.158415034627978 2.230052920014714 2.225760042672846 2.16167219383351 2.177538343294145 2.172746039039339 2.212911608919967 2.163390990357584 2.165199699269579 2.175021089016809 2.251517383705504 2.296984382381197 2.304568539559114 2.295918495750811 2.281381753524329 2.257069595427311 2.27090555601535 2.281929247768858 2.323878994284314 2.341948577530275 2.356494012910844 2.30668575139498 2.272633790398686 2.243380367028294 2.274479244084432 2.269453732809779 2.262915708532091 2.277036693585615 2.251737487058563 2.262845967481553 2.282950301712845 2.257018268363026 2.234163237983012 2.247431536037766 2.219891292697866 2.240015482053423 2.280119978371658 2.228899894784263 2.263644021930304 2.219557298369182 2.225109712853737 2.261196177903912 2.239488585542858 2.205680862934969 2.247062607471889 2.300414792469383 2.299315815023874 2.240819134611229 2.246005145883828 2.286024824381457 2.345114904399452 2.294771292876248 2.254671353239246 2.237357061450894 2.179497828037711 2.197464292759832 2.205317011968873 2.243546418576443 2.214779638896289 2.261782640602178 2.291912411954399 2.31203640127751 2.463776895996489 2.646843843660463 2.823763916167081 3.151906462186162 3.678536922663625 4.152516949634446 4.72010833542663 5.498279756513512 6.369264494220261 7.33828305059069 8.324644184482167 9.502400234589004 10.72657930615969 12.10410550290544 13.58881463301077 15.20572031779739 16.94826063005348 18.66980408187737 20.30741628090254 22.04749178504608 23.73242791164739 25.38328103949607 27.032615943157 28.62185486239832 30.13452200490792 31.74173072371923 33.36121477200322 34.99325188008152 36.60729709289399 38.18025732714159 39.78189023931554 41.34439120402385 42.8725859450642 44.41121035513061 45.94069822697929 47.42368512623034 48.8467606375998 50.26882601106627 51.72098799363994 53.20450753991827 54.6128065053781 56.08785962781621 57.48040614766069 58.92304586588216 60.28181570750166 61.62877105277585 62.63158854988433 61.76176574513374 59.8232724834088 57.57080702755229 55.25849538869988 52.93143054407847 50.39772720260953 47.3493299096699 43.67259890761488 39.51577944614473 35.78318211941951 32.39626113008126 29.38105622350849 26.63927644936484 24.23450951598988 22.01881666509871 20.02589158197952 18.2544947696224 16.62995226565545 15.12915555848667 13.81808490624826 12.67531091748606 11.60571493051611 10.62123009364586 9.74432271771002 9.0284959833225 8.313136320626654 7.732699960861282 7.165552319955168 6.701363095329725 6.224609462646185 5.82489170253757 5.511964297213126 5.111811468141241 4.835558848571964 4.539459161889681 4.294955663408473 4.062985019430926 