# Created by Octave 3.8.2, Thu Jul 06 16:53:07 2017 BST <co1ssj@node117>
# name: result
# type: scalar struct
# ndims: 2
 1 1
# length: 3
# name: params
# type: scalar struct
# ndims: 2
 1 1
# length: 18
# name: cleanup
# type: scalar
0


# name: num_runs
# type: scalar
6


# name: dopamine
# type: scalar
0.7


# name: targetCross
# type: scalar
1


# name: targetLuminance
# type: scalar
0.3


# name: targetWidthX
# type: scalar
6


# name: targetWidthY
# type: scalar
2


# name: fixCross
# type: scalar
1


# name: fixLuminance
# type: scalar
0.2


# name: fixWidthX
# type: scalar
6


# name: fixWidthY
# type: scalar
2


# name: fixOn
# type: scalar
0


# name: targetOff
# type: scalar
1


# name: targetOn
# type: scalar
0.2


# name: fixOff
# type: scalar
0.2


# name: targetThetaX
# type: scalar
0


# name: targetThetaY
# type: scalar
-10


# name: exptnum
# type: scalar
0




# name: r_0_m10_G0_L0p3_D0p7_scsum
# type: matrix
# rows: 6
# columns: 600
 2.256649831455434 6.879759278061101 6.561580396337376 6.188735886251379 5.896694136150472 5.71555034974881 5.614915691934584 5.691147638448456 5.883586969910539 6.355057893313642 6.93953300746125 7.664169688985567 8.572433516135789 9.656729882826767 10.86328998063982 12.19304351902974 13.55165839725669 14.96354041000995 16.43857243884122 17.83712397622367 19.02221641379947 19.99956182613096 20.4727075602168 20.48009395695044 19.67558136138905 18.02681880384989 16.31225606138469 14.83611670113351 13.49396684002568 12.28336196082819 11.2723147185643 10.31530807580202 9.506624062662013 8.733828170747074 8.013606082738988 7.384286539108871 6.843938261277799 6.356137889280944 5.877065258729999 5.431355090004217 5.058803052233998 4.755612516044494 4.499051995648188 4.256460566553869 4.040912116395702 3.84093668785863 3.643451202824508 3.427136017598968 3.292996862830478 3.239191191758437 3.111625945184642 3.064155158259382 3.010420608006825 2.958216437009469 2.846772251643415 2.783064340577766 2.741721214317295 2.685551147274964 2.60347381655447 2.652596924690442 2.647731530749297 2.62828380641804 2.571631881670328 2.46901357031129 2.477407049402245 2.430216997105163 2.457766639137844 2.46922420383089 2.431926331005343 2.407829637995746 2.374612957737554 2.356454587295957 2.324004408931614 2.272685978430673 2.293994020139507 2.310171184737555 2.290172782759328 2.238312423043681 2.277722345159418 2.230305147497347 2.242044452719711 2.20093755196649 2.19926654745359 2.215456945523329 2.238922771517537 2.247346164986084 2.281148061105341 2.283422735446948 2.26670123972508 2.307603073535574 2.306571918110421 2.257570582125481 2.310768434861529 2.353650385572109 2.356152729716996 2.326441080549557 2.356899191741832 2.374605162636726 2.296660644671647 2.303339868674811 2.238840642428841 2.198811891434161 2.165402687222922 2.188759277092686 2.204581631711335 2.223849496047478 2.266625969014058 2.256928548988071 2.254444339973816 2.290751188007562 2.318322813465784 2.332483559664979 2.321949875630708 2.345008310643607 2.374851933935133 2.372528067604435 2.394535362407623 2.390220630335534 2.326404705432651 2.308631515938032 2.298599534566165 2.359861768856717 2.327382776641571 2.347703769686632 2.362260675647121 2.288256745476247 2.207607812222705 2.251762263484125 2.23970347841896 2.205487632811128 2.223358636496414 2.21889981978893 2.177642282644229 2.172034481482115 2.211178959232711 2.180639110069023 2.182334311653904 2.196507208140247 2.18603378869193 2.210600949879336 2.299660397555272 2.321395001217752 2.329677099434775 2.380004181219192 2.375043291460315 2.359500332189782 2.2866196847026 2.316368095371217 2.256621892725889 2.228239597268839 2.189532964122918 2.204458067957603 2.19033636756285 2.205555538494082 2.231335226810188 2.26488310244531 2.200257553020492 2.167377638063044 2.203586909072328 2.210611941420211 2.239403473729908 2.264833044824627 2.331032985990532 2.272223291722185 2.299219004398765 2.272248485700402 2.231274816414953 2.23099942603767 2.288088855390015 2.272244654071983 2.342944559484749 2.341915717470329 2.306671399695915 2.268127967661712 2.259335182694485 2.249630936814356 2.298782110512548 2.312631475622766 2.295207259820017 2.324348337868287 2.271933022577286 2.338460025077438 2.410566529193602 2.381783827906474 2.36509658855357 2.391373598366044 2.364255514410615 2.388590065644166 2.411919167443557 2.453788514548251 2.381036120050339 2.394103130653093 2.375046054985432 2.34270128452772 2.295140230591642 2.318136911100737 2.285804782388368 2.222689996597182 2.215342807405705 2.27395908465769 2.267167077838167 2.279725634689385 2.280161828821292 2.282704226097849 2.295691771141719 2.234907948870386 2.249804052866239 2.278201574297782 2.299629647868642 2.277152840522831 2.223826001831185 2.255804263211758 2.236074382477 2.188578299331311 2.22343570429075 2.276491856107896 2.27486660141949 2.259313046961324 2.254839857960178 2.224109990107536 2.226669536757981 2.212937281216 2.241933969686215 2.240463344533055 2.188470997469267 2.17585984942707 2.205873602824795 2.253785153166973 2.304525820662093 2.279220632137367 2.262530953354144 2.287269198743161 2.279078246931022 2.23658560700278 2.233348119742004 2.196404960901418 2.205627594503312 2.235051146650221 2.233494986043297 2.252886618003686 2.234331644984195 2.26016681598594 2.293164633665583 2.304085397197923 2.316262574400753 2.31457951055927 2.293461350524012 2.247735058212129 2.27875547392614 2.318197842239897 2.372325781787367 2.352702700065493 2.327538102674225 2.330952371836247 2.32368537084767 2.344442169954164 2.360540258743185 2.375967170057265 2.399133352507988 2.437801653082715 2.38853681875662 2.397664439169603 2.466350668502855 2.494340403238311 2.460139629671175 2.500314961842378 2.49607259721779 2.477890489630227 2.4510031318041 2.425097218307201 2.419342579658405 2.448206305412896 2.377018240345933 2.38940764805011 2.381052004198864 2.348308029635518 2.370014384014212 2.30525975814453 2.308306954502768 2.262872294671979 2.253996655832452 2.302686593120598 2.286092980652029 2.185672935876937 2.224724351217446 2.222294506414983 2.323042964580964 2.348171473786351 2.308917822243529 2.288523589562828 2.312435293606541 2.325787962094182 2.339453424494423 2.379533566723694 2.341324293542129 2.283157032205054 2.335058356700756 2.300345824682154 2.323596022681159 2.300839613786593 2.37410428802832 2.489339049861883 2.592535798081371 2.819295914461691 3.088173372430902 3.429529074906895 3.97827016528754 4.634182363284708 5.257891899473179 6.11419659259991 7.007255479882588 8.051120877371432 9.216810609468666 10.54512281967618 11.94987520415452 13.49250137006311 15.14493993316864 16.84749825864128 18.59657895663258 20.32682507600475 21.9548842389122 23.6432824922631 25.33132337941788 27.08960861016021 28.90878062814272 30.73440850741463 32.50015255938342 34.06968958078505 35.64250605766574 37.15153940421806 38.63275276317654 40.27697287325282 41.91877164554535 43.61715850849578 45.34607224355022 47.02068140991105 48.59262279974064 50.12159822208559 51.64213043466589 53.12326618347288 54.63303007127979 56.10912814073527 57.61126935917127 59.04144284945869 60.50647854987983 62.02154394094759 63.46961276162256 64.92226903341725 66.49476330766629 67.99215567798819 69.46142979631986 69.40775565030708 67.62052644882442 65.52636168060053 63.34909473338848 61.04565371274657 58.64992905618783 55.86034881142768 52.72166875635594 48.92007652696702 44.44353635317748 40.18342274390852 36.39462239251588 32.97657948270353 29.87782761314156 27.05973574843301 24.61809537373483 22.3889340040987 20.38250207029341 18.51603774962859 16.87985383594423 15.49295245981921 14.14861242879851 12.91705228737919 11.87351581669827 10.88587794065006 10.01425246940926 9.222039615240647 8.542756705479405 7.922517820876237 7.345976764874649 6.848570478970942 6.415748959141638 6.016459704645968 5.666132607744657 5.294982400148001 4.971646014381804 4.657540370666538 4.40391337138135 4.132017674979579 3.893708444593358 3.751307603775786 3.569009181424917 