# Created by Octave 3.8.2, Thu Jul 06 16:53:11 2017 BST <co1ssj@node117>
# name: result
# type: scalar struct
# ndims: 2
 1 1
# length: 3
# name: params
# type: scalar struct
# ndims: 2
 1 1
# length: 18
# name: cleanup
# type: scalar
0


# name: num_runs
# type: scalar
6


# name: dopamine
# type: scalar
0.7


# name: targetCross
# type: scalar
1


# name: targetLuminance
# type: scalar
0.3


# name: targetWidthX
# type: scalar
6


# name: targetWidthY
# type: scalar
2


# name: fixCross
# type: scalar
1


# name: fixLuminance
# type: scalar
0.2


# name: fixWidthX
# type: scalar
6


# name: fixWidthY
# type: scalar
2


# name: fixOn
# type: scalar
0


# name: targetOff
# type: scalar
1


# name: targetOn
# type: scalar
0.2


# name: fixOff
# type: scalar
0.2


# name: targetThetaX
# type: scalar
0


# name: targetThetaY
# type: scalar
-11


# name: exptnum
# type: scalar
0




# name: r_0_m11_G0_L0p3_D0p7_scsum
# type: matrix
# rows: 6
# columns: 600
 2.250204765732633 6.839904596949054 6.413335593670126 6.09529405018111 5.874656053965737 5.667540132417344 5.574663205212346 5.6049400375814 5.915391927683231 6.358380784127803 6.961268287588609 7.800541607975902 8.728668200961692 9.750485755161208 10.90716190528474 12.15274495044287 13.47396342154389 14.88856307588867 16.38162538487086 17.78867027019078 18.99519662112289 19.87116818799495 20.36078620937769 20.40023588205258 19.61970471010136 17.89381691481685 16.18813230999513 14.70479580323081 13.37535193411168 12.19671692948759 11.1577920652926 10.21107606606165 9.273872399404354 8.520838962605922 7.847794723664265 7.203481843029294 6.653520023377496 6.199265587234549 5.705469790707866 5.27366672547214 4.890288770693587 4.622257883282145 4.326237482113356 4.165100183798131 3.92020868101099 3.698275121321785 3.54733238855988 3.390612770850566 3.285561016684369 3.241759488266325 3.04090530405665 2.915514857380913 2.827519694663351 2.758632621615106 2.644765674285736 2.604301662482612 2.569634030976886 2.568308692480969 2.505458342835482 2.444453107018489 2.42541580642137 2.407721625975682 2.387184235714813 2.379132527992624 2.405182909666109 2.40964791582519 2.42068075491261 2.462702329969034 2.450702108330006 2.406254780456948 2.362587594103388 2.353924368539992 2.387391297677823 2.377463365315634 2.344130632267479 2.323152370006937 2.307241378279286 2.352153614478084 2.326341910691553 2.318237187155319 2.313803102828388 2.341886371956207 2.320806865169288 2.313096561058046 2.291821975177299 2.309542748371314 2.34224788575375 2.331956812864519 2.313570014499419 2.315593985076703 2.354093986330554 2.303362563659903 2.255976799038763 2.262430660939572 2.255650826920828 2.21678153515677 2.232629431910027 2.264144145905448 2.264587492623832 2.256011809302436 2.263834505956765 2.292817796955205 2.325897945122051 2.277307297725201 2.246470949387003 2.266165524815733 2.221299343938881 2.28192935820698 2.280992989131846 2.341814239072846 2.326493358348671 2.269210815327824 2.321646736345429 2.335907760290866 2.332414115859137 2.310537428897078 2.260543506405156 2.236849114541656 2.244486526766195 2.234003329707775 2.173861460083572 2.241369212195423 2.279949500541989 2.328971723487484 2.354209509532666 2.353488143235154 2.390132847169298 2.411586691039702 2.405804941052338 2.357682328318333 2.300000192604784 2.300419789730768 2.322726762438833 2.386212223122129 2.408151695515699 2.391688545118086 2.386941344440856 2.358109687214892 2.360337375139352 2.364553274612263 2.360089937919838 2.360682419734076 2.317000800034293 2.379655460830691 2.316205366747454 2.333614709892572 2.373446509467612 2.379289284577681 2.38304163587236 2.392955417968551 2.38108731358443 2.385119175309228 2.394096831259958 2.343142937890661 2.336562444666924 2.316956649949134 2.307394484076212 2.32184986017819 2.290246503074741 2.313524779965519 2.244894337185542 2.262378569339489 2.238099395410245 2.296726672546356 2.336904223448073 2.29226132047188 2.276934819743474 2.290195028084781 2.302504983948893 2.263338657150598 2.274309419906785 2.289599260161594 2.253000226206495 2.278597679367522 2.266492186743562 2.235306378839596 2.304522656788322 2.337970138760284 2.364119482283058 2.375809190902146 2.358352626026317 2.346014055037813 2.271734708319855 2.302232149893825 2.264726985322341 2.280035409683478 2.340089368728513 2.31712868483919 2.302528801606968 2.294950332769076 2.251950473357283 2.269419278417445 2.358287173863573 2.319352868489659 2.24676817305226 2.212538638217666 2.204204893110727 2.225349677009945 2.237045614805538 2.26409227111435 2.228458210403915 2.292314925558458 2.280631592988357 2.267959136643185 2.231899434951629 2.233279258940456 2.253100612646449 2.239515781011505 2.216141275792324 2.191388891209499 2.162453247230587 2.144215402971895 2.268900961884356 2.358453943037603 2.342480604591401 2.27843512499021 2.274332296921784 2.255665874661645 2.211259477291605 2.240576711865288 2.27529808169129 2.287479576090846 2.274572337340942 2.309593246998702 2.317784990544169 2.337745101314795 2.325144150887354 2.264466433975031 2.256554340856383 2.226992768257333 2.198967093705505 2.256091948955145 2.217214641786995 2.162002436511102 2.155665751306515 2.149742959321884 2.197542975183751 2.187412801249593 2.202379714377457 2.193910706864699 2.186200994656247 2.143332831645239 2.183650112652685 2.150433246264583 2.136766951527534 2.158068198066758 2.218265912905736 2.236199537974244 2.252588642126284 2.254664749358199 2.261242550463066 2.311652164167754 2.314698495030825 2.29319249978289 2.265936161464197 2.182671115057019 2.229355686505187 2.229658536383795 2.224579601272126 2.253064544256631 2.291015564751433 2.324581692584616 2.289279575270484 2.300580910479766 2.407962864916044 2.415999592349181 2.38520141320987 2.339461552016473 2.380095438391436 2.379843045584494 2.33237694618947 2.297375593479956 2.352095854399522 2.352435256245371 2.356000721487362 2.340241468038585 2.391077332875284 2.306811834641849 2.280178416309354 2.347508749679037 2.326275250037725 2.338136175322688 2.333032624450425 2.30616352405923 2.318653937516501 2.28380864911378 2.263069130309304 2.282130033720023 2.252521819646063 2.245258561175433 2.231857508340909 2.243472544778342 2.224395488221489 2.259831080707954 2.264397982340597 2.270998358286306 2.319746839959407 2.319058530232724 2.306276633782545 2.29599226256687 2.329116929260636 2.335594256554032 2.365612257330213 2.441334857838228 2.584146143766702 2.79506353245597 3.088021551790007 3.433071270505025 3.920314775386942 4.42022062518663 5.157526713879633 5.948755583915045 6.82375602205866 7.914806833097828 9.0608872315388 10.38944396141233 11.79346142759459 13.2860454650363 14.93997037355803 16.76978174658143 18.61086649641948 20.48287629788683 22.35030612969422 24.13591842168535 25.94680664943007 27.70022137780688 29.36028692377658 30.97280283123837 32.64888316716315 34.44502136876326 36.24420750428544 37.88709333810039 39.54287001982266 41.24728764498468 42.85744695293033 44.388542367029 45.98045815023579 47.62047892202827 49.18696833021022 50.80635702959626 52.48984092692262 54.1799062418213 55.68921556724308 57.2293323329759 58.71459009531372 60.28528111978085 61.79126778941281 63.24800881712144 64.68063963441818 66.16634455375606 67.66646181933174 68.0416288814813 66.36776209664094 64.39357944983931 62.33350571104529 60.03991924203183 57.39394932136929 54.71450428551907 51.63645689702753 47.80457274766377 43.41249623706972 39.31797760601694 35.60137709663832 32.25411055740733 29.21469815643286 26.51769986477302 24.04476310350583 21.84378606177052 19.93332311709491 18.14986364066863 16.53593777706192 15.11599943299188 13.88061942412605 12.68834433166921 11.66007187571813 10.71914704663141 9.89356530567602 9.114440534813184 8.382370373619779 7.778233103708772 7.237237315472157 6.709986620540803 6.230370309469436 5.802511299596517 5.431720899727225 5.123068217249966 4.766246004757704 4.585204155759129 4.396738461486621 4.159316928569751 3.955218136565236 3.788606058691585 