# Created by Octave 3.8.2, Thu Jul 06 16:53:11 2017 BST <co1ssj@node117>
# name: result
# type: scalar struct
# ndims: 2
 1 1
# length: 3
# name: params
# type: scalar struct
# ndims: 2
 1 1
# length: 18
# name: cleanup
# type: scalar
0


# name: num_runs
# type: scalar
6


# name: dopamine
# type: scalar
0.7


# name: targetCross
# type: scalar
1


# name: targetLuminance
# type: scalar
0.3


# name: targetWidthX
# type: scalar
6


# name: targetWidthY
# type: scalar
2


# name: fixCross
# type: scalar
1


# name: fixLuminance
# type: scalar
0.2


# name: fixWidthX
# type: scalar
6


# name: fixWidthY
# type: scalar
2


# name: fixOn
# type: scalar
0


# name: targetOff
# type: scalar
1


# name: targetOn
# type: scalar
0.2


# name: fixOff
# type: scalar
0.2


# name: targetThetaX
# type: scalar
0


# name: targetThetaY
# type: scalar
-14


# name: exptnum
# type: scalar
0




# name: r_0_m14_G0_L0p3_D0p7_scsum
# type: matrix
# rows: 6
# columns: 600
 2.296493344198097 6.928987962226529 6.539673168124864 6.170128455458325 5.919410632433937 5.685866758758493 5.63946959497116 5.75455856424378 5.986443962950034 6.42900381320942 6.97288321945598 7.758191167607947 8.676978817995405 9.795706574477663 10.99552503996529 12.25313490641929 13.61485564486065 15.05666211817879 16.39915356310667 17.79122974799247 19.0203353166944 19.89371503421717 20.48436503576522 20.44533820491779 19.68016066751443 17.97313998553727 16.30468100468488 14.78399973755586 13.47377364743079 12.3026310277836 11.23894730213215 10.27280477411114 9.381511254669022 8.604506240881165 7.897404636456486 7.299506660565385 6.679031082079746 6.127584124839814 5.708015638454526 5.299475288989925 4.967796946926683 4.666279324475909 4.416527215493261 4.250761600527767 3.999881754687522 3.76432010348617 3.57333906419808 3.409961162346008 3.308492284924796 3.145837232052145 3.056920997922134 2.895466442005272 2.784609321599419 2.666707638811204 2.58017883575485 2.561499791248934 2.491316336170712 2.438510061909255 2.406066516939973 2.395033740016515 2.382422309274261 2.356250472075772 2.337621754668362 2.339977625579195 2.267277760245634 2.234022986580385 2.211213161914202 2.245934196816961 2.222730981326094 2.247206084281061 2.213838847412262 2.233542975605815 2.254385161770188 2.302663999180368 2.266021329800424 2.319079601402336 2.328367458343564 2.282528672963963 2.306600632196933 2.351683543402032 2.282443888230773 2.230593440719531 2.204859203346132 2.206245299930742 2.196643383824266 2.207436585274991 2.221536967910652 2.260531494714087 2.258313877660839 2.268843120445126 2.253713479687576 2.246533791774709 2.297286828284996 2.255879919546715 2.255507150301128 2.221022861485835 2.241463495862263 2.218797459921916 2.171257623747806 2.180455642501329 2.167483834433369 2.136343703261446 2.159003940709226 2.211722137129982 2.166232248899178 2.140495329967962 2.137619252998775 2.11700517425561 2.124128028837731 2.074580702537787 2.078691044371226 2.096761354659975 2.156208945176331 2.221267130662454 2.226890082383761 2.253237471100874 2.226423068710574 2.242765064105697 2.250392843838199 2.235883687349997 2.222050264084828 2.237796492774578 2.257442105950759 2.181526032709371 2.190177424243302 2.151371719464805 2.19052020640811 2.219370205202722 2.191538710787427 2.150091652060837 2.192097535909852 2.198552524676415 2.194154549200903 2.11628265721447 2.137219970558363 2.167570257288389 2.185419776636991 2.166566937823518 2.144383874227969 2.179859169540578 2.193441730181803 2.21514397170904 2.254683887724241 2.192210828296083 2.198399920325755 2.257980979076819 2.252640253100253 2.276909566786344 2.220321443302964 2.264485732019239 2.26314424717566 2.181410872221022 2.213795458141249 2.154619797747728 2.195639575122186 2.191649864872488 2.192865193523176 2.215595498779294 2.163735264468414 2.163101135054603 2.213190810234664 2.207955834412132 2.239907114544621 2.247924277735365 2.275072362088395 2.28493655926286 2.241481148485036 2.262597468838067 2.309874321381358 2.264096085866186 2.288739422154322 2.278234292632987 2.296832437561534 2.367887710868672 2.339910037117079 2.360745373691316 2.351067832110857 2.353721768082323 2.305736778645951 2.234651906481304 2.202905803838803 2.169457896496169 2.177652598711575 2.244652359906468 2.181861606339226 2.195439947608975 2.220262849154096 2.230036207176454 2.261235601108638 2.310742812733224 2.266822750400024 2.217406362346082 2.28456305232794 2.231969508829934 2.25958509305201 2.319397841141836 2.360328647930146 2.310568613338546 2.288345639535692 2.29316456271772 2.298278639125783 2.265945804174407 2.220670970425999 2.201185518577404 2.237040583026101 2.261188546082849 2.324790033591853 2.263178063985833 2.297202572154674 2.342173377994186 2.344706890929956 2.409660662458919 2.354948241711099 2.354004359884129 2.419148897264677 2.426733091720962 2.381328790143016 2.344524052750785 2.380552973139856 2.392281825261307 2.272976067733907 2.263665244921867 2.297002457485178 2.333392253254715 2.348405882923544 2.270893940949463 2.250492578150443 2.247544706267945 2.277244216427789 2.317712568225033 2.340742348718777 2.362435260431084 2.312927849739935 2.302636121916294 2.333890199617599 2.341238877890646 2.306797999015544 2.297981272773541 2.31030097410985 2.327887548497529 2.327587523748662 2.339922703442426 2.338231795252796 2.342826957656143 2.348018396543921 2.399946544093837 2.387006408280286 2.37748370020563 2.335021619703184 2.386461746085843 2.448575869835622 2.459342555834155 2.395215544091116 2.402988017594907 2.391604346717941 2.396947698500298 2.356218076361984 2.349849486265157 2.411320889856142 2.416070627677982 2.371740351656626 2.32537795350072 2.355309006085008 2.354989404127991 2.373650106077548 2.32849956429709 2.344365208700765 2.316075692695449 2.261760312190745 2.298846665729798 2.279589971760288 2.27073136882791 2.310573494181881 2.29058855014955 2.28979115488255 2.22453909388787 2.177779021400056 2.179920168641729 2.162813955132151 2.182080545710051 2.175455745902582 2.165137100244465 2.17885131778894 2.260291221587977 2.276829568544599 2.224599994071468 2.260352056222473 2.256769256433472 2.221257577208235 2.178875262688962 2.174208510128665 2.131877308911498 2.100041681507719 2.093817320435846 2.174790860211942 2.213782010952855 2.203861077454349 2.227254619736414 2.223919759388082 2.1687807998278 2.235946759672515 2.153477812775236 2.198399477554631 2.197544469174318 2.20415871291334 2.216856058461417 2.271543919381656 2.217637994315737 2.224214211171784 2.218113254442869 2.250413309099713 2.191078357864171 2.215331119659822 2.258745016169996 2.311691304897977 2.345938741666032 2.359943240018765 2.371472974222343 2.394020436360734 2.455516640231508 2.512871453167463 2.698354660355108 2.807780627452303 3.011517586018272 3.217085158183181 3.55139735983812 3.963600052535185 4.355803759797709 4.907431432711746 5.565111964526295 6.207238949040402 7.031918038876029 7.860982202590094 8.850520766054615 10.01083571032359 11.16720343835914 12.46614119637525 13.84625009334559 15.31975405503908 16.91496482509501 18.53900846794932 20.10076650516567 21.68061693599157 23.17968057763937 24.72390262816407 26.21496285991543 27.6942066634565 29.19758149055269 30.67289807157067 32.16759492792335 33.66791927293161 35.049645263618 36.43060047148902 37.79747620361013 39.09426066251217 40.37463658766501 41.75198545648891 43.1957014091131 44.5969096740082 46.03537338936803 47.28774198266547 48.60957487023188 49.83120015959139 51.14203335441562 52.37995081595727 53.65134910609413 54.96155330850161 54.9200039017087 53.19455737338285 51.1882556429191 49.17220034146885 46.91692343949762 44.58856308832219 41.83044786849132 38.34054287364052 34.76406958457665 31.51520331600477 28.56531374361657 25.88658345437943 23.52651536696067 21.37222369623851 19.39310375037167 17.68555180770454 16.18753211134754 14.82077093635598 13.56392847946699 12.4356563888141 11.43724386371105 10.55786022370012 9.755553318889724 8.962963962807407 8.296572107581596 