# Created by Octave 3.8.2, Thu Jul 06 16:53:06 2017 BST <co1ssj@node117>
# name: result
# type: scalar struct
# ndims: 2
 1 1
# length: 3
# name: params
# type: scalar struct
# ndims: 2
 1 1
# length: 18
# name: cleanup
# type: scalar
0


# name: num_runs
# type: scalar
6


# name: dopamine
# type: scalar
0.7


# name: targetCross
# type: scalar
1


# name: targetLuminance
# type: scalar
0.3


# name: targetWidthX
# type: scalar
6


# name: targetWidthY
# type: scalar
2


# name: fixCross
# type: scalar
1


# name: fixLuminance
# type: scalar
0.2


# name: fixWidthX
# type: scalar
6


# name: fixWidthY
# type: scalar
2


# name: fixOn
# type: scalar
0


# name: targetOff
# type: scalar
1


# name: targetOn
# type: scalar
0.2


# name: fixOff
# type: scalar
0.2


# name: targetThetaX
# type: scalar
0


# name: targetThetaY
# type: scalar
-7


# name: exptnum
# type: scalar
0




# name: r_0_m7_G0_L0p3_D0p7_scsum
# type: matrix
# rows: 6
# columns: 600
 2.333056661049341 6.89200589588836 6.621542248940386 6.322776646993589 6.011059801770898 5.88821183393884 5.75734437158826 5.788961884079981 6.015889334725216 6.433202361535223 7.02364399619546 7.84259980042043 8.728382564479034 9.783202126847755 10.95071845274833 12.16300787434739 13.56060084571072 15.01198262085018 16.40964281870401 17.75721938415154 18.95162416275343 19.83868684722984 20.32422229603617 20.28027725390712 19.50385466893931 17.88859156693798 16.22445848710413 14.70897665633493 13.40681519372447 12.22028907870117 11.16750912916541 10.2277522085642 9.436998896191653 8.695831688011822 7.974734145962429 7.294994855394179 6.732281483971747 6.237960857397411 5.811056044396537 5.403082486511266 4.988841898564715 4.724016618958558 4.421556260498619 4.109597351896809 3.948430024494883 3.71779374358448 3.480584493961942 3.355946924421005 3.203595595132356 3.023861209199822 2.929497340228409 2.840317716563732 2.815743711478717 2.757701721331614 2.696892722498887 2.6489076908274 2.637570580955071 2.615900736076583 2.580841626075198 2.558253713927115 2.556093698978657 2.484267493444349 2.470245068145232 2.487241166421882 2.5344038532985 2.577268173647099 2.523063948960043 2.444743490246765 2.486105426858558 2.475573100899055 2.446253150907069 2.437824689302943 2.470766658887442 2.47667041872046 2.459742763810937 2.379571035300614 2.348630004209554 2.363438596399646 2.380516319793969 2.370185404506628 2.32415251043858 2.330669665803725 2.365946115964107 2.384173971819109 2.375373090726498 2.346903123612719 2.391718636754376 2.394618374910351 2.434227989106148 2.432453183508187 2.40920493430167 2.404573155959952 2.355752629882772 2.31445182410971 2.291000563272974 2.305141671236925 2.281456122535928 2.231510474979586 2.296195543412978 2.282262835877191 2.300764341842296 2.274178077583201 2.260123170028237 2.262081616761861 2.216797905806743 2.185771677599405 2.227322762835684 2.218534655457916 2.250541783425433 2.207050345277821 2.22732668788376 2.253693019716593 2.269998500305519 2.212879734557646 2.251573407274918 2.260031811879344 2.266429087809229 2.283390281616448 2.274142506019416 2.238089642107298 2.230090130346071 2.305618710659473 2.306911804429546 2.292609447235009 2.287737399594334 2.272651978502836 2.322053326555761 2.364653290569549 2.374681771972973 2.326075052953456 2.320956545805529 2.262984756511287 2.193972555171058 2.169259598205826 2.252737179154792 2.217445072034025 2.225777223062323 2.264577846544853 2.299603684196882 2.262679505787673 2.29373530162411 2.30065733158699 2.30332542983524 2.319187303291983 2.35502759935116 2.335238075967936 2.345607547234977 2.320848038747499 2.329866277897963 2.324188502789184 2.271732835906732 2.231281464907624 2.261757244532419 2.302216423180653 2.322537094096333 2.370091320732172 2.318527004979842 2.270009273306641 2.268741209814834 2.201810634285721 2.177913362975232 2.178993637549866 2.159010105486232 2.196988927156781 2.172519482144708 2.229075473056582 2.251984452774195 2.349144784071541 2.307361800269973 2.282692873384804 2.253707492036483 2.281319814021117 2.337477568875329 2.353121192452818 2.321547754621861 2.346219230454153 2.36182596526578 2.369017591488955 2.347894853966864 2.349761984472934 2.308789867754967 2.283715766578098 2.270336896537628 2.305475845634646 2.312366983856919 2.314917365118163 2.240458629188652 2.287030281702755 2.352432778563525 2.379049394130561 2.353507509451447 2.323028112994507 2.307601206935942 2.343021472065629 2.338631971065297 2.273858127213316 2.302333230698423 2.313156585831166 2.324118708789683 2.343386856489815 2.306078232690197 2.308206343073834 2.349775454436895 2.379292445853935 2.337793305676314 2.297398590922967 2.29523615191647 2.31325996205851 2.300791918620234 2.314235045698297 2.281094860456506 2.304982133484373 2.30140973539892 2.266098272335512 2.318427867978244 2.373030112241395 2.395894890287309 2.345507150781486 2.292000511508377 2.333672674129048 2.279316844141249 2.32526288308145 2.283649301883997 2.335848298927885 2.29389164551867 2.295589388013468 2.345600754182669 2.346084053129744 2.38706430431921 2.402640535772662 2.399088329999358 2.38515429427207 2.383770622051088 2.336225474562525 2.338056875025359 2.368665522004449 2.33828291597456 2.30387071189034 2.323395487117523 2.317786594801873 2.29660066622273 2.313162155523059 2.301060358098766 2.25316016718898 2.305885381885673 2.326628860764686 2.300881872481114 2.337068683023972 2.352061401164974 2.367115763838228 2.414654077394516 2.36397160078559 2.372824277586915 2.420197904993984 2.414045927529514 2.315959261595708 2.321762788204069 2.375079534693214 2.359509208239615 2.326376806453482 2.309247264813166 2.290876063350879 2.249457150071976 2.289522608538391 2.308317393992183 2.29572772240499 2.254612870947312 2.301966666862427 2.322297641483601 2.323767318583123 2.34399127074812 2.337789570254245 2.305719154973303 2.363229436276015 2.371554576966446 2.401319060614696 2.416827256922261 2.409116642080335 2.349786131970177 2.333603717153892 2.322297411243198 2.314562850107905 2.339116886680131 2.375124895042973 2.367967188038165 2.372433660992101 2.380728846532293 2.350809339237458 2.315110737683426 2.267411270768207 2.20512516702729 2.227833931043278 2.2708542354776 2.41123310536932 2.561612914410944 2.806086435673933 3.180031543524819 3.632801139727235 4.18025146423679 4.830826028388401 5.59872245900624 6.399360720144614 7.30799241618115 8.318846262354782 9.495780633005779 10.71069298926886 12.12269905919675 13.57356506885844 15.14056018151678 16.74580213370064 18.36707026835938 19.76133320206645 21.26944139327679 22.87782495883948 24.63580028625074 26.28590690543206 27.72457195967581 29.18505128075049 30.56178657935379 31.98047400701034 33.42298483954073 34.95522882224759 36.49847549237893 38.01744109621541 39.5113573093272 40.80178768047335 42.07753187312483 43.40308823437226 44.73915649022092 46.12585750813378 47.48619990060797 48.82727501793852 50.20444729647716 51.48785642140501 52.76270090024991 54.18116768794425 55.56666892677458 56.79995527577739 58.02878125858297 59.19471872002032 60.41451157233678 61.55231889659626 62.63042078621038 63.74943980588432 64.88893497171193 65.98231739675975 67.10798924346454 68.15868681960274 69.2471323900063 70.32018813364994 70.73311724599989 69.9585254923295 68.18772452553094 66.24366154389281 64.25167985584812 62.15414845827672 59.68315028863071 57.02381098469777 54.27892505281852 50.89857034859233 47.16522612202971 42.84459850149869 38.76994315950287 35.05822597637962 31.72507323470199 28.84048363654074 26.17452368262911 23.74783898032911 21.60550633842649 19.66927832597867 17.9522189269228 16.44041452425517 14.98675166678731 13.61828697344754 12.5022853369428 11.50518487058798 10.58733412308356 9.813715979162225 9.095575271498092 8.391741151499446 7.744044921062596 7.18847820083829 6.713379855227686 6.239201933465665 5.783725855442754 5.447812129277736 5.090200546179403 4.786471468072705 4.523028806965158 4.322305463909288 4.138588484587672 3.934792762891448 3.730492581740691 