# Created by Octave 3.8.2, Thu Jul 06 16:53:08 2017 BST <co1ssj@node117>
# name: result
# type: scalar struct
# ndims: 2
 1 1
# length: 3
# name: params
# type: scalar struct
# ndims: 2
 1 1
# length: 18
# name: cleanup
# type: scalar
0


# name: num_runs
# type: scalar
6


# name: dopamine
# type: scalar
0.7


# name: targetCross
# type: scalar
1


# name: targetLuminance
# type: scalar
0.3


# name: targetWidthX
# type: scalar
6


# name: targetWidthY
# type: scalar
2


# name: fixCross
# type: scalar
1


# name: fixLuminance
# type: scalar
0.2


# name: fixWidthX
# type: scalar
6


# name: fixWidthY
# type: scalar
2


# name: fixOn
# type: scalar
0


# name: targetOff
# type: scalar
1


# name: targetOn
# type: scalar
0.2


# name: fixOff
# type: scalar
0.2


# name: targetThetaX
# type: scalar
0


# name: targetThetaY
# type: scalar
-15


# name: exptnum
# type: scalar
0




# name: r_0_m15_G0_L0p3_D0p7_scsum
# type: matrix
# rows: 6
# columns: 600
 2.335314058684162 6.941268523107283 6.674141564464662 6.355395078302536 6.070654372957506 5.843498924521555 5.717535049250728 5.840033815711649 6.114135912161146 6.579543059702701 7.103004077047444 7.859623767981248 8.80390819319291 9.828329680924071 11.06488467378222 12.28878310928121 13.61825012623376 15.0202584708386 16.4441308858004 17.83177281598364 18.9772142074944 19.83268133319871 20.34919377028564 20.32168756709143 19.56083228484931 17.84221563351457 16.20343917089122 14.77014747973953 13.42223517694219 12.26746986240323 11.22532130931722 10.27961064747069 9.430038989325112 8.610635867502424 7.868587133436449 7.221983007504605 6.750963901395153 6.168310304648912 5.729575214292709 5.313311525060271 4.943532014593075 4.611120017660141 4.35799166725883 4.093760559731891 3.881308822732535 3.670739742083242 3.520994718630391 3.31867277908168 3.238472528315469 3.161324859851447 3.043576260090049 2.913296930310025 2.786458800474065 2.725834163256877 2.676540063917855 2.647765590558265 2.647605520622164 2.643967046837133 2.637624000259166 2.679871867855582 2.607259994550986 2.549347592615959 2.466851076922467 2.425007696963803 2.409905200931462 2.422724563621159 2.422053812268132 2.424187840526429 2.419313457197859 2.410761654806265 2.336813665315276 2.340694589016493 2.338579411203682 2.366160269266402 2.38171841073563 2.35757066658698 2.391270180340143 2.43368109488074 2.34910023977136 2.383824920478219 2.413173082186404 2.431715428909229 2.356732327079953 2.356712684075319 2.372563171069487 2.409924564897665 2.382799204380717 2.386199654039956 2.418549615213124 2.407715642075345 2.41380417856999 2.408456901695899 2.402906047444958 2.398163028621639 2.393761928648019 2.355500004392525 2.407499519857083 2.387253969434823 2.347597291423881 2.32290172654757 2.311068981965946 2.296976102916233 2.281502940208156 2.290256845393742 2.325578980889986 2.312116502627759 2.339639978370542 2.33299384664133 2.273098568297428 2.250920333812246 2.30889923270297 2.3232171017371 2.337420588126406 2.326401403748605 2.318623114530055 2.34743550523217 2.321692837180308 2.285100902801787 2.278095211702748 2.282020302060118 2.261834339919005 2.277884874554729 2.308404443705513 2.260966030189593 2.299004214117303 2.358140397089301 2.318890794802428 2.301666732113517 2.283028341376848 2.281492229245487 2.308974978137485 2.248342758273793 2.277526849932656 2.284396396433294 2.252633216590766 2.275912605866324 2.296415540837188 2.31397981903865 2.308775365236215 2.320365595951444 2.292824820520764 2.3232329439561 2.263901363130572 2.260984964405907 2.241393389289442 2.27790416418793 2.273301932891627 2.236600462683782 2.237193303139065 2.276278787678166 2.275758972275071 2.260301918322511 2.274425693361991 2.254836127909584 2.273403577381032 2.238926125348371 2.178410455548146 2.192090959535562 2.229975539161387 2.25344827365916 2.182922602187318 2.231837621497107 2.199076389049878 2.232294791414461 2.194851995738645 2.221951479914424 2.285659116398165 2.23926066178683 2.285906754841562 2.261963703887886 2.22517874197365 2.182466965623462 2.22834381335997 2.237540823629388 2.278242353153473 2.271042599768407 2.324103814225964 2.341274750029697 2.356116026829113 2.296409115384449 2.349186814804852 2.316096225735237 2.250717784540029 2.223327750798489 2.254998166888981 2.253046273370273 2.279159125318984 2.260704585773055 2.292791954863787 2.338709333453153 2.283512643796712 2.253382176128071 2.27473097265829 2.283113350444182 2.320760540147603 2.304070122743724 2.332915363098437 2.406559854101943 2.405350220094988 2.36450071858053 2.393648136103366 2.378829994569969 2.400148440814519 2.337512093748956 2.426275372061355 2.368663625712543 2.413207483177757 2.378340379204019 2.374870532599743 2.410480859693052 2.451871270895936 2.440434276650194 2.396551185243879 2.350019317338592 2.362047443195479 2.369004434134695 2.406793292320799 2.360237228669575 2.430146513172076 2.42316909231522 2.432711336787179 2.380601225420833 2.398331500626227 2.361950169928605 2.360093307943316 2.359913699758181 2.345617903454695 2.395114681392442 2.382042434015602 2.372854967130479 2.38342941241126 2.394381459402211 2.385664574259863 2.393329876091229 2.364590498145844 2.310981120172073 2.29841941648192 2.388773755243164 2.370945220565773 2.279037765852991 2.272012371322489 2.190629880551569 2.233601910818834 2.283281775438809 2.315576144132137 2.33282063428851 2.36517884758814 2.313150099527775 2.284641575497517 2.256082036052248 2.29855749030321 2.367213134195481 2.376781181090337 2.350114132917952 2.325413871796627 2.289163547837234 2.241113585878338 2.272542425504071 2.256690569501188 2.226742285150976 2.162752664447908 2.185296960029518 2.172533383352857 2.216702376037574 2.256471437547589 2.23547790406883 2.251883008357254 2.250696505827364 2.238909609946859 2.237670674930087 2.21612815185108 2.19084104374997 2.21571565753402 2.209060010642133 2.200426552968565 2.247499600480296 2.315124882476084 2.376235275860381 2.346502332158707 2.271734918071161 2.256233383315703 2.28198081143637 2.326927675647312 2.297462058442761 2.293542010833335 2.280501394505336 2.309036310572992 2.349468498933675 2.339148661119907 2.354890652146423 2.320930158854026 2.291486873196845 2.290206858262536 2.235789295889845 2.263822891181917 2.240945650772119 2.209294351894641 2.234811588297816 2.197017388229142 2.151561848597339 2.179632296440104 2.161712236569656 2.192093400080921 2.236409455734247 2.174829466846859 2.24023062078777 2.205923337889544 2.232787617955182 2.23235036728147 2.221042931385455 2.247569371618738 2.221140466594079 2.200107771415787 2.179081120550109 2.177649647121143 2.200091556333064 2.185420482077461 2.188087807044212 2.204964334705437 2.204356037153048 2.217456632506583 2.242635834136308 2.285366930322198 2.403786714072339 2.565366896789783 2.710378835872689 2.857186249355436 3.135772778958199 3.503601714473916 3.941153156003566 4.435486814618343 5.010739546010882 5.626209906033182 6.360469195849873 7.177184521307936 8.008559284884541 9.060763180110371 10.15494107574159 11.40211557449948 12.72387983221779 14.16869966886952 15.68778588015266 17.30367044462218 18.85503616223195 20.41673502907543 22.00949726245017 23.48003066241654 24.98933183214831 26.45984497159225 27.90061902036541 29.38272277860233 30.80510665346628 32.17896478521288 33.61177874645364 35.01438187176609 36.44002364461267 37.74925088154123 39.06140098986361 40.37315864671837 41.59270688471224 42.81390737134643 44.13233107008273 45.35027881578571 46.61825982198206 47.88150608683054 49.18218120972233 50.47415441817611 51.79226616611777 53.05020846649495 52.72926904884662 50.73652505490827 48.82362136032134 46.83071261983787 44.77007775452876 42.30614758600132 39.4025047642499 35.85526674545326 32.51099416217767 29.51980669250861 26.81361784687761 24.33860162240671 22.13404948508833 20.11802679345419 18.29387033122475 16.70179276520139 15.26087525854018 13.98772464711192 12.88805345092987 11.82944956048595 10.85833958295552 9.990498106315499 9.209064756425505 