# Created by Octave 3.8.2, Thu Jul 06 16:53:11 2017 BST <co1ssj@node117>
# name: result
# type: scalar struct
# ndims: 2
 1 1
# length: 3
# name: params
# type: scalar struct
# ndims: 2
 1 1
# length: 18
# name: cleanup
# type: scalar
0


# name: num_runs
# type: scalar
6


# name: dopamine
# type: scalar
0.7


# name: targetCross
# type: scalar
1


# name: targetLuminance
# type: scalar
0.3


# name: targetWidthX
# type: scalar
6


# name: targetWidthY
# type: scalar
2


# name: fixCross
# type: scalar
1


# name: fixLuminance
# type: scalar
0.2


# name: fixWidthX
# type: scalar
6


# name: fixWidthY
# type: scalar
2


# name: fixOn
# type: scalar
0


# name: targetOff
# type: scalar
1


# name: targetOn
# type: scalar
0.2


# name: fixOff
# type: scalar
0.2


# name: targetThetaX
# type: scalar
0


# name: targetThetaY
# type: scalar
-8


# name: exptnum
# type: scalar
0




# name: r_0_m8_G0_L0p3_D0p7_scsum
# type: matrix
# rows: 6
# columns: 600
 2.299088878735347 7.976798553048866 7.598745384748327 7.199251096903026 6.884950886189472 6.714351288672333 6.631809524806158 6.705032723133627 7.028273585125135 7.481409859470659 8.205154391587712 9.103076898427389 10.22806702157686 11.55170744998759 13.05629352853066 14.60180870817567 16.31520099935733 18.03060159037705 19.62090314375382 21.04408918853733 22.17956591938128 22.80972894741353 22.60227923501952 21.36860668102599 19.38419020105357 17.57309024149072 15.86351206614199 14.39523667356843 13.12535769677788 11.94497729933573 10.86494825207046 10.01654126864014 9.246946306757309 8.451377300953027 7.779035276958894 7.118423130043084 6.556800770271366 6.036693643778563 5.562495293510437 5.191090061305658 4.807503435527906 4.555144224104879 4.220472812066873 4.001341988627246 3.8285126302344 3.62254234093416 3.535039401505855 3.336179940268266 3.143498279372579 3.023469229684451 2.953878712694859 2.900831925366219 2.830376958088891 2.824755870145964 2.764049064833671 2.682868474574207 2.636671162505081 2.577290870947763 2.567427629281156 2.479829211275501 2.473706893910276 2.48529933707141 2.428940637328196 2.411141670021607 2.448118363503454 2.400410580670723 2.367900012046448 2.386680444644298 2.35225115571302 2.319985197522328 2.339156856935006 2.351005759803229 2.311502225988079 2.350914577906224 2.263091334603814 2.230260203439684 2.190780102970166 2.234680928257148 2.209591690330853 2.189777866627992 2.210251383039576 2.205108936612305 2.245474387549621 2.266827031535286 2.233029809853178 2.290110650672432 2.266615304693914 2.254023280722322 2.25295579116937 2.284668430911552 2.268089383964252 2.235262349204277 2.239611585755483 2.195113226935064 2.208898495902758 2.228171408401977 2.174931073604967 2.201946470897383 2.232679419392753 2.307789294403847 2.269220618789404 2.26997828583626 2.296032278616622 2.252456973554217 2.234128664415039 2.254099529800442 2.259282704163525 2.286474461339822 2.278252088104637 2.268389203123661 2.220182509539882 2.224366893256956 2.252557638830694 2.259556127843098 2.318440323922914 2.308355316909001 2.345416495405516 2.357127258943365 2.297759678347575 2.255014476704673 2.312443930333757 2.30568077434873 2.305498681809695 2.281310941936681 2.290291858216733 2.278550511455251 2.255888121060707 2.263846545829438 2.258184264297597 2.271976683201501 2.331004109386413 2.309503521362785 2.315745850265671 2.346880070719635 2.302999518375145 2.350680189108061 2.341821685880859 2.281579698465066 2.266429034389148 2.273225539571285 2.278574578328517 2.274657435071276 2.243487573621678 2.20402379456209 2.252473457767337 2.254836593001528 2.248130661482719 2.259192277793773 2.215656506941741 2.214189964099205 2.19310665003286 2.220879963904736 2.146779834936751 2.189033441347419 2.204886445226293 2.223783760608057 2.212103913256783 2.203768979750748 2.201294014499581 2.144433681478404 2.20457546000398 2.231629622412584 2.275544500989781 2.28716357265148 2.32236096066481 2.34668382104428 2.290753502515145 2.192833628017979 2.194994247023715 2.175601828210347 2.165712614561926 2.217459972962388 2.216731733091365 2.228619629466266 2.182907970560336 2.193581944822654 2.249239419979858 2.249039332418761 2.276545022734354 2.298791694149259 2.267099541830248 2.277584439247221 2.272107883595254 2.314766087438329 2.300833994639106 2.309993455804943 2.276798676444741 2.264619190413214 2.239172066951141 2.262364779846394 2.305315026536846 2.301513540180167 2.296684412849572 2.254522591994828 2.258931663069234 2.28746638224402 2.318595338409068 2.347777723436593 2.304154684970854 2.294269075951888 2.32137666856579 2.296428887151706 2.293321978089807 2.275622080350331 2.313663069213362 2.360508576064603 2.309597055293125 2.260771328568808 2.192298073427082 2.192313204890525 2.208174590570707 2.207307600219792 2.241229135528556 2.284667002859351 2.27338713410245 2.231381521400181 2.241292526759935 2.206887249838474 2.215766589377381 2.242629389427748 2.22463980318571 2.272511167640914 2.309510069426324 2.291831008595182 2.289090278209187 2.307901638894691 2.329121466478682 2.427947056959965 2.409771824153722 2.404599600058646 2.405800186075794 2.380130637076945 2.360517784421972 2.369883912670048 2.368899729335681 2.318693317851285 2.247203150214773 2.285887012647436 2.317340081499424 2.325725960094132 2.312780507367279 2.37909077414588 2.405511400627802 2.432780302471656 2.398132752852689 2.397416417494242 2.397175211859576 2.364806139965367 2.338256691182323 2.376606195797649 2.339765481969152 2.308270520552469 2.298225088736217 2.284532520847279 2.294872755537654 2.29206158218949 2.309934730121313 2.335040574837876 2.259285738658946 2.213621417598915 2.247648744903927 2.30882692956402 2.276557439785392 2.327412382976036 2.27829009236666 2.317154747521272 2.332872241946461 2.314079703275638 2.289032291591866 2.274534201569622 2.321650401529041 2.339304237975739 2.362480554762442 2.37853480175545 2.369341601104679 2.438015551111675 2.394480855193251 2.339715273876209 2.351815971305768 2.433084569340281 2.454764782494749 2.569811944169487 2.720967207475042 2.929309904364345 3.095495097608364 3.329616273989814 3.702092762760003 4.128280491027908 4.543772786739282 4.992845286171359 5.506021221561241 6.085107246683037 6.613926846053801 7.217751294323534 7.867280375285191 8.500087938104116 9.237972725990403 9.911238563570805 10.60946701675493 11.34595975809498 12.02633737309225 12.69285853853944 13.44531291182466 14.16321530764981 14.83669737753189 15.47957818197392 16.17243024502386 16.87001326194877 17.63929559638564 18.31623011198099 18.98614836271008 19.68647956835048 20.4050750659444 21.12840923113254 21.84493007845958 22.53336330660386 23.20512647637952 23.83500225261196 24.39506306218027 24.91901649023202 25.51302553782989 26.06421763065373 26.4990796758575 26.9684329791271 27.41452918031064 27.83820721616939 28.21350528565381 28.64288597794803 28.97407827405186 29.23698901512398 29.45039165829076 29.60338195047734 29.75568215432941 29.83929949782396 29.90087978472729 29.91679896380083 29.87708669765561 29.76394353291107 29.61791380909563 29.46800816044924 29.26610498769514 29.08305832073165 28.79918957072368 28.44142149867366 28.10151894484443 27.64438319444162 26.10154579600203 23.75435584424122 21.62622072232989 19.74223865698877 18.0402183760707 16.39883765773629 15.00713103773887 13.73030000724248 12.58249450592484 11.50957562459553 10.58176462979463 9.807842183381581 9.033225910949113 8.393057939596474 7.752587584189314 7.204769989824854 6.730407700466458 6.230948175290905 5.845680702987011 5.451718597629224 5.149233433148765 4.823504782725649 4.578126964912371 4.408462381077698 4.158970051161305 3.984409380325758 3.821304648128717 3.666108714380243 3.498084833099711 3.393163260328947 3.258916248778405 3.14839617765756 3.062177575127862 2.985126139847125 2.940256217030765 2.862970156402298 2.754165100279351 2.745792465313571 2.710432358500839 2.679467417761771 2.652313832966684 2.649840142908943 2.571659188946796 2.47890744698816 2.44829976341498 2.443469528150672 