# Created by Octave 3.8.2, Thu Jul 06 16:53:10 2017 BST <co1ssj@node117>
# name: result
# type: scalar struct
# ndims: 2
 1 1
# length: 3
# name: params
# type: scalar struct
# ndims: 2
 1 1
# length: 18
# name: cleanup
# type: scalar
0


# name: num_runs
# type: scalar
6


# name: dopamine
# type: scalar
0.7


# name: targetCross
# type: scalar
1


# name: targetLuminance
# type: scalar
0.3


# name: targetWidthX
# type: scalar
6


# name: targetWidthY
# type: scalar
2


# name: fixCross
# type: scalar
1


# name: fixLuminance
# type: scalar
0.2


# name: fixWidthX
# type: scalar
6


# name: fixWidthY
# type: scalar
2


# name: fixOn
# type: scalar
0


# name: targetOff
# type: scalar
1


# name: targetOn
# type: scalar
0.2


# name: fixOff
# type: scalar
0.2


# name: targetThetaX
# type: scalar
0


# name: targetThetaY
# type: scalar
-17


# name: exptnum
# type: scalar
0




# name: r_0_m17_G0_L0p3_D0p7_scsum
# type: matrix
# rows: 6
# columns: 600
 2.282941498564469 6.882738886939478 6.61419676848891 6.307702500816958 6.016110586038849 5.898717058211332 5.891364159666409 5.953438169075525 6.125162906238984 6.575688658820582 7.075332146301662 7.846276206018956 8.732032540530781 9.766990879434161 10.86450142229296 12.20388878806989 13.52343059350824 14.97829322574762 16.33021230194936 17.71492151635903 18.93823609835817 19.92259772106991 20.41432613688812 20.35783966313465 19.51553798468376 17.7743352392572 16.16256185671955 14.70747298340575 13.35259882938954 12.16825094520755 11.17396817699955 10.23420715606335 9.380400901492976 8.601447771718085 7.931658183872059 7.335468553697865 6.757778416162182 6.264465632462816 5.780070529122895 5.308981595560908 4.999172226727751 4.669872568367282 4.349721354599751 4.049475269704999 3.899434175483293 3.731662684600451 3.530749685531191 3.37584657732441 3.25395746234426 3.077991416830628 3.007984228344867 2.864267423166893 2.79830313749153 2.748871631854854 2.711397443461465 2.598535880882991 2.587034821044654 2.530519649484631 2.484354016560246 2.468861670822662 2.471424376672076 2.429590890795225 2.447471793104341 2.413838107944684 2.442632333699294 2.398351878404355 2.397710872348398 2.350904684317356 2.339871051230148 2.349469486813177 2.333194945904324 2.30877394246636 2.389534369205649 2.391295667679515 2.362714056815093 2.323267211904749 2.299167894831044 2.224008523386146 2.269493354775477 2.304952801496256 2.254052420794324 2.221795965224374 2.271873798123124 2.253245830223932 2.274981776630739 2.303779087505973 2.264359841352416 2.315315055155224 2.315526027839951 2.314738466098788 2.299519962693012 2.307222236253438 2.286938548710168 2.302752361880266 2.308590001714037 2.331171933183214 2.336254620578984 2.349815003735785 2.313895446764946 2.348587717395276 2.356500592570228 2.329379724626961 2.333443159430317 2.328480864791345 2.347340429940232 2.352861609382671 2.397667262182949 2.399992174177896 2.369826598809595 2.329943480646762 2.300412906894053 2.337799280361651 2.334494327395078 2.309549673231231 2.308317771068687 2.358900047617681 2.429539660482988 2.37186887345888 2.369989196158713 2.332963505825319 2.315149738999025 2.312014853720029 2.322873183828051 2.335330289854028 2.320777897673906 2.332409036276658 2.353553245098738 2.33898004715229 2.389342980372021 2.338331629245658 2.339157458041882 2.383813428157737 2.35361322384415 2.32271500007846 2.324247813678085 2.308402991540788 2.297351573301057 2.322944896455738 2.347377510348451 2.329488129837046 2.313876331429128 2.248089147298742 2.272180439988006 2.277207115195779 2.292827236640733 2.331742211158144 2.276956724614138 2.308363654814457 2.266278761235299 2.28306433706166 2.325012301211245 2.371074510621838 2.416257572196628 2.419645861146819 2.441151479979453 2.355513094127673 2.374044173138827 2.355305060656974 2.35400206633858 2.318962178760557 2.344976838372531 2.339526433377614 2.299969184168731 2.339683100202819 2.376469823188017 2.374444939730893 2.333321154594159 2.297471862919338 2.363336584538047 2.329249658232584 2.312748489641308 2.307922049581975 2.286345243228425 2.303076765438163 2.302277303633673 2.299515772443556 2.316916342486365 2.388058650107268 2.381185658465256 2.405067703675741 2.437779627707641 2.383900198059564 2.352917225129204 2.321014147550159 2.333750162171782 2.374786499996844 2.316209115630045 2.275112106082815 2.256697533215629 2.292416257758305 2.306372930741418 2.284342747785558 2.29152024774703 2.296835923758408 2.290984587010826 2.243179017273178 2.278781132254153 2.286887004134769 2.244710766002754 2.253852752986859 2.277749604283599 2.261344985119649 2.27380943926255 2.21286622966727 2.216013869154267 2.224176399526186 2.267215293300978 2.25687821014435 2.261117360667413 2.289706579664198 2.289559277152875 2.251039683564159 2.275270501842897 2.26388489940291 2.278962711789063 2.306872957720771 2.239976699323961 2.181986585681443 2.173954187372146 2.227447556488187 2.241517348142224 2.259946532325557 2.263969870138681 2.245291327617451 2.233651073816873 2.20301524012757 2.128337102067235 2.173704008564528 2.17775304922543 2.184101683953486 2.209842692347593 2.254136679526709 2.250772011488152 2.235001040331554 2.217931963718001 2.195359106946853 2.236644005337439 2.217709456788725 2.155764908893616 2.177732879175892 2.181911115294497 2.233325842804334 2.222485705632607 2.261487941344967 2.263266460715386 2.25125424520229 2.244570831666351 2.229876544355648 2.223132292700029 2.1970092717238 2.229642513844738 2.259690445742308 2.344015075359493 2.28451067658898 2.319002251439088 2.265779598441441 2.270060410213773 2.287351168492023 2.322962511454534 2.300146565306932 2.240696147971903 2.270967751122953 2.323276567156427 2.316585573173143 2.30849892292099 2.310443462578405 2.313630383501732 2.288979000994004 2.285538440126402 2.303076339587278 2.325883196393988 2.340127949471935 2.377796854678309 2.412626427261785 2.445113277608471 2.421465409679513 2.368298508336011 2.372724206128623 2.338946643711097 2.344528338609962 2.357457709256778 2.321054964551877 2.302389724854947 2.326802985979157 2.293354972869565 2.333183654740424 2.338047119768817 2.346236611683707 2.335270041427066 2.309966405322484 2.283746489025361 2.268263774156367 2.253068952592002 2.279742247985268 2.265459619789908 2.294669991722913 2.268579186953502 2.263208242118708 2.269084285988356 2.303635739808669 2.315462435550216 2.315763470887759 2.358661291960743 2.318606378117693 2.3752889476782 2.383702036644536 2.348070511136029 2.326677193304931 2.285510738503945 2.256762407145288 2.230690455991862 2.241374398310654 2.305058148904209 2.335083959034819 2.329889071024809 2.261706289376889 2.303570467978716 2.336491711124836 2.386676890047966 2.339818868782459 2.296351427921763 2.314629271750164 2.284130546482629 2.296075060745352 2.347150856598091 2.377155707275961 2.478617269152892 2.632409975665723 2.784288312206627 2.986111561825965 3.26066103031917 3.57473526350077 3.898441811176781 4.297381243688505 4.815913858918066 5.337883334774233 5.996637333719264 6.644099488108623 7.454271358601545 8.352926350169582 9.363247163462802 10.40341452588473 11.54415707772205 12.79576141312282 14.14106365038242 15.6061231083022 17.11204165800518 18.64052604588142 20.22968708453118 21.78732759966078 23.39503826284454 24.85727673264773 26.40270355575194 27.85637429002236 29.25405680038239 30.60383361066488 31.97953353139383 33.38282358938523 34.87793976841203 36.28608950291527 37.61821175828663 39.02600284546497 40.39113303948034 41.75892236498657 43.04849044066941 44.2987929922383 45.50814942944635 46.6892721882723 47.9897259495956 49.28858272001162 50.63294981148647 51.13133226201171 49.66875432196684 47.74623435152171 45.91943327734771 43.87741772103982 41.42228181075188 38.58583399755298 35.08532515195475 31.8661941858154 28.89742342683166 26.22663946002649 23.85528761464229 21.71776087694889 19.71619417221882 17.94045758353968 16.37933563731349 14.99578928545088 13.63677193615513 12.48482035527195 11.43214935014839 10.53557491674292 