# Created by Octave 3.8.2, Thu Jul 06 16:53:12 2017 BST <co1ssj@node117>
# name: result
# type: scalar struct
# ndims: 2
 1 1
# length: 3
# name: params
# type: scalar struct
# ndims: 2
 1 1
# length: 18
# name: cleanup
# type: scalar
0


# name: num_runs
# type: scalar
6


# name: dopamine
# type: scalar
0.7


# name: targetCross
# type: scalar
1


# name: targetLuminance
# type: scalar
0.3


# name: targetWidthX
# type: scalar
6


# name: targetWidthY
# type: scalar
2


# name: fixCross
# type: scalar
1


# name: fixLuminance
# type: scalar
0.2


# name: fixWidthX
# type: scalar
6


# name: fixWidthY
# type: scalar
2


# name: fixOn
# type: scalar
0


# name: targetOff
# type: scalar
1


# name: targetOn
# type: scalar
0.2


# name: fixOff
# type: scalar
0.2


# name: targetThetaX
# type: scalar
0


# name: targetThetaY
# type: scalar
-16


# name: exptnum
# type: scalar
0




# name: r_0_m16_G0_L0p3_D0p7_scsum
# type: matrix
# rows: 6
# columns: 600
 2.286942920756701 7.004966109270754 6.597055763435492 6.195484837127879 5.999194224517851 5.788130743902002 5.722396474993729 5.723804336914327 5.962331093309331 6.400944775348762 7.032973547189613 7.891637486600303 8.792624198584235 9.807104495914245 10.89417021052213 12.15074045913207 13.57740614718568 14.97720607134943 16.3925153176242 17.75181297872768 18.97033525817824 19.890164418317 20.34452563147352 20.29377094958909 19.52901052724337 17.82352665886356 16.21331695437402 14.71184791768246 13.45956742992348 12.30313715944067 11.23807145377214 10.27350937819574 9.36763410257845 8.54255704843672 7.846675360004156 7.196769548954762 6.604234158367035 6.131908447787282 5.683818817255087 5.335348695908579 4.959577464062022 4.664277240110096 4.426240676504676 4.20614309830853 3.94484840810037 3.744461143181979 3.61259306600914 3.473597603653616 3.350266712848679 3.204862792692438 3.101898067136062 2.997078695549135 2.94704672768421 2.901227298625599 2.807937030054745 2.772593607242015 2.757042440487567 2.676103349942423 2.58342479842031 2.552049155907298 2.543731671141359 2.528684084608358 2.496790787859936 2.50244197651773 2.459093533689156 2.401012677924882 2.429518705030205 2.371861355286455 2.360055157754687 2.353434074248071 2.319025889584736 2.308585284887158 2.328137850712665 2.392879836026623 2.361458019655402 2.394346295732248 2.368297273686039 2.354798358001062 2.370941455668799 2.390372654917883 2.377651099588547 2.326569961180212 2.386954823447013 2.423774336441966 2.399769892337645 2.380750406628067 2.370485425217339 2.381771952022973 2.353532652141439 2.315485086895933 2.323557518197049 2.297582923296432 2.302622614362917 2.285907128010876 2.22854273595658 2.23260428620415 2.25929204546992 2.317130078597984 2.313667276845081 2.271173275657929 2.268811974288838 2.2418226466325 2.207635048122029 2.23746055225638 2.283593420193938 2.277121821389301 2.268314649318199 2.288999129017611 2.28446161224565 2.296459577164569 2.324345611541503 2.321191901326529 2.365945480952178 2.321286795246124 2.304593967892288 2.280993495824077 2.295489099241081 2.278914286391228 2.288027645310649 2.28251639453083 2.284403194449624 2.27759696146677 2.227835979618249 2.20171697344631 2.286995673719048 2.272169987481902 2.274904888463425 2.284908467612695 2.295921905330033 2.27836903140269 2.346420041714737 2.35618934174272 2.350728474904827 2.345467993669445 2.330471359491639 2.311218602148074 2.251618731892449 2.29758286820288 2.321829454491308 2.338059664769389 2.336523547448451 2.337794600585767 2.374704014662711 2.297634780601584 2.296075844766165 2.277871217471329 2.2237959180693 2.245528934668982 2.244690872226784 2.236486866138875 2.241487049825082 2.236577341593147 2.220402966944675 2.213415283058566 2.275533656684274 2.317586121149361 2.36190672669909 2.362284805838499 2.412107495660166 2.386461904199678 2.392782291575713 2.372919752848247 2.319916395730615 2.337399250875023 2.337806472765806 2.261638092790236 2.255738830306655 2.241354160549236 2.251869951069239 2.26065249743624 2.259514159457467 2.292503797867539 2.291893324591001 2.265941875353747 2.223801361549704 2.263478060776833 2.319319293379522 2.289907375037728 2.371780175983986 2.367917271611077 2.35655259019768 2.35060601141231 2.308315840447904 2.369897048942221 2.364965682669208 2.393406267856335 2.370794942115026 2.309649299408193 2.273126964530093 2.283511594236188 2.259412475228601 2.179432353848824 2.184818926067237 2.203393775027507 2.178257764675436 2.135653765399184 2.107070118636329 2.17206590396836 2.157942107485724 2.154381601852947 2.187626073315187 2.193464651508748 2.229574972254341 2.224115413191612 2.210035327487276 2.219923532231405 2.218246808191907 2.244035263885962 2.269653554725664 2.250586581911193 2.20045805637551 2.234230467860471 2.186493243869336 2.172852826717644 2.214193997479015 2.229864608896605 2.22245009200924 2.255883714973606 2.267818148833612 2.269509855586875 2.239651588177367 2.222345039364882 2.247611658698588 2.233952363421849 2.212156143757966 2.242549042028259 2.3069861710228 2.316525593181723 2.289831183597926 2.220321488435729 2.196400433389499 2.148830344111047 2.16524501762251 2.204354501947819 2.255420189680081 2.307633137770608 2.285766229535511 2.320762129467766 2.321978593336098 2.277421240949479 2.266343334353223 2.212224900969886 2.236238478988525 2.256467936423178 2.260379485960584 2.281056883860401 2.234274237482168 2.25269133139409 2.258394649652473 2.285001295313123 2.335107579463511 2.359646527795121 2.379304948266508 2.365383475167619 2.403764760707418 2.37229091647896 2.378404805182072 2.441276991434279 2.449919323546055 2.422014948009746 2.40436888952172 2.430851114866527 2.439502304103371 2.407170241422136 2.36466201597068 2.331446936237626 2.338074620471161 2.37689667765153 2.373820258930209 2.411812400590861 2.385179966287978 2.313917061881511 2.320961390221782 2.353217789214796 2.361465880683681 2.345411557509578 2.333868765097577 2.281622237052943 2.270765122721059 2.222073583579913 2.294523773794936 2.262676105082392 2.322363039904303 2.35967706471456 2.362502775137727 2.283804067250458 2.266561077558435 2.215404522708923 2.168743850612373 2.147639817965683 2.197258479900484 2.165121668007487 2.261755721694499 2.283370339226167 2.237915847554177 2.302308240767161 2.251162020402262 2.241091797150148 2.218653113806795 2.282356292940676 2.282738683043135 2.302804199967795 2.290055720215605 2.337689126921759 2.321119367450592 2.318156857334543 2.322088459881343 2.269610410710811 2.295707497765761 2.265051595870318 2.242848331468849 2.235468299499189 2.256641527717875 2.216757580805279 2.210453399049584 2.196412514636904 2.187797275084449 2.212242348126892 2.185654334120045 2.201845147206768 2.197164679811976 2.238350157251261 2.193174835620084 2.213064115188899 2.252295056545336 2.300115915953938 2.353911752968997 2.454903909700079 2.595222391930292 2.730809382403095 2.91205622724965 3.12261752885388 3.422250560601242 3.78410170258212 4.272371484297764 4.700904007915597 5.224348763709713 5.757357464717643 6.42986118409317 7.174297874229524 8.054446758535505 8.961235800921713 9.925090796561562 11.01336524171711 12.26060418196721 13.54732641410556 14.94028336268093 16.38043271815695 17.93895189399336 19.37569988833638 20.85362219367562 22.32503907642786 23.77265311500378 25.26018575156195 26.6889908415651 28.16159730072832 29.48658641504153 30.77124459460902 32.09480682360481 33.42662331269457 34.81478606532619 36.12719377664325 37.45488226541784 38.80160317974332 40.12448481240426 41.41355227163513 42.67362158059223 43.92132692430823 45.2167107391615 46.47925472236238 47.75717165660899 48.99839655339747 50.2859822149403 50.48322575217753 48.78484645722347 46.94171732844916 45.109701369307 42.98746045373264 40.58266596517024 37.81625624360458 34.39363616223272 31.17068665945771 28.29014477687087 25.72143472913012 23.39503749257528 21.32799342372164 19.43216097174536 17.67914377445413 16.20247181810191 14.83229309679155 13.54888422837757 12.34697143162339 11.34164478147613 