# Created by Octave 3.8.2, Thu Jul 06 16:53:06 2017 BST <co1ssj@node117>
# name: result
# type: scalar struct
# ndims: 2
 1 1
# length: 3
# name: params
# type: scalar struct
# ndims: 2
 1 1
# length: 18
# name: cleanup
# type: scalar
0


# name: num_runs
# type: scalar
6


# name: dopamine
# type: scalar
0.7


# name: targetCross
# type: scalar
1


# name: targetLuminance
# type: scalar
0.3


# name: targetWidthX
# type: scalar
6


# name: targetWidthY
# type: scalar
2


# name: fixCross
# type: scalar
1


# name: fixLuminance
# type: scalar
0.2


# name: fixWidthX
# type: scalar
6


# name: fixWidthY
# type: scalar
2


# name: fixOn
# type: scalar
0


# name: targetOff
# type: scalar
1


# name: targetOn
# type: scalar
0.2


# name: fixOff
# type: scalar
0.2


# name: targetThetaX
# type: scalar
0


# name: targetThetaY
# type: scalar
-9


# name: exptnum
# type: scalar
0




# name: r_0_m9_G0_L0p3_D0p7_scsum
# type: matrix
# rows: 6
# columns: 600
 2.309254243285977 6.985042222608172 6.636459455883596 6.367356532558915 6.061925696743856 5.913239509318373 5.818186331067409 5.892566793772858 5.965095249273872 6.396503069056052 7.033033845378668 7.736501408784534 8.733810969497426 9.886032289417926 11.10324423555903 12.35099529111903 13.69323151704157 15.11869114849469 16.47165163470618 17.85457546051839 19.05048819888907 20.006579071749 20.41108004149282 20.35458444916731 19.54025439143879 17.85890763132193 16.2361612589666 14.82463396944513 13.43643859753502 12.24074584668415 11.23192401723645 10.28108340538893 9.46634906748659 8.676714631845243 7.958228907438752 7.300418055805494 6.758269414005554 6.241785777670884 5.849413049319992 5.504360319304396 5.169050589429389 4.834865905168044 4.521150893429876 4.183340035495348 3.978911383586819 3.742331880253914 3.514306717879663 3.394526693009539 3.268414975398628 3.189054978427521 3.090309614090074 2.986783169337286 2.857196346005367 2.799244671223278 2.618974105953384 2.605348555247474 2.495987964928645 2.483744322893472 2.435773318629799 2.426796020117763 2.473281692863566 2.486500247876393 2.495470778510935 2.480279027629877 2.441052042318915 2.389310370908788 2.406740253565658 2.395796806082217 2.390589373160765 2.380820953956572 2.433760222382261 2.433185755964587 2.419209119092557 2.43759033511742 2.360524149784396 2.31956021915903 2.318176768425474 2.269939243671615 2.30515830789227 2.341485353279495 2.380274454691971 2.327652657313592 2.308554844417813 2.269871430748026 2.263739971089308 2.315959979677245 2.364724868173653 2.346378632313645 2.363503119988309 2.34469819291553 2.359081420820075 2.366830918243068 2.391477041568578 2.387290044309339 2.368084550604181 2.35750188241218 2.321043599431505 2.346737717860378 2.332700023102007 2.3403685425601 2.404035288527666 2.37786864273221 2.307332067284733 2.32219947912381 2.283721631838489 2.331464641531056 2.310434523438744 2.347242716587061 2.318283908029116 2.298611070065817 2.293902967121539 2.281262028780475 2.298362250698119 2.304216662272665 2.302443437372858 2.298738851997769 2.284167878311564 2.306692856771406 2.299432908439485 2.293157448028069 2.349351350581856 2.350176794010622 2.362271054837038 2.42422459901718 2.435588751541218 2.483746062909631 2.454480747150228 2.410493457085977 2.411225270632713 2.375186931880307 2.342494450080267 2.349209993750264 2.349444801089703 2.338033336734952 2.318537414983439 2.281179389789031 2.280989629041869 2.289745968166244 2.250222836304602 2.238491413052543 2.229598370824533 2.250411431079556 2.235676556658291 2.245977891885559 2.225466207135469 2.249594096865621 2.298328517812479 2.256971292503295 2.25730418155581 2.254333143187978 2.255682195907866 2.254575591792673 2.289020350777719 2.244728134461184 2.306660867128812 2.267683799345832 2.295580427155073 2.280692522535901 2.368785070269951 2.354573374905158 2.321958141597861 2.246238393116073 2.239002834274288 2.232769532543898 2.220510523464327 2.195636705801007 2.168030709632149 2.190003388092009 2.225479560242093 2.167855039424467 2.166594052832806 2.185359868617525 2.165308936520887 2.181770666145894 2.195615552749587 2.253405389848922 2.190212742912991 2.252917184767284 2.30568388658503 2.381680792006591 2.396892920791288 2.379097222044948 2.352241958546074 2.331031280420575 2.345996846954222 2.339840837819793 2.352830623200134 2.354784388920962 2.354456606000895 2.302693606274261 2.264884557658661 2.242123474628897 2.178183640215138 2.172984223281674 2.207173936963954 2.180098231645388 2.189936042306726 2.188031962443347 2.205795550060429 2.311384699722112 2.33166115921631 2.305345392282106 2.30746704396006 2.329976163349784 2.332843369673355 2.330168776803475 2.324967070110688 2.288293357800285 2.25661180530733 2.259792382217711 2.2435953841632 2.268494364565413 2.249992739347363 2.246883304404037 2.29225678972216 2.319529646410956 2.315235764817771 2.301077614174574 2.222143321352632 2.221640205090807 2.279164985484385 2.321848869905807 2.307751641834329 2.331172115002119 2.285503176572092 2.316328937467915 2.338822616336984 2.248497023967502 2.229714317836624 2.256938583865121 2.277282694682071 2.23961864829289 2.261038799886592 2.275359986899275 2.248057533244719 2.261158388555486 2.215829242682958 2.263014982439927 2.271433329622596 2.275489070689218 2.276797234706464 2.261343619404215 2.269335419561685 2.228890894934011 2.301741523868259 2.230129828938516 2.246038225137454 2.273136945797887 2.285099008695397 2.262985566714633 2.232847966761256 2.247711290481675 2.20736694320658 2.22419307148084 2.260612098238198 2.256169067866722 2.30428721005228 2.322390134126181 2.286069923353352 2.354263888140849 2.321874083289003 2.297466662297666 2.332039965665899 2.359322112748487 2.320594528773654 2.294489797892311 2.255462945846375 2.245572033796634 2.258066364665865 2.250429468501352 2.236460139385599 2.251496352360846 2.187551750361308 2.264117378870651 2.169087651884183 2.185107492162388 2.196968387717789 2.212152082996909 2.213275491720196 2.22544817751259 2.233861564354811 2.265398877665575 2.242928400461096 2.193006284171133 2.132252554569277 2.166960590468079 2.206964144010271 2.205683392523497 2.208914793482109 2.257871627578425 2.266959633068836 2.253361144801602 2.292640950192435 2.298459006990015 2.320468338737555 2.293242989297141 2.314603921393427 2.412368672408775 2.443683757974213 2.576819398411317 2.783904298245034 3.074612592225094 3.418839117801781 3.853015074480936 4.434703650269512 5.171357561433979 6.006115482945461 6.918601197685348 8.031721508916235 9.243173222021142 10.58098395872003 12.02945417632873 13.67084483068356 15.4418376312442 17.27496555466496 19.16218643291722 20.9707855556444 22.70513897694764 24.42980602288299 26.17887423550201 27.96313793900663 29.71521838323679 31.47096285972839 33.1715347587633 34.88542556244829 36.56618850021914 38.24871933509348 39.96533546315914 41.70132545239358 43.43034490125865 45.12959218562901 46.71508282461582 48.29292295186315 49.97172333429262 51.62051568936658 53.28180740519383 54.79188040701047 56.27943282496562 57.74686083435518 59.21725960302138 60.63950799523082 62.02782353893963 63.47196608879676 64.80634419230773 66.08671458766912 67.45535402301903 68.85199046253911 70.25234794143034 71.66254052047952 72.97376324926154 73.12899194489 71.77516857668525 69.68010003219024 67.55432113814459 65.32033250003497 62.80812068506384 59.99969180497283 57.01814753261715 53.58455207044608 49.25741440355159 44.50278699866249 40.33845831756116 36.53818452570704 33.09019383339182 29.97058526305409 27.17861334538611 24.67520569350745 22.42697862727073 20.40992342051322 18.63646590217832 16.97689614988485 15.48671583643227 14.09294162051083 12.85070767261641 11.81698574164693 10.84698994250357 10.02833582852872 9.222516698708205 8.477071113037709 7.810843227318401 7.305902698375576 6.788510625166964 6.316302082119364 5.900582444453903 5.535011275671422 5.201708249471267 4.84314209864533 4.606636188931589 4.40375454860623 4.261742766298994 4.010744103739853 3.787004787267506 