# Created by Octave 3.8.2, Thu Jul 06 15:51:14 2017 BST <co1ssj@node117>
# name: result
# type: scalar struct
# ndims: 2
 1 1
# length: 3
# name: params
# type: scalar struct
# ndims: 2
 1 1
# length: 18
# name: cleanup
# type: scalar
0


# name: num_runs
# type: scalar
6


# name: dopamine
# type: scalar
0.7


# name: targetCross
# type: scalar
1


# name: targetLuminance
# type: scalar
0.3


# name: targetWidthX
# type: scalar
6


# name: targetWidthY
# type: scalar
2


# name: fixCross
# type: scalar
1


# name: fixLuminance
# type: scalar
0.2


# name: fixWidthX
# type: scalar
6


# name: fixWidthY
# type: scalar
2


# name: fixOn
# type: scalar
0


# name: targetOff
# type: scalar
1


# name: targetOn
# type: scalar
0.2


# name: fixOff
# type: scalar
0.2


# name: targetThetaX
# type: scalar
0


# name: targetThetaY
# type: scalar
-13


# name: exptnum
# type: scalar
0




# name: r_0_m13_G0_L0p3_D0p7_scsum
# type: matrix
# rows: 6
# columns: 600
 2.271053200347524 7.91711658629356 7.505009910964873 7.046812625211714 6.679557357405429 6.482468599664571 6.419341993721901 6.562138688896084 6.88718691883696 7.387062870180671 8.064630290355126 8.964992866334796 10.15093292455276 11.48606745899815 12.9939807862429 14.5474947631119 16.1616786370796 17.78431039433781 19.4751785565677 20.92244537376246 22.04966682111262 22.68673379284883 22.56946097540276 21.30721994442501 19.22979355161078 17.43247117959982 15.85112107441091 14.41589850700257 13.08216891437041 11.97881715689437 10.95472877250177 9.988661346200388 9.243741132202558 8.499659530682038 7.730598222504341 7.165971359660944 6.585325471252872 6.114227930200286 5.735026495956845 5.32375643807427 4.980346566453591 4.703893740927015 4.468962377017306 4.164177041427138 3.892070015041099 3.760907434356341 3.603348567488865 3.403344961356197 3.280243471423091 3.113220989289402 3.01685168815311 2.932298871746752 2.895815868236241 2.795435380568961 2.800141904088377 2.791189040919562 2.721228371097823 2.660937321285019 2.640924674145936 2.550666337556322 2.557553430826374 2.60225249458199 2.638544761983212 2.577673431951553 2.495086968239775 2.496917036361992 2.474552172029689 2.392253410307603 2.409142808941397 2.3832911951813 2.377973291680973 2.382553423181889 2.376711072927719 2.396843551709026 2.417485007994401 2.423550105340837 2.370208509695658 2.380212825093622 2.305440006883146 2.295719967478362 2.351044327122509 2.386029597235392 2.318692658671353 2.274851748250512 2.288911932082556 2.342463103161208 2.33879158842683 2.329969442202128 2.303309679897211 2.233886357815209 2.235264154041943 2.199049641196325 2.26575248757581 2.267477626213804 2.183950538375939 2.232308790607931 2.240251698764268 2.248380168159201 2.215570019990992 2.236338681434063 2.255576508217928 2.201467073391541 2.205394571650686 2.223702292209055 2.198797897817713 2.206307921169355 2.213735581302899 2.251813047019823 2.218478408869487 2.217639850714477 2.253152142848194 2.222923986453679 2.213907817866129 2.223861166748975 2.215966578165535 2.225528398252209 2.184442835987284 2.215886038080498 2.188336408167743 2.188790313201025 2.219083531155775 2.23397177184961 2.266786298212537 2.273407212895108 2.293890854687561 2.296928504554671 2.307506207725964 2.275151178659144 2.30281910964186 2.341610895218764 2.364159776432643 2.296699448043 2.354305518270849 2.357646779237257 2.377120261888194 2.347506822625292 2.323864914542355 2.295443139371855 2.303746418907394 2.271191871506744 2.282783665497846 2.271038781575044 2.285756912659053 2.24174706607846 2.188724070760145 2.190990718419926 2.207763852728021 2.171906872612453 2.118229118888848 2.13330874837402 2.176125111058354 2.198010227453778 2.167744672042318 2.156147899360803 2.205920812179102 2.296902199181204 2.276923178887955 2.296859491012583 2.332931560922589 2.311448131476936 2.328419611105346 2.305481974857685 2.290574752543762 2.241463408274285 2.239510488183441 2.279780018034216 2.27979085232073 2.296765937331656 2.287384862625913 2.274456924315018 2.255358505835829 2.237425548264582 2.218025019490597 2.19600530819298 2.22192074827035 2.275064839879633 2.270823594040849 2.257513721702708 2.259080155767151 2.266044955948018 2.315972857257293 2.26917183275873 2.297255929548555 2.310806635879999 2.314035471546958 2.295352370598266 2.321335429727696 2.257178073807154 2.278174876337289 2.280756606636714 2.298160777343583 2.337341237016517 2.283669313488645 2.209225063830672 2.194117989158258 2.235335145305726 2.181301022093976 2.201252494447544 2.2189755776526 2.204868280143273 2.195228793772912 2.179570125226746 2.226652118122729 2.258066914720985 2.217090275405099 2.190131053492223 2.226610440697186 2.26763901965387 2.297041734233062 2.305456922142184 2.316499707490948 2.348755801833249 2.380420279459941 2.289703076065052 2.251924592463183 2.269881863860064 2.2668409679045 2.234111003381258 2.270295890291891 2.279471515394789 2.259430407553737 2.191647053791712 2.263304532723851 2.213725849964248 2.270968115048163 2.257349433759373 2.281700093819381 2.262351105186099 2.277468805128592 2.274768115867118 2.253794335185376 2.285444921246381 2.222415539768917 2.321593923967157 2.315290530594211 2.329098837310994 2.318666881001263 2.361103652456222 2.302641502690676 2.377155697420676 2.379151066568738 2.385516818034375 2.368417834728461 2.380107448356284 2.357901267932903 2.358053550779005 2.348079401039286 2.380712185469747 2.356456316123513 2.352367049310487 2.332765948975066 2.328999289202329 2.317538537285145 2.259718037377752 2.281737141449412 2.299288148864434 2.325459048137418 2.345229942689912 2.363465290300155 2.328653289339854 2.253769072462092 2.207506299662782 2.208493770733185 2.243909031269141 2.220922575812438 2.242249376049585 2.278728913708619 2.301211144542322 2.322944602044117 2.345470045380353 2.321499469318951 2.368659139632655 2.360265382063517 2.378941501632653 2.367485575619867 2.36585117199138 2.34953332130317 2.38447053458367 2.307598966654041 2.305233993351521 2.290292462410434 2.358504874966457 2.312020007790125 2.328403532403172 2.351979177838075 2.376601483072591 2.380857634179847 2.361661499642651 2.474971647468919 2.663043713437219 2.839466827296746 3.061371638861601 3.35303369590838 3.70384284451211 4.133176166222256 4.623004041386594 5.244508285832126 5.918599046867712 6.641132691719577 7.384412836974661 8.13214929125752 8.940683812939824 9.847906936804065 10.75843109777634 11.74542203331293 12.74470711989488 13.79182679633959 14.76671924413313 15.81147042641896 16.86034625724278 17.88912990857534 18.95590939328395 19.98739514189219 21.04218842594491 22.08783898140609 23.08912683112612 24.02506230087965 24.97006272693397 25.85913044205336 26.66634413471184 27.42175644010786 28.21039490547628 28.96522896247006 29.67189608679473 30.34930122507649 31.02646375676613 31.64473270056624 32.17669832955471 32.66583571961019 33.10669838590547 33.47209394483434 33.80134208051459 34.13156580206851 34.44628813580675 34.67970007561962 34.89480966455449 33.27428512818915 30.16911825569696 27.37114788926829 24.8649039774682 22.64610637698206 20.5853672208541 18.78120555859095 17.10864750106703 15.6198098960449 14.35114334549144 13.1558225127701 12.06768978201217 11.06302657113702 10.22914393420069 9.371924788138131 8.65357519695317 8.008924145153287 7.422615421015507 6.943416447473282 6.404710872866417 5.963376772544507 5.586598828267597 5.254327876522439 4.893420136577333 4.648740128806821 4.397165972713992 4.193897038225259 4.003337058216857 3.78749668229284 3.564487989729969 3.477961171367497 3.372138740447554 3.283050588135666 3.163511626255058 3.070315847777238 3.007269722049386 2.917411057173013 2.848494060068333 2.79014734080738 2.71489543930511 2.666381175586139 2.634333637754025 2.639221863046259 2.580521356132522 2.54448501537081 2.476385891808604 2.496450860890036 2.470203278084227 2.421754534141655 2.402896256193344 2.435013964254267 2.342545592506212 2.333514933434344 2.33714958775272 2.308534157020404 2.335769034987607 2.341192830495856 