# Created by Octave 3.8.2, Thu Jul 06 15:51:08 2017 BST <co1ssj@node117>
# name: result
# type: scalar struct
# ndims: 2
 1 1
# length: 3
# name: params
# type: scalar struct
# ndims: 2
 1 1
# length: 18
# name: cleanup
# type: scalar
0


# name: num_runs
# type: scalar
6


# name: dopamine
# type: scalar
0.7


# name: targetCross
# type: scalar
1


# name: targetLuminance
# type: scalar
0.3


# name: targetWidthX
# type: scalar
6


# name: targetWidthY
# type: scalar
2


# name: fixCross
# type: scalar
1


# name: fixLuminance
# type: scalar
0.2


# name: fixWidthX
# type: scalar
6


# name: fixWidthY
# type: scalar
2


# name: fixOn
# type: scalar
0


# name: targetOff
# type: scalar
1


# name: targetOn
# type: scalar
0.2


# name: fixOff
# type: scalar
0.2


# name: targetThetaX
# type: scalar
0


# name: targetThetaY
# type: scalar
-16


# name: exptnum
# type: scalar
0




# name: r_0_m16_G0_L0p3_D0p7_scsum
# type: matrix
# rows: 6
# columns: 600
 2.302439226921706 8.163911059062229 7.77153453246865 7.34867784785456 6.951647045294521 6.618315193685703 6.486659761874762 6.711104859496118 7.018991271395862 7.489920128315134 8.186002723330603 9.14706966013182 10.27591152289096 11.56939500373846 12.98528463777257 14.52215344436263 16.23207085606009 17.89370169250469 19.55769774275541 21.05680799572292 22.15836518888682 22.68224949629803 22.50398632572615 21.225229801159 19.21782454604181 17.43323189314106 15.8173869442835 14.4018879928044 13.1337962653779 11.9812068849933 10.86238947468883 9.937284708208608 9.140252422886988 8.423725111995736 7.717705102528271 7.105966056973557 6.594280564337168 6.15077000533347 5.734673015249427 5.286867037088086 4.973157712920511 4.629111954422115 4.309851969977899 4.085251828251785 3.829693910389324 3.666482578939394 3.525616705308494 3.40042312467267 3.288727268642106 3.124495523607038 3.094733722966339 3.005025624745031 2.907484072915395 2.932003397727385 2.914158089148259 2.818334001167386 2.707326996518532 2.602448457866558 2.608804441033499 2.548176759704802 2.511999558824755 2.493650171876652 2.432745626138058 2.441878824603918 2.429705479076802 2.443872737829224 2.415854168801161 2.42422957027884 2.408738384394383 2.483159915303986 2.498092393663683 2.488721866913693 2.452486363419666 2.45486371597508 2.404919344950031 2.389688721701532 2.347647604547092 2.327940462306287 2.29544889718818 2.283721740852343 2.274556344498706 2.275685216180136 2.282435379820527 2.327269843743125 2.315441982686025 2.307160040683812 2.272276257368503 2.283979168812948 2.299563365020731 2.298629941415129 2.254881427703367 2.310420083120334 2.334238961338997 2.267830424272688 2.344768194278004 2.359731250311597 2.360539995868749 2.364010998493541 2.416344172750541 2.370247802275117 2.411583451872502 2.41832021015216 2.414755023790349 2.388929597564129 2.363141547990381 2.289856730829342 2.286613489352021 2.256244992349821 2.260130840484635 2.232953042708687 2.176601167913759 2.172629245542339 2.164148282734459 2.186691122456068 2.205931816504744 2.253093748691754 2.299188495278941 2.297546001049341 2.264638090189692 2.284736245790555 2.270541523630527 2.227855328033911 2.239556716409425 2.255366806813981 2.268380278281256 2.222385300960013 2.236557161402743 2.229699158768199 2.227231616510835 2.229217025358594 2.261752593219626 2.237263048573368 2.238158748077694 2.277990884971587 2.291057249589358 2.236205567365687 2.173194347335084 2.23087680581375 2.211597525762045 2.259333551992313 2.242224803023419 2.258705074189493 2.263362651297939 2.253200145627488 2.270964272247511 2.238372832631285 2.22763050148933 2.256989786917984 2.289697147170955 2.288414121714595 2.260677472939278 2.283765305241104 2.297245538862626 2.318942220021199 2.284964716462127 2.296324297851243 2.308102174116357 2.364719274159143 2.340033978445717 2.351742023805855 2.346321046632511 2.421372521330341 2.319007358411909 2.301903459600908 2.277750274806749 2.259549679281918 2.300308297388256 2.279707822774071 2.220912688655517 2.262386205260555 2.284503854611103 2.3011041039681 2.305165131627291 2.276912324272416 2.318969807671238 2.303602001858962 2.301233545153082 2.278842562060163 2.263968166160339 2.276717735327111 2.287965833464114 2.261147815705954 2.269852398509101 2.266957426912995 2.305045240856998 2.292993091421522 2.302529715374476 2.277339916763594 2.29828090009687 2.283222702593775 2.279596804557514 2.297542973992677 2.248887405199639 2.256003730676639 2.241384844139247 2.220213373439037 2.215205695023542 2.14501484790344 2.192208271189884 2.159633195247807 2.215886160927766 2.26563877600347 2.296681042484124 2.319037144523463 2.310920711620383 2.321756825076591 2.339002183700359 2.297194769809721 2.292916966100165 2.27768429185744 2.271200283924372 2.327585806026036 2.355419024650473 2.375379572935344 2.34819331259132 2.301216710644439 2.260580413207208 2.224550233331684 2.215004310339282 2.216899030037894 2.24020538334662 2.263285880999319 2.235794648393494 2.280841980260448 2.305847909832664 2.358405916205811 2.369492512760189 2.367500669814035 2.379190847033897 2.360575189848532 2.325535669377132 2.325601673721394 2.293024763457652 2.271903728880716 2.299297706516882 2.277427465378423 2.288697748936102 2.276495412206714 2.248815197021031 2.278046185908352 2.266227339656325 2.280748471857805 2.278134197295003 2.264793011228903 2.254711994857644 2.236954885509476 2.222609709671815 2.244607220010948 2.290504808050173 2.274105455780955 2.349871441394498 2.35662433730613 2.35255740068169 2.324187334432281 2.329383010830497 2.261718181795004 2.271313607408956 2.283122027889476 2.305152960921987 2.301210144229117 2.294850626225525 2.275588527805667 2.290539729241573 2.342379627145419 2.264722929154232 2.315641637935187 2.289421300636604 2.316948620649782 2.314844830158108 2.356029555696296 2.328531737228332 2.372579044516897 2.400229434781068 2.35288171463435 2.313661361316917 2.292718683165731 2.33002232432591 2.294173896014399 2.231922997125366 2.211138613503863 2.228211171761359 2.171759199802182 2.157974167203065 2.173872724473767 2.259270729727632 2.282713880391384 2.290224667030998 2.329548209145287 2.376415364855347 2.487192010426952 2.59337537774627 2.789298420968407 3.091724192661786 3.437522686719603 3.860839566186769 4.276395909475468 4.792849420871789 5.291105094511295 5.918571442065513 6.584345643139386 7.239054978675995 7.927509607630782 8.606644966217573 9.338981042681553 10.22653020883445 11.11450740239161 11.99607938793633 12.94126658198729 13.88323257317825 14.83063867656892 15.87180571544377 16.86716259614695 17.89003725123257 18.92490843869018 19.9032944411847 20.92355155649966 21.94323409609933 22.9518497777317 23.92064334543829 24.8717598689409 25.78929104541021 26.65597721223457 27.56408229772933 28.43543407059406 29.24288586638067 30.03723641004763 30.88690645573661 31.70706388302278 32.48430587681651 33.25920815220525 34.03744982496573 34.76118664094247 35.38601313805339 36.07072486997276 32.80066969417385 29.78728594773929 27.0329061474622 24.58685520087784 22.28628704025687 20.26522614758142 18.41400768513267 16.80224409352013 15.29369661060628 13.9985084232103 12.8261849114715 11.73089341320838 10.77491985598317 9.922229206298653 9.153831442847149 8.433705406932859 7.833674234425416 7.304838001451571 6.801915562766226 6.331981247516524 5.968671546670294 5.536230616729881 5.237613380060793 4.972372164087574 4.681193732980319 4.478496601361257 4.249677828760468 4.115085406743674 3.897541439015185 3.764026525841473 3.638592347619124 3.533175363269038 3.399275970863528 3.242596143249102 3.181788245361531 3.041615508424002 2.962773115452364 2.894066196589847 2.831590180379862 2.745961385789997 2.704150824865792 2.638484148377756 2.607857595252426 2.569347233846202 2.479640367739194 2.493392936760756 2.485330956398684 2.469462669028871 2.445418145354779 2.459951058339357 2.368690950739619 2.375930863716349 2.352883195686445 2.344344065517362 2.342635351433273 2.33385848452599 2.335302039777162 2.373303087910244 