# Created by Octave 3.8.2, Thu Jul 06 15:51:14 2017 BST <co1ssj@node117>
# name: result
# type: scalar struct
# ndims: 2
 1 1
# length: 3
# name: params
# type: scalar struct
# ndims: 2
 1 1
# length: 18
# name: cleanup
# type: scalar
0


# name: num_runs
# type: scalar
6


# name: dopamine
# type: scalar
0.7


# name: targetCross
# type: scalar
1


# name: targetLuminance
# type: scalar
0.3


# name: targetWidthX
# type: scalar
6


# name: targetWidthY
# type: scalar
2


# name: fixCross
# type: scalar
1


# name: fixLuminance
# type: scalar
0.2


# name: fixWidthX
# type: scalar
6


# name: fixWidthY
# type: scalar
2


# name: fixOn
# type: scalar
0


# name: targetOff
# type: scalar
1


# name: targetOn
# type: scalar
0.2


# name: fixOff
# type: scalar
0.2


# name: targetThetaX
# type: scalar
0


# name: targetThetaY
# type: scalar
-11


# name: exptnum
# type: scalar
0




# name: r_0_m11_G0_L0p3_D0p7_scsum
# type: matrix
# rows: 6
# columns: 600
 2.290368209160079 8.059686214401154 7.606761285212997 7.23808937476133 6.954779424231674 6.766766936707427 6.672919181670295 6.781161048529611 7.071801575601057 7.573817606713419 8.368891814938252 9.333380283700535 10.39806047474121 11.70648318076564 13.13501126375922 14.66864373631324 16.29308362325537 17.94939838671598 19.64074442619312 21.14179779084952 22.19344577917218 22.79818436103233 22.73077234174707 21.55543618785305 19.55808469581825 17.72987536596702 16.10315161337712 14.6876444619993 13.42091605056339 12.22148215987909 11.11417614829406 10.21618821162701 9.316160736598249 8.463903278941871 7.795260937724379 7.10910068765952 6.547166935256428 6.098721564419975 5.696356684698912 5.357478091245866 4.98305656186858 4.588510527781182 4.294438965935115 3.990155793835584 3.807407504107687 3.626000342024781 3.501199802201882 3.345614971141913 3.213899550755741 3.067755487092654 2.963037137378706 2.816375069371134 2.761422108684201 2.671737811324419 2.665240645699669 2.620632664755249 2.582593629362236 2.511338794356561 2.4427949433084 2.439038785039884 2.420116021891772 2.337363307429769 2.317083704285324 2.377143477315258 2.309395083953859 2.292146654886892 2.311425374988175 2.261665981633996 2.275270836056734 2.273506726123742 2.31096926832106 2.290559979723184 2.326239388334216 2.288427936076914 2.211113970928636 2.238366180790763 2.246937566649649 2.198486811394105 2.20001573817899 2.233822328365932 2.265198437140498 2.278993323234317 2.241563029339886 2.285417151902948 2.25740970858169 2.248337994358735 2.315869400394149 2.378549084492988 2.359152435568831 2.287120764310203 2.303214832834783 2.335290063907451 2.350221967193647 2.340314068824227 2.341797839391802 2.305869231589895 2.325486409623409 2.327283049009566 2.306590513093397 2.296876881617209 2.323382452290389 2.325600974960253 2.328554749139585 2.349975449149497 2.314947064933222 2.312102590833092 2.357438585684577 2.392858907529444 2.417384254815261 2.408779527839215 2.365118935063947 2.388777845830191 2.393251763081935 2.388942761856015 2.414853278369264 2.339507342148863 2.321248828451644 2.301653232116223 2.330892909205431 2.360546760315628 2.370275978712016 2.408961548513616 2.318776945254285 2.306882093445893 2.252517160115531 2.216285664744646 2.202066163557902 2.173981114314302 2.214933250317699 2.2350507088413 2.258037666073506 2.236265883460874 2.267655231895333 2.279815402318491 2.286721470285556 2.308815215099457 2.230291765758011 2.264565982413842 2.307190653875296 2.269365119696886 2.268659881399799 2.318631486012237 2.348154125069414 2.350833608958055 2.345816694138193 2.354923706152476 2.354209879566042 2.337361627069185 2.328002464901147 2.288210840888496 2.360512517716415 2.327207564062519 2.374181554885581 2.326199170462132 2.376895073772175 2.404602060836623 2.368097976049285 2.336415799825772 2.308821301481657 2.348573753100936 2.394293974626635 2.372100840268104 2.352518882531513 2.349612813268322 2.314973932614521 2.293711191829061 2.281778389231476 2.264281456249591 2.250535705221409 2.242273379561084 2.219218406205982 2.184714300659834 2.212992744903204 2.283618836107053 2.27821144623158 2.250779895239248 2.261276110311883 2.280007123325049 2.293821914219734 2.307726123588509 2.290491221900993 2.301325160022316 2.342085597625555 2.327470328922573 2.369585900349193 2.366985200314957 2.393934375875688 2.363064084391226 2.288293286645057 2.343621535903367 2.373803647518798 2.369745956391853 2.360474788030842 2.32981912752075 2.316215158429259 2.299784844544774 2.300316756409302 2.320269121635647 2.387476298565161 2.366783522069454 2.333393087275908 2.361863637626811 2.356948190388721 2.324913826927514 2.261094317713287 2.249998136307113 2.234015870069925 2.268493633311664 2.298915282794042 2.333477201689675 2.35397322105382 2.35561558198674 2.373645674641011 2.327076540157577 2.357777139801328 2.410217777363869 2.408952567180677 2.375207430253795 2.418414963356554 2.398014165119093 2.404580481044832 2.469437324498358 2.438009193007019 2.429056815315562 2.458338929154706 2.462053644667321 2.367600205470808 2.373845213713139 2.376042125491949 2.369496805869858 2.315840169045259 2.307007378987691 2.316973256147321 2.308134957937 2.256783504784835 2.264789322511206 2.30954131326871 2.315576537857851 2.298007467961725 2.320326594226572 2.297307273534898 2.262622782040125 2.224020447312796 2.246897750868811 2.252588234674477 2.25748370895235 2.2687571852166 2.276328215368267 2.344025632941339 2.370070341004975 2.428268439998646 2.379979435594578 2.401418764311529 2.391431383894087 2.390987548869816 2.437628774549012 2.467594432055193 2.403995821216085 2.459009213365789 2.398480669387936 2.479372597590555 2.472582621121546 2.454800620333117 2.490966536792257 2.489549862901185 2.4111064949102 2.371780424182361 2.338325335917034 2.325979679939337 2.355545693193562 2.353222384995206 2.311081934378308 2.352206376938739 2.369158759494894 2.388067529805994 2.383460093689791 2.348080364117777 2.39422913677754 2.340102125686826 2.365071389274817 2.377417007817712 2.41406970684875 2.534234618709888 2.677904082724126 2.88720226768055 3.15206564264372 3.411903562926454 3.816348828970149 4.170576461820019 4.632507051468565 5.144036585463255 5.767238996615561 6.453022500914813 7.250042727020627 8.100912345878442 8.935645504203421 9.853620245514321 10.72886114377616 11.7055039465713 12.71158996810846 13.6909816760508 14.71861013500893 15.7682035636717 16.84650333531317 17.91081557566758 19.02658789669294 20.08727565141817 21.10422504324742 22.15042622045439 23.13305052267242 24.18671009607351 25.16388376101531 26.1665667942525 27.17731855637976 28.15510074974736 29.12448224129548 30.03599616573774 30.9702498410079 31.84274919973177 32.78961423858345 33.62513265162488 34.51974465828971 35.34474235765811 36.15695160793257 36.8897715499661 37.61540799142676 38.24051555710321 38.87448004352336 39.59745257514442 40.2192238720927 40.8667194787995 41.42673247586936 42.03885099323088 42.65274361920092 40.567855422516 36.75163013214114 33.27892174871522 30.15479173168569 27.38893507240755 24.85845526341291 22.60367976987618 20.50168549537193 18.64771528119127 17.00197786249373 15.5477694585752 14.17372292385517 12.92350231025921 11.88643871746171 10.93711590683233 10.07899250274204 9.297028368257088 8.680248380849662 7.984997952480626 7.379500722847297 6.834500664568282 6.409065434429067 6.007594429258461 5.613122930291865 5.270847442945524 4.904683604763704 4.645019487081299 4.442035899723123 4.231297358943266 4.007398684872896 3.799889912890649 3.663588119205087 3.518543882488302 3.409994133990949 3.303453490387255 3.169302767841145 3.119786465027573 3.072438497409166 2.982980543587473 2.91524765498616 2.822908317040856 2.774012303594645 2.771084626856464 2.737289449803939 2.678608256988809 2.635001592878325 2.560810412524006 2.55996878904989 2.509671895699285 2.516064627245214 2.487041793207027 2.40293238821323 2.376523052782431 2.412271855482686 2.443016827637621 2.386261889609159 2.387219785770867 2.36910788363457 2.342293017754855 