# Created by Octave 3.8.2, Thu Jul 06 15:51:08 2017 BST <co1ssj@node117>
# name: result
# type: scalar struct
# ndims: 2
 1 1
# length: 3
# name: params
# type: scalar struct
# ndims: 2
 1 1
# length: 18
# name: cleanup
# type: scalar
0


# name: num_runs
# type: scalar
6


# name: dopamine
# type: scalar
0.7


# name: targetCross
# type: scalar
1


# name: targetLuminance
# type: scalar
0.3


# name: targetWidthX
# type: scalar
6


# name: targetWidthY
# type: scalar
2


# name: fixCross
# type: scalar
1


# name: fixLuminance
# type: scalar
0.2


# name: fixWidthX
# type: scalar
6


# name: fixWidthY
# type: scalar
2


# name: fixOn
# type: scalar
0


# name: targetOff
# type: scalar
1


# name: targetOn
# type: scalar
0.2


# name: fixOff
# type: scalar
0.2


# name: targetThetaX
# type: scalar
0


# name: targetThetaY
# type: scalar
-12


# name: exptnum
# type: scalar
0




# name: r_0_m12_G0_L0p3_D0p7_scsum
# type: matrix
# rows: 6
# columns: 600
 2.264395892569155 7.94012761945487 7.509907067971653 7.094132469930628 6.722417196171591 6.559601137676509 6.51719462955225 6.668104037358717 7.029903007227404 7.603619136571069 8.40714506644872 9.336968399238685 10.43082603502262 11.77147446367235 13.13431598045645 14.70253072932246 16.39048117690254 18.08502633585886 19.70011605481704 21.22578003549279 22.39161576464539 22.90406022683601 22.73424055360374 21.49669072103279 19.44740092593929 17.62324038056977 15.98294635933416 14.46335967460982 13.14161773956585 11.95011172471095 10.93734324089746 10.01219901705917 9.194018204289023 8.485477900787373 7.764327937111375 7.175422026604792 6.654662625748642 6.175998109734792 5.776282687671483 5.358567171380855 4.99204698207177 4.624157515725528 4.370704123728501 4.171791765154921 3.952144424329163 3.739056373931817 3.620686416490571 3.485256809748535 3.357174604021566 3.249685148650315 3.106838833111397 3.029790822161885 2.918351957725463 2.85298888158286 2.752006295035244 2.657420772908154 2.569541940403724 2.551818441552314 2.561853182172854 2.549158169709699 2.54640052713512 2.498387181476573 2.438714345393237 2.414246910746442 2.443181783637556 2.374388300238934 2.381258521403652 2.41741011551494 2.41236316258437 2.369949493149761 2.367768896368943 2.435168798692757 2.392853594519693 2.470182502984244 2.463248276610102 2.438625471888372 2.356856593298289 2.273853414750192 2.266595326036622 2.263428932266834 2.312847514243913 2.313062582848943 2.221618928851967 2.261684081884596 2.311009117147478 2.309014041366027 2.226376295966475 2.224096647732949 2.196223815928533 2.253748641564016 2.299892753328095 2.295985272248799 2.279228641667942 2.179429804251413 2.180031029423844 2.248184054187732 2.317172445251344 2.29942272986591 2.245993596450717 2.269553825710318 2.217486890505825 2.223677189729642 2.240153762260888 2.194759707448611 2.234549388615051 2.20524059204763 2.197652215436392 2.237467261566053 2.236492536820151 2.299008534093446 2.273847371361626 2.251884635068564 2.263640697339724 2.307940583748859 2.306467976823114 2.365708522429486 2.333049189270241 2.336755964897748 2.393023523283773 2.380685574716153 2.437707836808841 2.454637374110462 2.383064466594078 2.309040102307335 2.325777643578476 2.289561070414493 2.282381670382165 2.281629662000341 2.356367504675291 2.3226071367244 2.24660945051437 2.267927997098013 2.244107735079524 2.256208018675352 2.278459253588153 2.262283879110328 2.268039170528027 2.272608610981479 2.213283372228034 2.242829620357952 2.234135323316877 2.302304774199001 2.343926714573172 2.304654805671817 2.290010247743339 2.319777527423867 2.290101055550622 2.261716286144292 2.277985782096948 2.292192220895231 2.277138516546984 2.355889207668952 2.37009051453424 2.329337347600813 2.309600078157018 2.243939403451805 2.232128889452724 2.243584540552547 2.319500593275734 2.251248238899279 2.301599431164504 2.300368269963656 2.283523750884342 2.208297710023544 2.223922716104425 2.222064920813864 2.273472791817767 2.269003701672773 2.216299213621824 2.207077451676014 2.228416390166331 2.229822513261752 2.192342249036301 2.195520185504392 2.178725584821223 2.171502996599884 2.197838494212192 2.226381501597643 2.270241208432708 2.303827407627978 2.248259035597584 2.253880392625433 2.282158982350666 2.302854875944377 2.327824600055465 2.328907541501394 2.351404961707885 2.34182762745877 2.323398583139351 2.334748875266087 2.332428750338295 2.354109772284573 2.345380317313356 2.342594739086053 2.32312642013494 2.268831866325854 2.226308223338492 2.220358213711734 2.195130554375282 2.229778056243958 2.282810725046147 2.261630664601398 2.323154461053491 2.262382301527396 2.249864409568545 2.229842021026343 2.272852418878756 2.228048467786721 2.261205208887986 2.305704627971863 2.304207960507483 2.322564504669572 2.34529611832113 2.325820250593097 2.263543426932301 2.253813651686869 2.284349833131273 2.230800215937052 2.235393389915771 2.256895571001223 2.270870025011391 2.265735257422421 2.355051296246529 2.333214380843856 2.317943486399599 2.309081251743919 2.293187676354137 2.28724051363497 2.306448727897077 2.267736913621775 2.32835780014284 2.278494986923761 2.329126308926789 2.327271896523598 2.316065383514797 2.292954216223734 2.274629892810481 2.288262631700491 2.340075234315009 2.315891964477487 2.310259036032221 2.316411875195627 2.36612807579877 2.354564842149557 2.346031547902385 2.312457552173328 2.293599199590972 2.295189249709438 2.290925716194579 2.338119598622143 2.309380719398177 2.297520161748253 2.278570766797202 2.19520920819923 2.15878933201202 2.185390950384317 2.196191146162164 2.124063112874865 2.177303074570773 2.151478612679057 2.21239340959437 2.218143677229818 2.248030464048497 2.218011175129504 2.179879644376342 2.283353565144353 2.190929839973251 2.261289938223854 2.310890404991369 2.36444386290168 2.301669688655238 2.335342376325571 2.337410361840739 2.345970479615062 2.349686615611063 2.360280997241716 2.350692081228772 2.40323132695994 2.394311551572173 2.374292669846909 2.339315609060577 2.372808694937703 2.380937936406553 2.374934244609904 2.405503426642099 2.420255040589836 2.513862557312677 2.647049644119761 2.808869954496913 3.051914786650741 3.323303136094182 3.676885003296775 4.102122670257813 4.507929226841952 5.071574225636141 5.596607331845007 6.252548443473643 6.925641981559238 7.585934656195604 8.254726412647869 9.09946905583638 9.906298918485845 10.76051957822347 11.63999473492731 12.54587726017417 13.38369308006622 14.27698267275082 15.17961366612144 16.08524953721644 17.03791607330277 17.86993146174791 18.66922164152493 19.50978793201648 20.25807304746195 21.05357127850948 21.76401916178293 22.46257630457421 23.18150478770622 23.87270507463836 24.45241582771268 24.98222659470048 25.52053328222974 26.03899335993447 26.57368848024271 27.02798960866494 27.5102591490795 27.97291462361682 28.35758018992783 28.75424385223596 29.12179285476304 29.46957365565686 29.80362160710501 30.14638144762284 30.47320849470634 30.80645974232721 31.15599405477769 31.55193959909957 29.35684921085704 26.65742569325084 24.25556220183717 22.03495688104158 20.05777867860888 18.29906842122364 16.70149854085139 15.23707990352705 14.00193501621106 12.78094357765804 11.71280918421689 10.80493432412186 9.916638668204541 9.193455772485322 8.450361535411503 7.769433962785115 7.262072524405085 6.708750562364003 6.206687556648831 5.80768589217405 5.411126690276433 5.086804998420121 4.776272251932824 4.568915568286684 4.334177819870092 4.174208050157176 3.990478764673753 3.826660654191073 3.664273624042835 3.54211975304861 3.371254449652042 3.28104560040083 3.196781121710956 3.05199775984147 2.989253371611994 2.947011094925983 2.881720981917169 2.851802993936872 2.764412520263249 2.729449821839808 2.658570987172425 2.570805765208206 2.560645050260064 2.511446483789769 2.466059095750097 2.457819652197941 2.443421204807237 2.414114188199164 2.382406931988953 2.416607753890275 2.429474254549859 2.429330422861312 2.419054334164684 2.380071080819789 2.362571978585038 