# Created by Octave 3.8.2, Thu Jul 06 15:51:08 2017 BST <co1ssj@node117>
# name: result
# type: scalar struct
# ndims: 2
 1 1
# length: 3
# name: params
# type: scalar struct
# ndims: 2
 1 1
# length: 18
# name: cleanup
# type: scalar
0


# name: num_runs
# type: scalar
6


# name: dopamine
# type: scalar
0.7


# name: targetCross
# type: scalar
1


# name: targetLuminance
# type: scalar
0.3


# name: targetWidthX
# type: scalar
6


# name: targetWidthY
# type: scalar
2


# name: fixCross
# type: scalar
1


# name: fixLuminance
# type: scalar
0.2


# name: fixWidthX
# type: scalar
6


# name: fixWidthY
# type: scalar
2


# name: fixOn
# type: scalar
0


# name: targetOff
# type: scalar
1


# name: targetOn
# type: scalar
0.2


# name: fixOff
# type: scalar
0.2


# name: targetThetaX
# type: scalar
0


# name: targetThetaY
# type: scalar
-15


# name: exptnum
# type: scalar
0




# name: r_0_m15_G0_L0p3_D0p7_scsum
# type: matrix
# rows: 6
# columns: 600
 2.263913645538196 8.007605873099237 7.607147706323303 7.096067063859664 6.767272260884056 6.580810360661417 6.462304430046061 6.595778206843534 6.971252954201191 7.485880773383542 8.211018983900431 9.231785803058301 10.31505563242536 11.64463691005221 13.04233935748198 14.59013963633515 16.26477532675563 17.98078712113056 19.60150605936724 20.98868602741277 22.1587237847707 22.75868524235557 22.56474278424321 21.38771170467226 19.45346032355883 17.65781059452274 16.02540135521849 14.49645555716415 13.17921428932459 11.98908942592971 10.92834807858162 10.03636703372831 9.182671222817589 8.377354272357479 7.683079596832613 7.043332023377843 6.566991447460168 6.092646636257996 5.692832083812391 5.321188074551173 5.016969053009234 4.647848643613543 4.397804359177826 4.118640523955037 3.906511906337983 3.7107384169949 3.467586999955529 3.331179661596252 3.166704272014613 3.102293575764634 2.971075911045773 2.898919336570543 2.752446084108669 2.672806838516408 2.575864028600336 2.488063386132126 2.476150151702313 2.46649965981851 2.372806743907859 2.339040136528638 2.330903885798762 2.286436929465708 2.332622448611801 2.313204921301804 2.343824390642112 2.328687258345326 2.30117477283784 2.267560586507898 2.289090488298825 2.31153885846652 2.215067380267101 2.197478757832869 2.202116135540564 2.187314908558619 2.229419643328583 2.270176874553727 2.290322380798898 2.274614147696411 2.290711533511057 2.282281269690429 2.314249391611156 2.377339345592191 2.361493719632563 2.335335704621684 2.248407593141565 2.257461328270438 2.246901422266092 2.243495955357503 2.27041960247152 2.223219684103242 2.207234227411391 2.190942171524512 2.204529267649377 2.18541969332 2.185443707479862 2.247947588126408 2.224541254901851 2.23170585394837 2.2519185045021 2.272116675347206 2.236131457055308 2.239792211366876 2.263259216850997 2.253388686658582 2.29031426509755 2.300390481650538 2.320113916372065 2.328951197901915 2.275298890971499 2.340577816921723 2.314771610874232 2.288651677157759 2.290247690114484 2.395220957085257 2.357871074196737 2.420347827719525 2.411471338422416 2.300102861285268 2.25414670776081 2.303135523587116 2.274211541018303 2.240858648838184 2.246868795642513 2.237484850975306 2.264681781321997 2.269505991844198 2.266553182191274 2.256406728836737 2.230156876104047 2.243254795106623 2.326911876181839 2.338397058720147 2.318173260973708 2.326012360892491 2.338972810110135 2.356094706432486 2.328218152655609 2.376723671761283 2.332388087335858 2.327756089613104 2.382249190792209 2.424389300071198 2.376035522633174 2.387945347716595 2.348434346076829 2.360279520282347 2.359714558055202 2.409045127482386 2.462750946226151 2.467178768267331 2.418199120558711 2.39102411816566 2.395649196791055 2.461168426983932 2.429696325143595 2.381958458892768 2.444830054504564 2.393172246069298 2.386183063601493 2.405427182286076 2.410159828006726 2.446764253469155 2.364189081898076 2.358862165569008 2.340342255223732 2.342263165322947 2.293007534670323 2.307099140773062 2.297313143681095 2.343014712503646 2.385572583865724 2.433965231718048 2.380173998979444 2.369896027710638 2.40347177271542 2.338467825113185 2.287867736355111 2.322672121830692 2.354574395385498 2.349509799296357 2.34894354181597 2.342630238046695 2.340493602565402 2.317430160866934 2.256305831651844 2.258166953281034 2.271945210108242 2.330343703528342 2.387545876648801 2.422708228630654 2.372428425958788 2.362395216092409 2.322134896923671 2.346554975891195 2.28159820097062 2.212217777618207 2.227887618239038 2.271366633656726 2.272297414041532 2.299903290688235 2.334592430874181 2.335161530430923 2.335627717977331 2.316644102871578 2.314321647969336 2.275719881126861 2.324868907879136 2.290468036953826 2.316601576621906 2.317207815056463 2.309317977696992 2.316152563333162 2.306316708716622 2.277505068173923 2.28067706712136 2.31319449118746 2.289975415667868 2.305626952776947 2.303670375620641 2.375623852210992 2.34424131751075 2.324471223379078 2.349433405983291 2.36067768319117 2.305611650175706 2.242121655959636 2.2484776528363 2.303683318425101 2.283951848366996 2.326617545018962 2.327284054365009 2.349996423674384 2.368989490058084 2.372399230906012 2.394086038933892 2.436964396089024 2.437522726897441 2.446672250694974 2.380339194821318 2.431659775578737 2.436625065362023 2.369334825572878 2.32817720805906 2.317840226503904 2.303484628147999 2.33358675740601 2.319389842621604 2.327691335680356 2.365644353318203 2.35568915755357 2.327986089858314 2.293612689547444 2.229539482432301 2.205281215181458 2.299083216359577 2.301782091582936 2.243546432267976 2.269802046597761 2.270754876255523 2.283580220062504 2.275368541835633 2.267159907110909 2.251421684391971 2.249911702483587 2.256835760585091 2.237640692655987 2.251043423042574 2.282045731997641 2.264311281513073 2.25817078502223 2.16797217866042 2.171302083450428 2.165975867712405 2.148558985238196 2.206324370559742 2.242348700121511 2.253216281922505 2.290537878767282 2.281042684297972 2.231941750011174 2.273909213028674 2.259524570246867 2.253619651412009 2.221574041159329 2.236519763042452 2.243130980276874 2.250203490475542 2.217645115044434 2.275261916336603 2.29652468374843 2.335042356095073 2.437956805108115 2.627409914846794 2.944960139822797 3.290775972058327 3.677099313066719 4.12498695722752 4.607576264581439 5.152528175731277 5.784474144638807 6.503614526212914 7.232158818231255 8.002303536453837 8.815803765361125 9.716882744582108 10.69657605938846 11.66224763688297 12.62190672416182 13.67320188363738 14.67785515651849 15.71635901933041 16.82377916090627 17.88161214544743 18.95457133489253 20.08505751869961 21.1435829086804 22.28125645987166 23.28052171861782 24.3185052760673 25.41665368068789 26.36516794727686 27.37939113994435 28.32669461713886 29.20260916026018 30.09885797720926 31.00889186785753 31.86911421683908 32.69355865589023 33.46832210145658 34.24217763328852 35.06015732837113 35.83145558324395 36.56382280813341 37.29956788575146 38.05827540710015 37.01200758992491 33.58293013255025 30.42864428310713 27.5859466028578 25.11061728076311 22.83500739767624 20.79605098172578 18.89919848520367 17.2297689191073 15.76298160272745 14.42160647181845 13.2033013006585 12.07436938352657 11.06619693131506 10.21888568569193 9.419910101173627 8.672319274584879 8.053853488425375 7.483218447981926 6.885786906003887 6.504765894849697 6.049137809692184 5.644010902491573 5.279324790943065 4.966529245328275 4.687028165153606 4.402807468275569 4.190083522138593 3.968732089197147 3.735368090274278 3.623211541107594 3.541796785297265 3.408516934501677 3.246640397963347 3.132216890528071 3.029087245173287 2.972098552616444 2.886856310295116 2.86147832774077 2.791639127262897 2.752597053786303 2.718278037798882 2.667750920094477 2.600051897337835 2.595805916156678 2.527275674987322 2.477947962253893 2.476017970053363 2.409544025496871 2.347588046053716 2.336702469662669 2.315275265420496 2.314748018026876 2.292668393361964 2.312191055971198 2.357317790214438 2.372532926787244 