# Created by Octave 3.8.2, Thu Jul 06 15:51:14 2017 BST <co1ssj@node117>
# name: result
# type: scalar struct
# ndims: 2
 1 1
# length: 3
# name: params
# type: scalar struct
# ndims: 2
 1 1
# length: 18
# name: cleanup
# type: scalar
0


# name: num_runs
# type: scalar
6


# name: dopamine
# type: scalar
0.7


# name: targetCross
# type: scalar
1


# name: targetLuminance
# type: scalar
0.3


# name: targetWidthX
# type: scalar
6


# name: targetWidthY
# type: scalar
2


# name: fixCross
# type: scalar
1


# name: fixLuminance
# type: scalar
0.2


# name: fixWidthX
# type: scalar
6


# name: fixWidthY
# type: scalar
2


# name: fixOn
# type: scalar
0


# name: targetOff
# type: scalar
1


# name: targetOn
# type: scalar
0.2


# name: fixOff
# type: scalar
0.2


# name: targetThetaX
# type: scalar
0


# name: targetThetaY
# type: scalar
-9


# name: exptnum
# type: scalar
0




# name: r_0_m9_G0_L0p3_D0p7_scsum
# type: matrix
# rows: 6
# columns: 600
 2.253789456794038 7.982892143714707 7.530814332054433 7.115476420498453 6.781682976383308 6.466480947368836 6.486452183948131 6.620986465582973 6.919696632336127 7.558846120591625 8.355251738423249 9.251212395749462 10.34385363854744 11.66728435092227 13.05001243775041 14.65240387403901 16.3353983504021 17.96556559095916 19.6245620824011 21.09452137357766 22.17420198571926 22.87403917080519 22.69134388607563 21.49561582489696 19.42373992050125 17.55516610484483 16.01794560658891 14.54894861740468 13.22780509075528 12.11352545388218 11.05113902447192 10.09426986642393 9.240011617461278 8.481396248997044 7.787632826402842 7.070207228494837 6.553726048026874 6.060456176161097 5.621994546389033 5.230748856658465 4.94744428785998 4.679882183751033 4.355008269085374 4.158543838057085 3.938563084666384 3.703510665749491 3.552163965894579 3.395650849513913 3.20021928110873 3.064410639599373 2.960893225870677 2.949813132783675 2.936172225447081 2.877052225361695 2.82085021698731 2.756774794055673 2.718724313516759 2.649987734628667 2.623544461303027 2.569920720783557 2.577256750380911 2.528005220265186 2.516391753855714 2.502741609459918 2.488544282573912 2.490867703323602 2.483310538846126 2.422745767536981 2.427694370380777 2.393762188072287 2.323390495439526 2.318830076583254 2.330267627112335 2.301633675895573 2.282792544287076 2.31351096256185 2.290860061646526 2.261350261596817 2.171954451325291 2.214150501647964 2.225543682916395 2.283594792439544 2.292790235711436 2.309565978623141 2.231521400199199 2.249993123186869 2.225991855988468 2.247346501377251 2.230552961213107 2.223586340878683 2.195933126036834 2.173482515940123 2.216593123619532 2.228355272111003 2.217841570454766 2.190369422558433 2.200929254486255 2.262248528491909 2.307771724987106 2.265869244496571 2.339154802310077 2.330219040515658 2.329352055061463 2.325943318275677 2.287617295638483 2.286700565849969 2.275413173512788 2.296424163756456 2.28030582145584 2.313514758061501 2.260358261897636 2.220127299464366 2.28588652612234 2.321455999292084 2.293901166272917 2.289765349041772 2.29023756103561 2.289882243683678 2.285943340892118 2.297265679313568 2.356961786892498 2.407503545786312 2.329845277981804 2.257195749467428 2.172363045669044 2.199843887739917 2.251441706615879 2.277170269764611 2.314413226593388 2.29392122247009 2.311749688236887 2.380847274478583 2.390098750563084 2.386507735071064 2.300225957344082 2.274282632442919 2.27666239294922 2.284032666711937 2.256021403867635 2.291967894339905 2.29417994169853 2.226655931697678 2.263127281687048 2.272453733818111 2.294461866453275 2.249935456376988 2.247221900306613 2.254796797329618 2.255114656740261 2.240941751959326 2.230099468015396 2.243987098052457 2.237847900571069 2.226638392254245 2.172061726545508 2.147139557971968 2.225986650872073 2.21350369470747 2.21711793193208 2.221614567752113 2.234894434732269 2.264864172153466 2.263103960453009 2.301044961859589 2.35443005412526 2.392804479270126 2.366313643669855 2.341237541957526 2.29650814463821 2.250964454102359 2.312101512892696 2.25238820080267 2.29225988419239 2.311243489191838 2.298958659272103 2.320311826421857 2.323133050511387 2.347352372002206 2.36367653398338 2.317043685785393 2.339101098386891 2.365098445254262 2.346191195462779 2.409878784284956 2.346817821431614 2.266912558927288 2.286901694293192 2.222425765281514 2.248668805455964 2.272903127639438 2.273184274570667 2.315720993043215 2.302284810824858 2.285304302175064 2.251381110432703 2.252972315567604 2.239498261062181 2.234840095494292 2.158853901186376 2.242484892267385 2.27156823374753 2.294925844584213 2.334835990179272 2.333757456573949 2.333129937029298 2.336235499449685 2.3406453241696 2.333029789413558 2.346259921960154 2.37287725027636 2.407634800088999 2.368387359812914 2.326545672258362 2.305081889102439 2.332571171951713 2.314956977694237 2.324547452335537 2.327272708898818 2.263744373809459 2.231901815182937 2.197932678782308 2.210185779997119 2.260810421725182 2.241648295997948 2.316100814829042 2.323826138670483 2.412962022230204 2.385417871821119 2.362917498401657 2.320805064431624 2.332089225994423 2.326728092116355 2.341049251357617 2.366943159609036 2.411927963934431 2.390990333213267 2.391439881463157 2.385790003194415 2.421494000249368 2.382473823614419 2.404498090440029 2.345089943992207 2.328573490362032 2.318869283342792 2.313588292232453 2.292087158475624 2.33093954400465 2.296331782858033 2.257118932750018 2.268429100506182 2.307089261877991 2.293619938056509 2.331113528103742 2.300914582068799 2.306346383804339 2.296641925073345 2.288400924342568 2.320904499310927 2.328397112825769 2.332023981740349 2.327990268382564 2.249479170237464 2.218803118062169 2.272884453346705 2.226914749022399 2.306891731670476 2.283609245707339 2.302135155503493 2.275696572414745 2.311075717378117 2.253393171806238 2.246428332906362 2.29512958858686 2.270793446816242 2.26214872352466 2.180040035003913 2.192440499260556 2.268114680704457 2.431263046251843 2.484119593465948 2.591537004765996 2.774499803828803 2.995372234013303 3.288403257309255 3.559265294672514 3.994204693571191 4.467794674743345 5.005468026021845 5.604988332086577 6.24291584090679 6.819206464961098 7.532296051940648 8.283656461753708 9.075618481794663 9.842526112752239 10.66976270377199 11.44335969303029 12.21191539709253 12.98382569390378 13.83370348935568 14.68601657918771 15.52211236194125 16.30847359839754 17.13951711443224 17.96222754216797 18.85419303990784 19.73671711029965 20.56481437966613 21.46275351782424 22.22616997063597 23.05250829229772 23.79312123786076 24.50573075577995 25.20875618358696 25.92142320011044 26.64322675655421 27.30499083701943 27.91243490991474 28.42444507109394 28.96824638311227 29.45927167207265 29.94567683479909 30.33398646291243 30.69450631912332 30.96649607304425 31.27752479933406 31.59601037017637 31.8468374787808 32.03742992194202 32.20785761728621 32.30368554542292 32.39030814280341 32.43228229915985 32.48708564491244 32.51527958385668 32.41495966288494 32.3982709747288 32.27132485101174 32.06475314926865 30.83758116191893 28.00785966336844 25.5271094984455 23.17203565796081 21.02547259896892 19.14631570125493 17.41682624419627 15.84241225958613 14.48975360756958 13.27004978201967 12.17725023733328 11.23378418241191 10.25318070028879 9.398181092088635 8.659479440295399 8.055097063122957 7.457403005541892 6.981069155937803 6.493078287236131 6.122190094811231 5.713399570919137 5.361631106899949 5.04938374372432 4.761485617633298 4.483356598107093 4.278671865162323 4.064730798279925 3.884706201999506 3.724762688048941 3.623321583589131 3.456120298520545 3.227278459096851 3.191031937756634 3.065968361668638 2.983984408194374 2.853945875453064 2.804329172260623 2.727193334645563 2.684755768175819 2.585258747956686 2.578051532087557 2.557062208576099 2.59539851912632 2.530254571116529 2.513645657078087 2.492039933602427 2.460117059875301 2.436285044095712 2.481212480364775 2.394849057156534 2.332710354676237 2.30639082511334 2.249557336681391 