# Created by Octave 3.8.2, Thu Jul 06 15:51:08 2017 BST <co1ssj@node117>
# name: result
# type: scalar struct
# ndims: 2
 1 1
# length: 3
# name: params
# type: scalar struct
# ndims: 2
 1 1
# length: 18
# name: cleanup
# type: scalar
0


# name: num_runs
# type: scalar
6


# name: dopamine
# type: scalar
0.7


# name: targetCross
# type: scalar
1


# name: targetLuminance
# type: scalar
0.3


# name: targetWidthX
# type: scalar
6


# name: targetWidthY
# type: scalar
2


# name: fixCross
# type: scalar
1


# name: fixLuminance
# type: scalar
0.2


# name: fixWidthX
# type: scalar
6


# name: fixWidthY
# type: scalar
2


# name: fixOn
# type: scalar
0


# name: targetOff
# type: scalar
1


# name: targetOn
# type: scalar
0.2


# name: fixOff
# type: scalar
0.2


# name: targetThetaX
# type: scalar
0


# name: targetThetaY
# type: scalar
-10


# name: exptnum
# type: scalar
0




# name: r_0_m10_G0_L0p3_D0p7_scsum
# type: matrix
# rows: 6
# columns: 600
 2.29908913473264 7.972960959246848 7.594247013999848 7.189526960559306 6.873930446854501 6.699288035484642 6.61455644481066 6.683245854874258 6.993600107605744 7.438869410263578 8.167033112935314 9.07357140150998 10.22393357080728 11.57657259877669 13.10050481047438 14.66719774710509 16.38872844765137 18.10185901567456 19.67900871166421 21.06744914048613 22.18477203630755 22.77579793754921 22.53139193965762 21.27061050310294 19.30559285487107 17.49427541897603 15.79331789120261 14.33588012631662 13.07452395736618 11.8997369230201 10.82524422894858 9.979744087984727 9.219352071486355 8.427962970155932 7.753946557240852 7.096472999022808 6.538935849970585 6.022191512987774 5.551568258822954 5.183437878629775 4.803108358194095 4.550802986323106 4.216710530941782 3.999754503882286 3.825558248895504 3.620424213009755 3.530809053245321 3.334375484602788 3.140269892326614 3.021852729390957 2.951770306981416 2.898572515165142 2.830442280675925 2.823835326764311 2.762883474718365 2.680501072904008 2.634977138346585 2.575801822233188 2.56572419488657 2.478499340842973 2.473564642656129 2.484381075075362 2.428980594319 2.411306168087322 2.448146591097611 2.399912884917285 2.367458349563094 2.386249810951995 2.352205777679046 2.319703723827843 2.339441651249217 2.351322356367746 2.311752288602293 2.350999964710354 2.263077457373583 2.230242522386106 2.190689699751601 2.234651304914223 2.209580973260017 2.189842438900087 2.210288689999288 2.205069474368429 2.245486382100353 2.266842204888235 2.233034363140177 2.290051707695966 2.26654002577925 2.254032295808429 2.252945945096144 2.284729856837657 2.268088784061547 2.235270320790733 2.239636322985461 2.195125183035998 2.208913778358692 2.228159660449819 2.174920360255783 2.20192530562781 2.2326607103887 2.30777389704599 2.269205695316487 2.269968994944065 2.296029435907258 2.252457174115989 2.234136920465971 2.254101637932763 2.259287245878113 2.286475914152106 2.278256134510229 2.268398589974822 2.220185079029761 2.22436936719896 2.25255815726814 2.259553377931297 2.318440869938058 2.308356855397506 2.345416699987254 2.357128071005718 2.29776097154172 2.255014248321459 2.312443666067338 2.305680726822175 2.305499416277598 2.281311995669967 2.290291292614711 2.278551275921018 2.25588776488803 2.263846422043571 2.258183924393961 2.271976378055115 2.331004018094973 2.309502561407498 2.3157453220457 2.346879577140498 2.302999094739789 2.350679748546099 2.341821336359317 2.281579667940605 2.266429002949735 2.273225454050589 2.278574523246789 2.274657421627126 2.243487718216784 2.204023825677723 2.252473378910508 2.254836570136831 2.248130676198343 2.259192341640301 2.215656491331174 2.214189947520936 2.193106679384073 2.22087996974733 2.14677986438619 2.189033410784759 2.204886400875694 2.223783708461269 2.212103918840285 2.203768922710879 2.201293996811728 2.144433642861259 2.204575426803785 2.231629594454716 2.275544471289322 2.287163568686083 2.322360951600785 2.346683805066277 2.290753484310699 2.19283359943438 2.194994228091673 2.175601816554263 2.165712615973462 2.217459969418996 2.216731727387014 2.228619620687823 2.182907967649953 2.1935819453156 2.249239417502395 2.249039334397821 2.276545025157247 2.298791697779961 2.267099544675148 2.27758444175015 2.272107884301022 2.314766084586154 2.300833993882407 2.30999345141754 2.276798672923178 2.264619186127675 2.23917206076294 2.26236477495695 2.305315023160802 2.301513536993298 2.296684409386216 2.254522588815234 2.258931659431255 2.28746638011944 2.318595337448642 2.347777722301544 2.304154686440597 2.294269076126511 2.321376667256118 2.296428885027126 2.2933219765182 2.275622079768254 2.31366306828204 2.360508574092819 2.309597053779726 2.26077132752107 2.192298072961421 2.192313204424863 2.208174590541603 2.207307600336208 2.241229135528556 2.284667003325012 2.273387133287542 2.23138152116735 2.241292526527104 2.206887250071304 2.215766588969927 2.242629388438218 2.224639802952879 2.272511167640914 2.309510069688258 2.291831008391455 2.28909027762711 2.307901638312615 2.329121465896606 2.427947056610719 2.409771823920892 2.404599600524307 2.405800186483248 2.380130637018738 2.360517784596595 2.369883912902878 2.368899729277473 2.318693318025908 2.247203150302084 2.285887013113097 2.317340081965085 2.325725960210548 2.312780507483694 2.37909077437871 2.405511400860632 2.432780302471656 2.398132752969104 2.397416417610657 2.397175211975991 2.364806140081782 2.338256691415154 2.37660619603048 2.339765482201983 2.3082705207853 2.298225088969048 2.284532520847279 2.294872755537654 2.29206158218949 2.309934730121313 2.335040574837876 2.259285738658946 2.213621417598915 2.247648744903927 2.30882692956402 2.276557439785392 2.327412382976036 2.27829009236666 2.317154747521272 2.332872241946461 2.314079703275638 2.289032291591866 2.274534201569622 2.321650401529041 2.339304237975739 2.362480554762442 2.37853480175545 2.369341601104679 2.438015551111675 2.394480855193251 2.339715273876209 2.34542883256654 2.414319659575995 2.426930856818217 2.52672040685502 2.666832606795651 2.880907234932238 3.061871780642832 3.299131488605781 3.690260135481367 4.146125470853804 4.627329141250812 5.166275818679424 5.779429709466058 6.469945960598125 7.129865833136137 7.881010608289216 8.693348333399626 9.493417833764397 10.40498839763313 11.27898007381373 12.1826670039045 13.14975634218717 14.09190858945658 15.03429158672952 16.08657881295039 17.12612953640382 18.11021450267253 19.04603356411462 20.04936939742038 21.02279232734145 22.0581065054248 22.98903959427116 23.92405986811355 24.87933957722998 25.8498020991974 26.83181007537496 27.79596884828425 28.74106058038888 29.68530832908436 30.59041380016242 31.40442347054704 32.19990588981454 33.06223395986126 33.87162128042473 34.56478835855523 35.286684701794 35.97249602776355 36.64217423224909 37.29908799034456 38.02875665344618 38.67388021801526 39.26885534548637 39.8180463759636 40.30482690599092 40.80744993425105 41.24438692289186 41.68064367100305 41.57401028207823 38.08284783041745 34.49557759516028 31.24864810057625 28.36510760436431 25.7469895129143 23.45377288774398 21.32784705063386 19.37773262483643 17.67518165882939 16.05909188681835 14.60734641071758 13.41407317780249 12.31751790415365 11.36259241078369 10.49434173309055 9.612382193652593 8.902065188915003 8.238123910166905 7.640642584588932 7.054706291159164 6.574464548248216 6.201909928950045 5.781049519988301 5.47181243164232 5.119808400508191 4.837503399903653 4.598942900280235 4.312318317608515 4.121972331799043 3.895827527812799 3.756312848803645 3.57090311448701 3.450452357643371 3.392667654959951 3.242412757048442 3.159586984576833 3.082459458822996 2.997509579312464 2.880660716629791 2.841313622893722 2.765642979917175 2.706291501748638 2.674039763856854 2.628706178442371 2.621429632587024 2.576440929111413 2.498194386822433 2.512761857360601 2.509375089990499 2.49668787653718 2.490074985298634 2.500414259277022 2.439037906249723 2.363867366715567 2.353340962752554 2.354433573067581 2.365086933059501 