# Created by Octave 3.8.2, Thu Jul 06 15:51:13 2017 BST <co1ssj@node117>
# name: result
# type: scalar struct
# ndims: 2
 1 1
# length: 3
# name: params
# type: scalar struct
# ndims: 2
 1 1
# length: 18
# name: cleanup
# type: scalar
0


# name: num_runs
# type: scalar
6


# name: dopamine
# type: scalar
0.7


# name: targetCross
# type: scalar
1


# name: targetLuminance
# type: scalar
0.3


# name: targetWidthX
# type: scalar
6


# name: targetWidthY
# type: scalar
2


# name: fixCross
# type: scalar
1


# name: fixLuminance
# type: scalar
0.2


# name: fixWidthX
# type: scalar
6


# name: fixWidthY
# type: scalar
2


# name: fixOn
# type: scalar
0


# name: targetOff
# type: scalar
1


# name: targetOn
# type: scalar
0.2


# name: fixOff
# type: scalar
0.2


# name: targetThetaX
# type: scalar
0


# name: targetThetaY
# type: scalar
-7


# name: exptnum
# type: scalar
0




# name: r_0_m7_G0_L0p3_D0p7_scsum
# type: matrix
# rows: 6
# columns: 600
 2.246703234788583 8.067131126081222 7.616543120029746 7.167874129612755 6.893903889826106 6.650754040616448 6.528788089941372 6.675719943159493 6.917440143803105 7.453747155319434 8.190886224772839 9.226444974039623 10.36005324497455 11.68673890738137 13.21861364258075 14.70506428490262 16.32187324792176 18.0230587282058 19.59476043986797 21.00798804029182 22.12590982225083 22.78086962892849 22.5779954062964 21.36355687247851 19.39348420033639 17.60770923410018 15.99834896498942 14.55016477802565 13.26292959447164 12.09119565531728 11.06526206657145 10.14655422459327 9.245657575731457 8.520316973263107 7.824032449854712 7.236772724945695 6.707761054276489 6.219034377070784 5.844800813829352 5.44896242519826 5.048452000308316 4.729637331902268 4.44152073157602 4.241886293631978 3.981337002362125 3.851385804522579 3.698101855219647 3.502335033754207 3.333352276400547 3.259619272041164 3.16243932658108 2.988980837044437 2.89594748534364 2.818672398119816 2.739319669432007 2.631665853994491 2.667569332086714 2.608417385008579 2.555123245118921 2.614811603525595 2.550267739447008 2.480241715631564 2.505352196210879 2.50294855125685 2.502363120649534 2.495403641720259 2.498111763325142 2.457620186323766 2.540295779079315 2.461320527261705 2.473442086600699 2.451419906363299 2.449064636493858 2.373202833525283 2.376594819803358 2.397036707481675 2.40461184146443 2.445015357433817 2.430868908970297 2.447641039543669 2.365349956635328 2.36472847904588 2.414014228972519 2.363527119972787 2.350606401571895 2.418501622254553 2.369562437386776 2.401921830307401 2.363872383197304 2.378956111968364 2.394408652846323 2.461419460480101 2.405881318685715 2.386663881137792 2.319582274561981 2.299838864797493 2.248877289748634 2.238531678205618 2.207336210987705 2.228043050716224 2.212081946248873 2.220072711286775 2.218775697627279 2.257193804631243 2.215840197437501 2.181122092888472 2.197291112375751 2.212702057957358 2.246016443408735 2.214118259464158 2.257190505911751 2.244879246798519 2.236563440463215 2.208087781280483 2.196840874480586 2.243321935289714 2.241362033162659 2.279253937238536 2.263091790380713 2.237701682697661 2.266511016733602 2.282315272470441 2.236131669251336 2.243819594863453 2.235048786555126 2.238533655763604 2.21876274816168 2.209402976455749 2.273272355329482 2.285413526729826 2.258696682074515 2.247892610830604 2.234281833101704 2.259381159637996 2.249493219345823 2.27645473545499 2.275121727965598 2.280190805606253 2.286519006098388 2.284757005087158 2.31276189442724 2.298606350654154 2.291656095505459 2.272092594537753 2.379564519800624 2.392864902762085 2.370905485720868 2.36118303740659 2.304198242389248 2.309261565518682 2.295996392829693 2.309107271135872 2.310628779574472 2.289651045831761 2.245941446639335 2.290553567774623 2.266417757175077 2.252923815050963 2.22243090523034 2.213789876584997 2.176983803590701 2.180942882267118 2.196366579952155 2.186541289280285 2.14637808794032 2.124001116533691 2.13784332457908 2.177471627688647 2.190487827353536 2.220316119277413 2.157026820877945 2.134459313161642 2.229417345428374 2.216086775850272 2.238680227044824 2.233293626151863 2.279315609906917 2.248406163467735 2.273187872502604 2.256087865273003 2.241935979220216 2.266204862367886 2.253177452066666 2.213034464748489 2.219594220623549 2.236750899348408 2.26097537728856 2.233044064407295 2.254890911804978 2.249901333430898 2.223880460664077 2.244199174048845 2.216292589513614 2.186772676428518 2.173854509463126 2.21798273688546 2.274019651933486 2.308315805687016 2.337889214257302 2.329378768125025 2.35036247431708 2.327688527650025 2.3187796521579 2.340437183411268 2.35233840854653 2.369636939420161 2.346960734386812 2.35914480365318 2.352180655423581 2.333153084837249 2.292067129543284 2.371251040156494 2.384408263849764 2.405353780734004 2.427428501461691 2.444672744104537 2.448920599072153 2.426859452596545 2.445114040077897 2.443304557971715 2.399997686297866 2.409583635460876 2.368010228943604 2.365790484007448 2.407856149697182 2.458050876644847 2.437624877402413 2.420115900560631 2.428499066962104 2.435522490100993 2.402808415045001 2.336226900282782 2.329713169005117 2.360035135796352 2.311454743292416 2.249534456714173 2.254074136904819 2.285021410443733 2.304210021287872 2.269831708592392 2.353323263199854 2.362971008195018 2.402633870689897 2.389024186886672 2.447118801130273 2.408693779558234 2.407317175900971 2.405219781998312 2.373174561846099 2.347153275533856 2.317372310084465 2.343874228849018 2.287557223913609 2.324289776028309 2.281463827373955 2.292470516222238 2.237470873114944 2.241870109715819 2.331976785848383 2.284298102687899 2.284850043841288 2.318187283606676 2.307721440358364 2.278862184230093 2.258912070776205 2.249006179841672 2.227810784388566 2.155207120518753 2.180076715536416 2.209390615149459 2.18234875644157 2.166588254673115 2.168715449559386 2.185192389610165 2.177579563540348 2.188638851868745 2.170478983858629 2.199628936097724 2.116644597299455 2.147008531411302 2.196123809420897 2.34238016153904 2.427728415750607 2.528644273726968 2.636836954796308 2.82506244238175 3.066635873565247 3.342228919300396 3.647269219851296 4.015474354317121 4.420698992158577 4.831418364972706 5.213051614224241 5.700512564322707 6.295602974802023 6.822310928066145 7.368044419499711 7.942970664516906 8.532331354181224 9.183957999721315 9.800647510111958 10.46798175616277 11.03529858084221 11.65267620501254 12.22851021071983 12.89173767953253 13.53182551345526 14.11623108198546 14.75648921542961 15.34725663896461 15.93237648900686 16.49389894890828 17.06223798596329 17.52714678322809 18.01587702546749 18.62122768870904 19.12948882413548 19.62281299180177 20.17236688339426 20.59013299360595 21.04239571563085 21.48667805771765 21.88746321883082 22.34659460604598 22.65567430695955 23.06835993215282 23.44430367270979 23.7973195874074 24.08022587711821 24.29442845992889 24.59448360355009 24.83385872460349 25.06914131578378 25.21269130694418 25.34467396963009 25.48181900395866 25.59550698615203 25.72271040320993 25.76396533610205 25.78068646702013 25.74404280653107 25.76397241576706 25.68912437301333 25.64167685809298 25.52380574764538 25.3568011717216 25.27915891606426 25.13411789371457 24.97696127179188 24.82310616582981 24.64537120752721 24.46144726993225 24.21588701548171 23.95425945934221 23.13391888766819 21.26635065712071 19.3254355529134 17.65422370861779 16.12780565370122 14.78267261549991 13.51977809273376 12.31576325786409 11.33873356901313 10.43662518713609 9.591939242120134 8.889497225463856 8.25773852365819 7.63297398377108 7.114041957698646 6.617512699951476 6.181597266004246 5.82085596890829 5.470282853559183 5.237148602402158 4.924431202700362 4.653186485316837 4.398754032921715 4.130005663675547 3.988562532513242 3.851796051807469 3.682000415043149 3.555344557309581 3.434506377205253 3.284269822295755 3.203690554826608 3.018359167461313 2.952396616230544 2.92494996667665 2.905737539727852 2.887953914505488 2.812143501847459 2.721309804059274 