# Created by Octave 3.8.2, Thu Jul 06 15:51:08 2017 BST <co1ssj@node117>
# name: result
# type: scalar struct
# ndims: 2
 1 1
# length: 3
# name: params
# type: scalar struct
# ndims: 2
 1 1
# length: 18
# name: cleanup
# type: scalar
0


# name: num_runs
# type: scalar
6


# name: dopamine
# type: scalar
0.7


# name: targetCross
# type: scalar
1


# name: targetLuminance
# type: scalar
0.3


# name: targetWidthX
# type: scalar
6


# name: targetWidthY
# type: scalar
2


# name: fixCross
# type: scalar
1


# name: fixLuminance
# type: scalar
0.2


# name: fixWidthX
# type: scalar
6


# name: fixWidthY
# type: scalar
2


# name: fixOn
# type: scalar
0


# name: targetOff
# type: scalar
1


# name: targetOn
# type: scalar
0.2


# name: fixOff
# type: scalar
0.2


# name: targetThetaX
# type: scalar
0


# name: targetThetaY
# type: scalar
-17


# name: exptnum
# type: scalar
0




# name: r_0_m17_G0_L0p3_D0p7_scsum
# type: matrix
# rows: 6
# columns: 600
 2.279346361166972 8.028344259582809 7.575089483423653 7.213941305999469 6.825085515654791 6.583684194709349 6.512594975078173 6.581261382292723 6.867940942422479 7.425475186893891 8.155316507054522 9.158717986549163 10.38494374131551 11.6364770893997 13.14041778795581 14.78585254184873 16.43983160665084 18.1118414425564 19.76496837229206 21.23896343362139 22.35999719938263 22.97716964069696 22.80087412863941 21.50912369742582 19.40816895019816 17.55855100414919 15.95475483474729 14.49688727483954 13.20076182015328 12.00791061719792 10.99890078598401 10.00393749247451 9.146921344145085 8.453263175368193 7.760339867183575 7.232305189434555 6.627677016545931 6.191983926764806 5.728374794261981 5.3655721192481 4.93659900547209 4.648821956165193 4.391018774855183 4.218501633848064 4.009945240346497 3.791117741566268 3.612295222024841 3.382962047820911 3.277227151826082 3.167893576914594 3.096328050989541 3.02809838772373 2.960048533963345 2.859985523286014 2.802225938095944 2.714597952868644 2.641829741638503 2.603708353861293 2.576206711022678 2.526811829549843 2.51365724603238 2.461585966870189 2.408928519382243 2.373362563846058 2.385099570892635 2.378085840264248 2.427696729813761 2.412980683613569 2.408574653742107 2.388108773309796 2.358768140908069 2.308448917487112 2.262283063277209 2.306518053883337 2.259137103355897 2.296405700208197 2.289033006411046 2.263078025549476 2.297774957514775 2.331108491474879 2.330336367405835 2.322489311725803 2.313085345205764 2.321242845817324 2.311016351006401 2.293031073721068 2.266987716437143 2.265951726945787 2.316066033807147 2.303821307486942 2.278519458614028 2.244823831324538 2.214304005439772 2.240138587279944 2.245413896398532 2.287923917170701 2.291065244768106 2.354179009053041 2.331642938603181 2.341610748895619 2.356881805200828 2.300164770637821 2.377953690891445 2.403691487379547 2.337684564045048 2.331282960625686 2.299719112164894 2.313523651981086 2.319315774842835 2.317198090946476 2.335195152300003 2.323172195661755 2.298521153039474 2.238302509062123 2.130495147255715 2.136451319518528 2.145088178425794 2.123612972780393 2.215709243810124 2.262682391476119 2.30293444707786 2.352587875608151 2.371697401533311 2.32527999150625 2.278294403302425 2.28875668119781 2.350193620753998 2.308112978840654 2.303068572175107 2.266739945316658 2.285908652555008 2.278213606121426 2.236336645783013 2.277255782777502 2.185615276037424 2.142969490083487 2.155033383001864 2.097033962032583 2.106055459858908 2.148667847458455 2.154592740942462 2.126716086117085 2.189713553310867 2.199467149635893 2.179500622785781 2.215701563380208 2.215995968872448 2.263046026862867 2.287042444266262 2.353360843673727 2.317684833182284 2.342605963975075 2.350488067892002 2.361644475538924 2.377676572006749 2.330928302242683 2.282832448243425 2.31221909008309 2.284152696756792 2.248071274802896 2.2614812025422 2.345704910036147 2.298561682382569 2.272028873972886 2.259432674080017 2.246892031680545 2.246254399120517 2.215285235230112 2.225168400378607 2.219193118740804 2.270339103429251 2.280812998516922 2.202144041992142 2.225910402872614 2.204577671895095 2.213900263015603 2.224767350107868 2.230970179225551 2.274283407372423 2.225090654199448 2.244630990622682 2.290745565781435 2.252330330200493 2.265383272359031 2.227754068182549 2.166766840851778 2.127190897335822 2.127148713429051 2.159501002837715 2.25805795337692 2.207377962766259 2.190829550960188 2.14654361535213 2.168042181932833 2.201970747024461 2.262894324945592 2.311680661379796 2.295087952785252 2.327943286160007 2.314894019211351 2.264213656188076 2.277509083003679 2.315877208915481 2.297757398970134 2.313244514960388 2.314007743108959 2.257616965987836 2.271975972733344 2.233005755610066 2.282724838361901 2.280733701452846 2.272849532775581 2.232062061608303 2.258969382102805 2.292309926437156 2.304066099495685 2.306122433165001 2.299872435040015 2.252358037247177 2.260683119910027 2.239222979946135 2.259114020847846 2.294358926897985 2.312345745740458 2.28667870433128 2.304439675714093 2.257838199882826 2.268942969742056 2.316058223525033 2.320375860042986 2.28443534471262 2.241950156316307 2.249122155993973 2.191685541562038 2.21993079731692 2.283454734357292 2.28126384364441 2.316319123492576 2.236700137850676 2.179378777062084 2.20634795006481 2.21086800230114 2.244787504700071 2.292288179785828 2.25637814415677 2.278714703927108 2.311727590396913 2.301296737205121 2.334437735008123 2.313943211214792 2.260649441002897 2.223107551137218 2.252866869421268 2.282910634825384 2.247741720442718 2.249182054387347 2.207523247121571 2.225745784340688 2.237980224417697 2.184215384153504 2.17804113276361 2.151697281660745 2.208063689391565 2.182002726411156 2.167933866025123 2.224056246068358 2.240342253158815 2.259106725749007 2.289699711171124 2.291968231547798 2.322036768218823 2.343004021658999 2.395084065406991 2.413602712542342 2.381077277761506 2.384727822922287 2.443077954849286 2.461177340592258 2.430060452570615 2.418525364835659 2.425941805782713 2.418346531405405 2.42673931639365 2.376530101002572 2.356584159766498 2.300886303564766 2.305297026097833 2.31395192934724 2.379811210499611 2.360222685791086 2.424272062431555 2.552590433719161 2.668181827040826 2.820824699003424 3.061352306183835 3.316790103167023 3.652774301197496 4.117022311754226 4.612916440804838 5.158483797997178 5.777113884119899 6.409900786446087 7.101546431294992 7.816922884117957 8.615334251633612 9.474479707042519 10.29169319160792 11.15302857578718 12.0781542323457 13.01207004350726 14.01326717095071 15.0599119395265 16.04004514855114 17.1490750626981 18.1735959776961 19.26443557930907 20.38209335206193 21.55009710567174 22.62654688740804 23.77203892904072 24.88132933906127 26.06188278630725 27.26013016441357 28.41704458445383 29.6374492236846 30.75248168236976 31.95619650782101 33.21992688547471 34.39001785237633 35.50805923184816 36.57754846549869 37.65277374679863 38.76222226630307 39.85211621702911 40.89852016887016 38.65626395579602 35.00300007635815 31.70448067961297 28.76265339745623 26.1233903222419 23.76165042802495 21.66256922728644 19.69102183295036 17.98969976884837 16.38371376712166 14.92748233961174 13.66475575678487 12.52602892293362 11.41189733640931 10.5454243848726 9.715076931610383 8.956885731517104 8.258558963898395 7.616242350486573 7.072659668541746 6.623349469296954 6.212915754575079 5.842174841731321 5.495858332513308 5.199235474294255 4.915295849088579 4.583523495988629 4.344057879246975 4.096386849734699 3.961509382497752 3.817938226515253 3.674483409733512 3.536063587576791 3.376575587091793 3.226182228700054 3.130694511033653 3.009020129669807 2.936173493388196 2.866689071286601 2.802683659021568 2.711193358009041 2.634713231089336 2.576035476417019 2.587954165945121 2.584926308431022 2.582339295615384 2.532289161867084 2.491403199130218 2.486192029702579 2.552228802633181 2.519049139817071 2.430795551823394 2.38532430788473 2.40957584415446 2.343889305715493 2.360165617537859 2.313597027517972 