# Created by Octave 3.8.2, Thu Jul 06 15:51:08 2017 BST <co1ssj@node117>
# name: result
# type: scalar struct
# ndims: 2
 1 1
# length: 3
# name: params
# type: scalar struct
# ndims: 2
 1 1
# length: 18
# name: cleanup
# type: scalar
0


# name: num_runs
# type: scalar
6


# name: dopamine
# type: scalar
0.7


# name: targetCross
# type: scalar
1


# name: targetLuminance
# type: scalar
0.3


# name: targetWidthX
# type: scalar
6


# name: targetWidthY
# type: scalar
2


# name: fixCross
# type: scalar
1


# name: fixLuminance
# type: scalar
0.2


# name: fixWidthX
# type: scalar
6


# name: fixWidthY
# type: scalar
2


# name: fixOn
# type: scalar
0


# name: targetOff
# type: scalar
1


# name: targetOn
# type: scalar
0.2


# name: fixOff
# type: scalar
0.2


# name: targetThetaX
# type: scalar
0


# name: targetThetaY
# type: scalar
-14


# name: exptnum
# type: scalar
0




# name: r_0_m14_G0_L0p3_D0p7_scsum
# type: matrix
# rows: 6
# columns: 600
 2.284173669984739 8.062431535538053 7.571183046242368 7.167505070035986 6.810273989853158 6.535362995186006 6.48744629167777 6.622410297924944 6.953220552764833 7.46638463848285 8.288854596252349 9.255413586113718 10.39000098898396 11.69369512108096 13.11281040297763 14.6607849144857 16.27151474401035 17.87486405270465 19.45577753573161 20.84145016060575 21.97113331394394 22.55887251937747 22.42915921178792 21.37832710711155 19.35642145464226 17.58424521459528 16.0616472219881 14.64197653026895 13.33406716679019 12.14519725749415 11.03161901324347 10.06613657695561 9.208313505800106 8.397600871187024 7.761322717371513 7.200227866691421 6.664648711732298 6.201895248581422 5.734571423457965 5.34051136844937 4.94492816967886 4.640485437368625 4.340161816051932 4.10258760209399 3.876966729600099 3.716835784329305 3.58537841812722 3.443556231890398 3.376220155994815 3.235971607420652 3.114552438892133 2.99857775055716 2.8410820736608 2.790599581755032 2.789229298014106 2.687227244066889 2.657038687650129 2.595248821322457 2.603561993644689 2.59259217352519 2.46935845160624 2.425676105071943 2.407221612631474 2.344892577071732 2.376240085106474 2.384369850486109 2.352431852250447 2.320104299811646 2.295776374849083 2.286377771208208 2.336346147349104 2.355367958654824 2.3831163041541 2.35097284783842 2.297434285155759 2.272090771999501 2.27058245443186 2.291946603338147 2.261441121189819 2.227402753625938 2.226719228183356 2.240740202345478 2.24013219774497 2.244092200202431 2.228998066117128 2.252520855290641 2.240499117171566 2.197466150373657 2.231111719589535 2.205691986247984 2.225492783392838 2.274171364460926 2.264880121882015 2.206152152553841 2.223123736577691 2.215177905775818 2.244472521706484 2.24237379735132 2.261789107105869 2.288635440490907 2.293543493296511 2.256086748180678 2.239214020475629 2.282978356470267 2.227132431142309 2.256051849384676 2.262683417757216 2.267109770740717 2.303410939288369 2.239743346319301 2.260091923555592 2.181346803743509 2.283141677329695 2.300169973364973 2.237094857882767 2.236642320283863 2.256418562385079 2.255246858345345 2.251636543762288 2.253560161036148 2.211078504984471 2.180839102809841 2.189662531709473 2.1741100453728 2.184379906306276 2.197511933707574 2.265353206137661 2.24811462420621 2.248349947723909 2.20197400566758 2.196308310780296 2.200847293293918 2.219774996483466 2.246370307770121 2.276209536852548 2.251083845654648 2.280486649247905 2.274033840571065 2.307045361303608 2.283863436936372 2.255306859042321 2.28517977978845 2.321332254958179 2.291034461261916 2.322452748703654 2.306436880018737 2.276633232493623 2.268966767180245 2.235624047447345 2.274885689730581 2.283322336261335 2.27987342225606 2.251949968282133 2.271304055813744 2.223027293995983 2.255882339981326 2.292751665154356 2.291034516114451 2.290705888583034 2.297332025871583 2.267797426662582 2.314222410321236 2.309013104906626 2.333948411238453 2.290395402422291 2.212055932450312 2.211865631534238 2.205314350081608 2.192506724557461 2.139127762638964 2.186037979015964 2.249532267469476 2.202864688493719 2.24226482139602 2.235175507346867 2.183056549773028 2.161020881221702 2.146096466407471 2.154816433085216 2.138626857835334 2.195770155391074 2.198340835555427 2.253054977169086 2.231868271286658 2.228760743921157 2.249424682711833 2.272069562186516 2.239395188724302 2.251601859155926 2.246349408604146 2.216732806136861 2.214591931787254 2.213907903478685 2.253601429190894 2.251823378181143 2.203890990800573 2.237889741991239 2.265752557053929 2.24667354405392 2.266619026721855 2.325891820179095 2.322755182215587 2.289526473276055 2.297080899730645 2.28283698343148 2.351813515237154 2.384829064776568 2.352701201147283 2.349621698926057 2.380028623294493 2.404463716091414 2.382470360300431 2.356719991916179 2.329011122965312 2.366130238311598 2.399354811786907 2.42662628045764 2.410425831199973 2.381076038771425 2.369776089686638 2.304356823889975 2.290084971615215 2.275256760869524 2.266864008452103 2.274262424187327 2.238373134543508 2.280850793948048 2.274543393094064 2.267558075065608 2.277945802186878 2.246669972952077 2.277742379046686 2.263910781824961 2.290125498868292 2.279789887084917 2.304212308321439 2.321689767770295 2.327004178139759 2.300835359301345 2.331937120774455 2.380854204386196 2.379836854892346 2.357189484235278 2.374258738807839 2.344492141914088 2.369609351428153 2.315266768353467 2.318641480023871 2.296305099609526 2.27657825442293 2.309347082471504 2.275580054822058 2.281825888589083 2.269945162603108 2.289896111826238 2.321314165550575 2.355760058439046 2.325209179907688 2.30537305596954 2.290451170341839 2.291265949264925 2.281380304957565 2.275338518767967 2.32669292022365 2.280772825506574 2.286781164362765 2.252806788124872 2.299647535943222 2.346535010268781 2.270812004248 2.232927357301378 2.286048945403309 2.29591818546578 2.35921429138034 2.386778023115767 2.365765508875484 2.386373305460438 2.346090084557545 2.301704607245483 2.265675155642384 2.221925528756401 2.253447048711678 2.305997855450187 2.336535326649027 2.355597416470118 2.316710088660329 2.366900987486588 2.407880643026147 2.443014486772881 2.559043781198852 2.734158694202051 2.919677638161374 3.11542898996413 3.387519083240477 3.724970618663065 4.135366233804234 4.624194137157247 5.087614487840256 5.659410181622661 6.245195553288795 6.893039771915937 7.583714010801486 8.374630395903296 9.163364281552276 9.971555155578244 10.80504017299245 11.71010843413933 12.60703692096286 13.55243678841907 14.51504379608377 15.5330956463531 16.51496943401435 17.44971387599435 18.42801911649531 19.35655350741217 20.21188907340547 21.10186747635089 22.03813858805552 22.89024476108898 23.72776658616203 24.53513149775972 25.30415360491315 25.99461065780633 26.67060122463954 27.3048171463779 27.84454761964662 28.45491946485708 29.02565407178918 29.5152612412694 29.99729255256534 30.49385187850567 30.9242450222373 31.30272588328808 31.70895375998589 32.12091821664217 32.56496635046278 31.82611279729463 28.82159720054187 26.14674919131539 23.75648374399316 21.60818483130788 19.68208279419741 17.92876943324518 16.3475485519939 14.9616981600193 13.70298022187126 12.51027782446181 11.50108634112257 10.56691773732746 9.779584636522486 8.939756224854136 8.277927276365517 7.650616071568948 7.177991953310084 6.676888532194425 6.23102408340128 5.914379345013003 5.517561914304679 5.207117499798187 4.850196793337091 4.535730297393457 4.280786547747994 4.089541409506637 3.919255652363063 3.766514128557901 3.583775212297041 3.461283670811099 3.340992139794253 3.205396921377542 3.096225686203979 3.022571004577912 2.90117095378082 2.901831080303964 2.868522594935712 2.761046606652599 2.6550706539565 2.631474616477135 2.597068960370962 2.548804133228259 2.519647240333143 2.468396615458914 2.398010101405816 2.431100396162947 2.366845934469893 2.307279316572476 2.278083916220567 2.275488727980701 2.251806632099033 2.304942752994975 2.340150706746499 2.280854738848575 2.303311950858188 2.317256507374623 